332 1173 370 1173 370 1184 332 1184
848 728 874 728 874 740 848 740
367 379 383 379 383 394 367 394
846 769 875 769 875 785 846 785
762 567 793 567 793 583 762 583
763 367 794 367 794 384 763 384
686 1283 717 1283 717 1300 686 1300
616 850 653 850 653 867 616 867
813 728 838 728 838 746 813 746
198 597 230 597 230 615 198 615
552 1356 572 1356 572 1374 552 1374
688 1101 717 1101 717 1119 688 1119
541 1075 592 1075 592 1093 541 1093
202 618 222 618 222 638 202 638
834 1095 854 1095 854 1115 834 1115
414 647 435 647 435 667 414 667
267 1285 291 1285 291 1305 267 1305
906 616 929 616 929 637 906 637
271 557 295 557 295 578 271 578
271 883 291 883 291 905 271 905
210 357 226 357 226 379 210 379
413 1085 431 1085 431 1107 413 1107
410 904 431 904 431 926 410 926
900 1049 924 1049 924 1071 900 1071
761 472 799 472 799 494 761 494
421 367 432 367 432 389 421 389
910 309 932 309 932 332 910 332
834 528 857 528 857 551 834 551
629 603 640 603 640 626 629 626
129 339 165 339 165 362 129 362
137 627 151 627 151 651 137 651
544 1144 578 1144 578 1168 544 1168
767 753 785 753 785 777 767 777
410 813 431 813 431 837 410 837
894 682 938 682 938 706 894 706
346 441 363 441 363 466 346 466
207 819 226 819 226 844 207 844
904 554 925 554 925 579 904 579
844 742 874 742 874 767 844 767
822 1193 870 1193 870 1218 822 1218
552 852 574 852 574 877 552 877
811 748 843 748 843 773 811 773
487 601 506 601 506 627 487 627
487 385 508 385 508 411 487 411
265 619 308 619 308 645 265 645
191 952 205 952 205 978 191 978
338 1068 354 1068 354 1094 338 1094
273 906 292 906 292 932 273 932
185 921 210 921 210 947 185 947
553 406 583 406 583 432 553 432
631 573 652 573 652 599 631 599
769 537 792 537 792 563 769 563
204 382 230 382 230 408 204 408
403 1383 442 1383 442 1409 403 1409
687 502 727 502 727 528 687 528
273 1078 289 1078 289 1105 273 1105
557 378 575 378 575 405 557 405
630 340 650 340 650 367 630 367
554 741 574 741 574 768 554 768
214 880 243 880 243 907 214 907
267 705 303 705 303 732 267 732
895 488 937 488 937 515 895 515
225 1065 239 1065 239 1092 225 1092
287 258 317 258 317 285 287 285
407 1111 437 1111 437 1138 407 1138
829 390 868 390 868 417 829 417
269 347 310 347 310 374 269 374
193 788 234 788 234 815 193 815
909 412 928 412 928 440 909 440
692 1184 712 1184 712 1212 692 1212
267 1222 289 1222 289 1250 267 1250
407 839 436 839 436 867 407 867
847 840 878 840 878 868 847 868
623 1288 641 1288 641 1316 623 1316
824 581 863 581 863 609 824 609
555 537 574 537 574 565 555 565
225 1094 246 1094 246 1122 225 1122
132 655 153 655 153 683 132 683
760 338 799 338 799 366 760 366
224 960 235 960 235 989 224 989
330 522 368 522 368 551 330 551
823 552 863 552 863 581 823 581
411 306 455 306 455 335 411 335
405 723 450 723 450 752 405 752
275 494 292 494 292 523 275 523
694 560 713 560 713 589 694 589
417 339 440 339 440 368 417 368
621 1348 648 1348 648 1377 621 1377
625 370 656 370 656 399 625 399
762 383 795 383 795 412 762 412
551 1046 575 1046 575 1076 551 1076
267 972 304 972 304 1002 267 1002
397 1352 441 1352 441 1382 397 1382
282 640 296 640 296 670 282 670
770 442 790 442 790 472 770 472
271 671 302 671 302 701 271 701
753 1380 788 1380 788 1410 753 1410
265 818 301 818 301 848 265 848
231 1126 239 1126 239 1157 231 1157
771 411 787 411 787 442 771 442
903 1111 923 1111 923 1142 903 1142
201 848 229 848 229 879 201 879
225 1205 243 1205 243 1236 225 1236
336 1097 355 1097 355 1128 336 1128
763 894 786 894 786 925 763 925
844 815 881 815 881 846 844 846
204 534 220 534 220 565 204 565
184 979 210 979 210 1010 184 1010
546 1240 574 1240 574 1271 546 1271
283 226 319 226 319 257 283 257
271 423 311 423 311 454 271 454
683 891 724 891 724 922 683 922
401 868 446 868 446 899 401 899
193 689 227 689 227 721 193 721
124 536 160 536 160 568 124 568
479 443 516 443 516 475 479 475
217 1312 244 1312 244 1344 217 1344
266 519 301 519 301 552 266 552
896 1076 936 1076 936 1109 896 1109
619 402 661 402 661 435 619 435
542 1208 584 1208 584 1241 542 1241
191 502 238 502 238 535 191 535
838 459 854 459 854 492 838 492
219 988 245 988 245 1021 219 1021
685 1248 715 1248 715 1281 685 1281
263 847 300 847 300 880 263 880
685 585 731 585 731 618 685 618
225 1236 235 1236 235 1269 225 1269
626 1318 640 1318 640 1351 626 1351
333 669 363 669 363 702 333 702
757 1056 790 1056 790 1089 757 1089
199 753 233 753 233 786 199 786
686 710 722 710 722 743 686 743
197 721 234 721 234 754 197 754
407 567 447 567 447 600 407 600
400 1143 447 1143 447 1176 400 1176
270 999 297 999 297 1033 270 1033
761 782 790 782 790 816 761 816
684 1336 724 1336 724 1370 684 1370
193 561 233 561 233 595 193 595
122 921 171 921 171 955 122 955
683 994 732 994 732 1028 683 1028
853 786 864 786 864 820 853 820
485 413 505 413 505 447 485 447
619 537 655 537 655 571 619 571
687 1155 727 1155 727 1189 687 1189
129 954 171 954 171 988 129 988
539 1325 583 1325 583 1359 539 1359
401 530 449 530 449 564 401 564
702 523 716 523 716 558 702 558
129 460 158 460 158 495 129 495
617 1092 648 1092 648 1127 617 1127
897 977 931 977 931 1012 897 1012
121 420 163 420 163 455 121 455
403 782 442 782 442 817 403 817
892 338 935 338 935 373 892 373
820 988 867 988 867 1023 820 1023
255 1248 294 1248 294 1284 255 1284
540 920 582 920 582 956 540 956
258 1150 303 1150 303 1186 258 1186
688 738 721 738 721 774 688 774
258 782 307 782 307 818 258 818
549 813 575 813 575 850 549 850
342 309 373 309 373 346 342 346
685 386 723 386 723 423 685 423
618 1251 657 1251 657 1288 618 1288
687 425 726 425 726 462 687 462
613 811 654 811 654 848 613 848
896 1143 938 1143 938 1180 896 1180
894 1320 936 1320 936 1357 894 1357
898 376 941 376 941 413 898 413
693 1215 712 1215 712 1252 693 1252
818 685 837 685 837 722 818 722
546 1007 583 1007 583 1044 546 1044
334 592 373 592 373 629 334 629
615 865 655 865 655 902 615 902
824 1022 866 1022 866 1059 824 1059
258 227 281 227 281 264 258 264
128 496 159 496 159 533 128 533
825 1117 869 1117 869 1154 825 1154
682 856 728 856 728 893 682 893
545 504 591 504 591 541 545 541
825 1052 857 1052 857 1090 825 1090
895 1008 931 1008 931 1046 895 1046
260 1305 298 1305 298 1343 260 1343
327 751 366 751 366 789 327 789
609 1372 650 1372 650 1410 609 1410
755 924 798 924 798 962 755 962
541 1375 587 1375 587 1413 541 1413
682 675 729 675 729 713 682 713
897 576 931 576 931 614 897 614
480 337 522 337 522 375 480 375
696 921 709 921 709 960 696 960
753 1096 791 1096 791 1135 753 1135
325 885 370 885 370 924 325 924
751 818 797 818 797 857 751 857
829 309 877 309 877 348 829 348
223 1021 241 1021 241 1060 223 1060
846 683 879 683 879 722 846 722
686 817 725 817 725 856 686 856
756 630 797 630 797 669 756 669
894 642 937 642 937 681 894 681
682 1299 728 1299 728 1338 682 1338
827 488 860 488 860 527 827 527
338 1243 372 1243 372 1282 338 1282
755 855 794 855 794 894 755 894
197 461 238 461 238 500 197 500
692 463 717 463 717 503 692 503
332 557 370 557 370 597 332 597
404 492 445 492 445 532 404 532
838 1204 853 1204 853 1244 838 1244
275 1370 293 1370 293 1410 275 1410
183 883 213 883 213 923 183 923
764 494 795 494 795 534 764 534
548 648 587 648 587 688 548 688
892 1273 935 1273 935 1313 892 1313
274 933 291 933 291 974 274 974
273 582 299 582 299 623 273 623
126 825 162 825 162 866 126 866
547 560 586 560 586 601 547 601
687 1021 717 1021 717 1062 687 1062
612 1126 655 1126 655 1167 612 1167
680 1118 727 1118 727 1159 680 1159
400 1265 448 1265 448 1306 400 1306
763 669 785 669 785 710 763 710
336 704 362 704 362 745 336 745
126 784 164 784 164 825 126 825
328 786 370 786 370 827 328 827
903 443 929 443 929 485 903 485
332 628 372 628 372 670 332 670
894 844 936 844 936 886 894 886
830 1151 855 1151 855 1193 830 1193
274 303 304 303 304 345 274 345
549 605 587 605 587 647 549 647
274 1035 292 1035 292 1078 274 1078
415 744 436 744 436 787 415 787
833 1285 857 1285 857 1328 833 1328
404 1224 442 1224 442 1267 404 1267
616 1170 658 1170 658 1213 616 1213
260 1106 309 1106 309 1149 260 1149
611 1216 662 1216 662 1259 611 1259
687 1369 713 1369 713 1412 687 1412
551 339 587 339 587 382 551 382
266 455 305 455 305 498 266 498
408 444 453 444 453 487 408 487
904 706 922 706 922 749 904 749
127 739 151 739 151 782 127 782
410 597 439 597 439 640 410 640
751 1135 795 1135 795 1178 751 1178
890 1181 935 1181 935 1224 890 1224
262 733 304 733 304 777 262 777
887 888 931 888 931 932 887 932
269 377 314 377 314 421 269 421
610 673 651 673 651 717 610 717
754 707 805 707 805 751 754 751
343 471 364 471 364 516 343 516
621 711 648 711 648 756 621 756
747 1340 796 1340 796 1385 747 1385
823 1247 874 1247 874 1292 823 1292
836 608 850 608 850 653 836 653
547 876 577 876 577 921 547 921
325 926 367 926 367 971 325 971
891 802 937 802 937 847 891 847
405 392 454 392 454 437 405 437
898 511 934 511 934 556 898 556
757 1182 798 1182 798 1227 757 1227
824 634 872 634 872 679 824 679
258 1181 309 1181 309 1226 258 1226
829 414 867 414 867 460 829 460
403 1040 444 1040 444 1086 403 1086
542 769 591 769 591 815 542 815
353 346 362 346 362 392 353 392
755 588 802 588 802 634 755 634
757 1230 790 1230 790 1277 757 1277
829 346 865 346 865 393 829 393
399 672 444 672 444 719 399 719
888 930 933 930 933 977 888 977
222 912 239 912 239 959 222 959
544 1163 580 1163 580 1210 544 1210
684 1058 731 1058 731 1105 684 1105
627 1046 635 1046 635 1094 627 1094
772 1008 780 1008 780 1056 772 1056
127 369 164 369 164 417 127 417
401 1301 438 1301 438 1349 401 1349
338 1327 371 1327 371 1376 338 1376
685 338 729 338 729 387 685 387
132 687 152 687 152 736 132 736
618 432 661 432 661 481 618 481
684 943 731 943 731 992 684 992
324 973 373 973 373 1022 324 1022
191 1014 205 1014 205 1064 191 1064
544 1275 577 1275 577 1325 544 1325
326 1019 365 1019 365 1069 326 1069
401 932 442 932 442 982 401 982
194 410 236 410 236 460 194 460
623 758 643 758 643 808 623 808
893 1222 932 1222 932 1272 893 1272
546 454 587 454 587 504 546 504
193 642 234 642 234 692 193 692
897 752 926 752 926 803 897 803
617 627 653 627 653 678 617 678
893 1358 929 1358 929 1409 893 1409
684 774 731 774 731 825 684 825
332 390 378 390 378 442 332 442
204 302 228 302 228 355 204 355
482 544 508 544 508 597 482 597
550 687 579 687 579 740 550 740
621 481 660 481 660 534 621 534
548 952 577 952 577 1006 548 1006
474 629 511 629 511 683 474 683
622 898 648 898 648 952 622 952
407 1174 444 1174 444 1228 407 1228
559 1082 567 1082 567 1137 559 1137
228 1346 236 1346 236 1402 228 1402
129 863 177 863 177 919 129 919
684 616 725 616 725 675 684 675
752 961 798 961 798 1021 752 1021
822 870 864 870 864 931 822 931
818 927 865 927 865 988 818 988
749 1277 794 1277 794 1341 749 1341
