244 1005 264 1005 264 1018 244 1018
215 328 240 328 240 341 215 341
150 416 174 416 174 430 150 430
370 504 395 504 395 518 370 518
226 559 256 559 256 574 226 574
461 527 472 527 472 542 461 542
800 545 816 545 816 560 800 560
719 437 736 437 736 452 719 452
175 547 201 547 201 562 175 562
713 881 742 881 742 896 713 896
225 803 258 803 258 818 225 818
216 962 237 962 237 978 216 978
510 950 540 950 540 966 510 966
88 734 120 734 120 750 88 750
217 1039 233 1039 233 1056 217 1056
212 981 238 981 238 998 212 998
31 857 59 857 59 874 31 874
366 700 398 700 398 717 366 717
153 464 173 464 173 481 153 481
580 1126 601 1126 601 1143 580 1143
239 965 262 965 262 982 239 982
157 308 187 308 187 325 157 325
289 1393 306 1393 306 1410 289 1410
581 306 603 306 603 323 581 323
85 1284 113 1284 113 1301 85 1301
442 916 464 916 464 934 442 934
173 695 201 695 201 713 173 713
576 1390 604 1390 604 1408 576 1408
430 1272 466 1272 466 1290 430 1290
300 1174 319 1174 319 1192 300 1192
373 520 394 520 394 538 373 538
225 346 237 346 237 365 225 365
510 430 531 430 531 449 510 449
302 604 323 604 323 623 302 623
230 1221 251 1221 251 1240 230 1240
300 339 330 339 330 358 300 358
572 834 607 834 607 853 572 853
374 719 395 719 395 738 374 738
230 721 252 721 252 740 230 740
229 1367 256 1367 256 1386 229 1386
157 871 191 871 191 890 157 890
495 449 546 449 546 468 495 468
152 537 171 537 171 557 152 557
244 985 265 985 265 1005 244 1005
648 1054 670 1054 670 1074 648 1074
717 718 740 718 740 738 717 738
21 944 48 944 48 964 21 964
221 1314 257 1314 257 1334 221 1334
364 545 402 545 402 565 364 565
164 843 185 843 185 863 164 863
785 700 807 700 807 720 785 720
158 1354 182 1354 182 1375 158 1375
157 976 187 976 187 997 157 997
440 1364 459 1364 459 1385 440 1385
438 1244 460 1244 460 1265 438 1265
178 452 203 452 203 473 178 473
711 413 745 413 745 434 711 434
571 509 610 509 610 530 571 530
289 1288 330 1288 330 1309 289 1309
221 932 232 932 232 954 221 954
178 645 194 645 194 667 178 667
26 434 43 434 43 456 26 456
230 863 249 863 249 885 230 885
646 665 668 665 668 687 646 687
297 900 326 900 326 922 297 922
370 606 400 606 400 628 370 628
182 593 199 593 199 615 182 615
515 725 533 725 533 747 515 747
154 557 174 557 174 579 154 579
178 517 207 517 207 539 178 539
175 621 206 621 206 643 175 643
363 313 405 313 405 335 363 335
248 342 267 342 267 365 248 365
786 918 809 918 809 941 786 941
431 1344 463 1344 463 1367 431 1367
566 1257 609 1257 609 1280 566 1280
14 1363 58 1363 58 1386 14 1386
218 1056 231 1056 231 1079 218 1079
160 1296 176 1296 176 1319 160 1319
233 1166 251 1166 251 1189 233 1189
516 1034 539 1034 539 1057 516 1057
299 848 326 848 326 871 299 871
367 837 397 837 397 860 367 860
158 513 169 513 169 536 158 536
441 1060 464 1060 464 1083 441 1083
161 924 186 924 186 947 161 947
220 401 247 401 247 424 220 424
440 1323 471 1323 471 1346 440 1346
364 888 398 888 398 911 364 911
150 1385 194 1385 194 1408 150 1408
774 337 818 337 818 360 774 360
733 216 755 216 755 240 733 240
91 352 115 352 115 376 91 376
564 886 610 886 610 910 564 910
301 1122 316 1122 316 1146 301 1146
516 1058 535 1058 535 1082 516 1082
167 782 181 782 181 807 167 807
220 305 235 305 235 330 220 330
34 765 50 765 50 790 34 790
28 829 53 829 53 854 28 854
514 1079 542 1079 542 1104 514 1104
239 1057 271 1057 271 1082 239 1082
640 1177 672 1177 672 1202 640 1202
85 376 127 376 127 401 85 401
306 1303 320 1303 320 1328 306 1328
780 310 805 310 805 335 780 335
20 373 49 373 49 398 20 398
640 1390 669 1390 669 1415 640 1415
97 397 120 397 120 422 97 422
573 572 603 572 603 597 573 597
642 1255 674 1255 674 1280 642 1280
305 732 342 732 342 757 305 757
516 890 533 890 533 916 516 916
648 1230 671 1230 671 1256 648 1256
717 940 742 940 742 966 717 966
713 381 740 381 740 407 713 407
434 381 469 381 469 407 434 407
80 1384 115 1384 115 1410 80 1410
433 1386 469 1386 469 1412 433 1412
292 921 334 921 334 947 292 947
166 951 182 951 182 977 166 977
582 619 599 619 599 645 582 645
232 1387 253 1387 253 1413 232 1413
176 666 204 666 204 692 176 692
635 1111 678 1111 678 1137 635 1137
233 658 249 658 249 685 233 685
785 638 803 638 803 665 785 665
153 625 172 625 172 652 153 652
177 565 201 565 201 592 177 592
441 1006 470 1006 470 1033 441 1033
571 1324 601 1324 601 1351 571 1351
572 951 603 951 603 978 572 978
289 1233 327 1233 327 1260 289 1260
776 489 816 489 816 516 776 516
154 485 171 485 171 512 154 512
301 540 318 540 318 567 301 567
440 855 460 855 460 882 440 882
297 1259 320 1259 320 1286 297 1286
595 446 625 446 625 473 595 473
293 820 329 820 329 847 293 847
361 808 398 808 398 835 361 835
639 1370 677 1370 677 1397 639 1397
222 1092 266 1092 266 1119 222 1119
569 979 616 979 616 1006 569 1006
444 1186 461 1186 461 1213 444 1213
229 744 256 744 256 771 229 771
298 307 325 307 325 334 298 334
150 996 192 996 192 1023 150 1023
372 744 393 744 393 772 372 772
297 627 328 627 328 655 297 655
437 1032 471 1032 471 1060 437 1060
428 309 470 309 470 337 428 337
649 605 662 605 662 633 649 633
305 873 322 873 322 901 305 901
579 1002 601 1002 601 1030 579 1030
226 773 261 773 261 801 226 801
782 402 821 402 821 430 782 430
575 645 604 645 604 674 575 674
434 409 467 409 467 438 434 438
225 435 258 435 258 464 225 464
640 799 675 799 675 828 640 828
713 848 748 848 748 877 713 877
497 526 543 526 543 555 497 555
252 369 266 369 266 398 252 398
375 859 393 859 393 888 375 888
247 307 267 307 267 336 247 336
645 725 672 725 672 754 645 754
512 967 542 967 542 996 512 996
776 606 814 606 814 635 776 635
570 1194 616 1194 616 1223 570 1223
250 398 273 398 273 428 250 428
363 628 399 628 399 658 363 658
638 694 682 694 682 724 638 724
156 433 169 433 169 463 156 463
648 347 673 347 673 377 648 377
283 1360 312 1360 312 1390 283 1390
214 368 244 368 244 398 214 398
444 973 474 973 474 1003 444 1003
642 857 673 857 673 887 642 887
293 1327 325 1327 325 1357 293 1357
436 1082 471 1082 471 1112 436 1112
290 1062 328 1062 328 1092 290 1092
502 1102 544 1102 544 1132 502 1132
777 728 819 728 819 758 777 758
290 1092 332 1092 332 1122 290 1122
288 660 337 660 337 690 288 690
24 1298 39 1298 39 1328 24 1328
508 914 540 914 540 944 508 944
152 328 192 328 192 358 152 358
223 886 258 886 258 917 223 917
89 602 126 602 126 633 89 633
502 563 544 563 544 594 502 594
636 889 680 889 680 920 636 920
717 746 741 746 741 777 717 777
89 833 121 833 121 864 89 864
575 412 609 412 609 443 575 443
292 1143 326 1143 326 1174 292 1174
224 1248 262 1248 262 1279 224 1279
708 780 748 780 748 811 708 811
571 1097 611 1097 611 1128 571 1128
17 341 62 341 62 372 17 372
720 311 739 311 739 343 720 343
795 806 815 806 815 838 795 838
22 1330 43 1330 43 1362 22 1362
93 424 122 424 122 456 93 456
504 399 538 399 538 431 504 431
177 416 203 416 203 448 177 448
572 800 603 800 603 832 572 832
362 909 403 909 403 941 362 941
232 1333 249 1333 249 1365 232 1365
85 1251 114 1251 114 1283 85 1283
20 454 52 454 52 486 20 486
711 967 743 967 743 999 711 999
779 941 816 941 816 973 779 973
645 1078 683 1078 683 1110 645 1110
772 517 816 517 816 549 772 549
166 890 184 890 184 923 166 923
23 1231 43 1231 43 1264 23 1264
434 879 467 879 467 912 434 912
568 1357 610 1357 610 1390 568 1390
10 1269 63 1269 63 1302 10 1302
154 654 168 654 168 687 154 687
507 862 533 862 533 895 507 895
175 476 204 476 204 509 175 509
367 418 403 418 403 451 367 451
80 1166 122 1166 122 1199 80 1199
640 1201 682 1201 682 1234 640 1234
577 852 608 852 608 886 577 886
438 1211 471 1211 471 1245 438 1245
88 867 122 867 122 901 88 901
227 1280 261 1280 261 1314 227 1314
712 648 747 648 747 682 712 682
571 765 607 765 607 799 571 799
641 956 686 956 686 990 641 990
518 1000 535 1000 535 1034 518 1034
719 341 737 341 737 375 719 375
785 840 807 840 807 874 785 874
226 685 260 685 260 719 226 719
366 386 403 386 403 420 366 420
13 1379 57 1379 57 1413 13 1413
82 565 135 565 135 599 82 599
303 758 318 758 318 792 303 792
442 1290 461 1290 461 1324 442 1324
152 1317 186 1317 186 1351 152 1351
25 637 62 637 62 671 25 671
18 401 61 401 61 435 18 435
638 310 682 310 682 344 638 344
239 928 272 928 272 963 239 963
640 1018 673 1018 673 1053 640 1053
157 805 191 805 191 840 157 840
575 1220 611 1220 611 1255 575 1255
225 1187 262 1187 262 1222 225 1222
640 991 678 991 678 1026 640 1026
502 592 547 592 547 627 502 627
635 1336 682 1336 682 1371 635 1371
212 1002 239 1002 239 1037 212 1037
155 756 194 756 194 791 155 791
573 589 615 589 615 624 573 624
300 1196 319 1196 319 1232 300 1232
650 825 671 825 671 861 650 861
28 906 51 906 51 942 28 942
293 1029 336 1029 336 1065 293 1065
288 786 336 786 336 822 288 822
96 904 115 904 115 940 96 940
516 747 537 747 537 783 516 783
85 1307 118 1307 118 1343 85 1343
85 1224 121 1224 121 1260 85 1260
79 1198 110 1198 110 1234 79 1234
638 630 678 630 678 666 638 666
433 250 474 250 474 286 433 286
502 834 543 834 543 870 502 870
83 1345 125 1345 125 1381 83 1381
772 664 816 664 816 700 772 700
36 538 44 538 44 575 36 575
152 584 170 584 170 621 152 621
372 772 393 772 393 809 372 809
578 1030 602 1030 602 1067 578 1067
293 567 330 567 330 604 293 604
710 811 750 811 750 848 710 848
577 471 620 471 620 508 577 508
82 1036 133 1036 133 1073 82 1073
150 377 174 377 174 414 150 414
176 376 202 376 202 413 176 413
711 680 745 680 745 717 711 717
641 433 676 433 676 470 641 470
779 366 818 366 818 403 779 403
433 1114 477 1114 477 1151 433 1151
34 876 44 876 44 914 34 914
573 374 611 374 611 412 573 412
156 1102 194 1102 194 1140 156 1140
635 216 677 216 677 254 635 254
148 1223 194 1223 194 1261 148 1261
705 556 756 556 756 594 705 594
774 257 816 257 816 295 774 295
17 1193 50 1193 50 1231 17 1231
724 252 759 252 759 290 724 290
150 1261 191 1261 191 1299 150 1299
434 941 476 941 476 979 434 979
361 660 405 660 405 698 361 698
153 1180 192 1180 192 1219 153 1219
292 991 332 991 332 1030 292 1030
437 1151 478 1151 478 1190 437 1190
638 923 680 923 680 962 638 962
242 823 253 823 253 862 242 862
433 342 459 342 459 381 433 381
23 1054 59 1054 59 1094 23 1094
773 217 811 217 811 257 773 257
436 585 477 585 477 625 436 625
83 632 125 632 125 672 83 672
430 627 476 627 476 667 430 667
732 897 741 897 741 937 732 937
362 343 401 343 401 383 362 383
638 570 677 570 677 610 638 610
97 307 113 307 113 347 97 347
779 874 809 874 809 914 779 914
157 1070 193 1070 193 1110 157 1110
21 671 59 671 59 711 21 711
292 413 332 413 332 453 292 453
436 721 477 721 477 761 436 761
80 1121 124 1121 124 1161 80 1161
81 798 129 798 129 838 81 838
378 565 393 565 393 606 378 606
226 621 266 621 266 662 226 662
774 562 820 562 820 603 774 603
22 965 46 965 46 1006 22 1006
83 1074 118 1074 118 1115 83 1115
224 516 265 516 265 557 224 557
775 441 819 441 819 482 775 482
578 1057 602 1057 602 1099 578 1099
428 441 470 441 470 483 428 483
646 1138 667 1138 667 1180 646 1180
709 509 750 509 750 551 709 551
576 1278 596 1278 596 1320 576 1320
779 759 816 759 816 802 779 802
292 499 331 499 331 542 292 542
152 1142 198 1142 198 1185 152 1185
164 714 194 714 194 757 164 757
639 472 681 472 681 515 639 515
573 330 609 330 609 374 573 374
292 460 331 460 331 504 292 504
498 306 538 306 538 350 498 350
222 572 268 572 268 616 222 616
82 751 128 751 128 795 82 795
296 945 332 945 332 989 296 989
643 380 678 380 678 425 643 425
22 789 60 789 60 834 22 834
566 720 611 720 611 765 566 765
588 1145 598 1145 598 1190 588 1190
251 1018 258 1018 258 1064 251 1064
580 531 597 531 597 577 580 577
220 1123 263 1123 263 1169 220 1169
305 358 315 358 315 404 305 404
35 1092 44 1092 44 1139 35 1139
638 755 677 755 677 802 638 802
500 780 543 780 543 827 500 827
84 522 129 522 129 569 84 569
315 1362 344 1362 344 1409 315 1409
85 986 128 986 128 1033 85 1033
16 493 61 493 61 540 16 540
573 912 591 912 591 959 573 959
432 819 475 819 475 866 432 866
14 1006 63 1006 63 1053 14 1053
366 452 400 452 400 500 366 500
503 625 543 625 543 674 503 674
432 538 475 538 475 587 432 587
437 487 469 487 469 538 437 538
718 454 732 454 732 505 718 505
159 1022 192 1022 192 1074 159 1074
18 1141 51 1141 51 1194 18 1194
638 1283 679 1283 679 1336 638 1336
307 677 317 677 317 730 307 730
503 348 538 348 538 401 503 401
641 519 681 519 681 572 641 572
507 674 543 674 543 728 507 728
222 464 263 464 263 518 222 518
21 712 57 712 57 767 21 767
19 580 57 580 57 635 19 635
87 675 123 675 123 730 87 730
433 662 468 662 468 718 433 718
708 590 750 590 750 649 708 649
514 464 523 464 523 523 514 523
433 759 473 759 473 829 433 829
