194 379 201 379 201 387 194 387
164 818 199 818 199 828 164 828
179 1078 199 1078 199 1091 179 1091
296 1089 321 1089 321 1103 296 1103
482 867 520 867 520 881 482 881
424 925 456 925 456 940 424 940
556 1049 582 1049 582 1065 556 1065
748 1255 766 1255 766 1271 748 1271
809 657 829 657 829 673 809 673
187 1130 203 1130 203 1146 187 1146
494 799 511 799 511 815 494 815
619 476 650 476 650 492 619 492
553 872 582 872 582 889 553 889
687 601 705 601 705 618 687 618
815 1127 832 1127 832 1145 815 1145
555 486 583 486 583 504 555 504
485 569 514 569 514 587 485 587
229 925 263 925 263 943 229 943
748 1041 771 1041 771 1060 748 1060
423 568 452 568 452 587 423 587
812 1288 832 1288 832 1307 812 1307
298 1284 317 1284 317 1304 298 1304
300 654 322 654 322 674 300 674
802 232 839 232 839 252 802 252
168 577 198 577 198 597 168 597
748 699 767 699 767 719 748 719
364 628 389 628 389 649 364 649
551 373 584 373 584 394 551 394
679 683 714 683 714 704 679 704
622 1240 641 1240 641 1262 622 1262
684 410 705 410 705 432 684 432
364 572 387 572 387 594 364 594
678 430 710 430 710 452 678 452
487 841 520 841 520 863 487 863
303 848 320 848 320 870 303 870
169 906 187 906 187 928 169 928
558 705 578 705 578 727 558 727
622 1105 642 1105 642 1127 622 1127
424 1166 456 1166 456 1188 424 1188
434 714 452 714 452 736 434 736
428 513 446 513 446 535 428 535
803 927 836 927 836 949 803 949
546 1255 581 1255 581 1277 546 1277
356 344 386 344 386 367 356 367
614 1126 646 1126 646 1149 614 1149
354 510 393 510 393 533 354 533
424 1234 443 1234 443 1257 424 1257
749 316 770 316 770 339 749 339
797 951 842 951 842 974 797 974
494 1172 521 1172 521 1195 494 1195
743 410 778 410 778 433 743 433
808 602 827 602 827 626 808 626
432 944 458 944 458 968 432 968
227 395 260 395 260 419 227 419
818 415 837 415 837 439 818 439
806 903 830 903 830 927 806 927
495 442 513 442 513 467 495 467
808 1147 835 1147 835 1172 808 1172
554 646 582 646 582 671 554 671
101 651 132 651 132 676 101 676
228 1017 267 1017 267 1042 228 1042
687 775 707 775 707 800 687 800
758 1229 789 1229 789 1254 758 1254
622 596 642 596 642 621 622 621
296 1212 317 1212 317 1237 296 1237
233 543 256 543 256 568 233 568
430 588 464 588 464 613 430 613
744 721 779 721 779 746 744 746
219 1117 261 1117 261 1142 219 1142
561 769 580 769 580 795 561 795
558 347 579 347 579 373 558 373
161 1317 194 1317 194 1343 161 1343
163 599 204 599 204 625 163 625
428 863 447 863 447 889 428 889
107 626 130 626 130 652 107 652
487 1146 519 1146 519 1172 487 1172
612 1021 650 1021 650 1047 612 1047
288 351 334 351 334 377 288 377
363 708 385 708 385 734 363 734
103 709 132 709 132 735 103 735
483 682 519 682 519 708 483 708
352 368 392 368 392 394 352 394
686 539 703 539 703 566 686 566
686 349 711 349 711 376 686 376
552 579 585 579 585 606 552 606
548 396 594 396 594 423 548 423
491 1234 511 1234 511 1261 491 1261
169 790 191 790 191 817 169 817
621 749 645 749 645 776 621 776
610 1149 651 1149 651 1176 610 1176
493 1024 515 1024 515 1052 493 1052
806 738 831 738 831 766 806 766
808 1233 834 1233 834 1261 808 1261
620 1045 647 1045 647 1073 620 1073
164 661 195 661 195 689 164 689
484 469 524 469 524 497 484 497
290 747 334 747 334 775 290 775
676 452 721 452 721 480 676 480
352 646 402 646 402 674 352 674
105 398 125 398 125 426 105 426
173 550 193 550 193 578 173 578
748 1063 774 1063 774 1091 748 1091
424 740 458 740 458 768 424 768
367 598 385 598 385 626 367 626
301 594 320 594 320 622 301 622
227 1041 260 1041 260 1069 227 1069
162 1240 203 1240 203 1268 162 1268
753 850 770 850 770 879 753 879
292 265 327 265 327 294 292 294
804 1313 841 1313 841 1342 804 1342
549 505 587 505 587 534 549 534
739 1125 784 1125 784 1154 739 1154
432 1038 447 1038 447 1067 432 1067
751 977 767 977 767 1006 751 1006
432 1066 448 1066 448 1095 432 1095
818 1205 837 1205 837 1234 818 1234
497 816 516 816 516 845 497 845
807 441 830 441 830 470 807 470
803 1098 845 1098 845 1127 803 1127
738 381 783 381 783 410 738 410
813 870 830 870 830 899 813 899
617 1291 649 1291 649 1320 617 1320
420 535 452 535 452 564 420 564
423 652 455 652 455 681 423 681
802 1176 843 1176 843 1205 802 1205
227 467 272 467 272 496 227 496
620 992 642 992 642 1022 620 1022
424 1306 453 1306 453 1336 424 1336
96 1073 128 1073 128 1103 96 1103
103 511 137 511 137 541 103 541
420 1132 455 1132 455 1162 420 1162
613 1211 651 1211 651 1241 613 1241
96 778 135 778 135 808 96 808
739 745 779 745 779 775 739 775
749 636 766 636 766 666 749 666
493 1199 512 1199 512 1229 493 1229
748 1310 767 1310 767 1340 748 1340
235 604 255 604 255 634 235 634
493 1308 515 1308 515 1338 493 1338
552 799 584 799 584 829 552 829
615 397 652 397 652 427 615 427
227 1146 265 1146 265 1176 227 1176
674 479 714 479 714 509 674 509
354 400 396 400 396 430 354 430
815 709 838 709 838 740 815 740
616 716 651 716 651 747 616 747
676 801 711 801 711 832 676 832
678 566 716 566 716 597 678 597
418 482 457 482 457 513 418 513
612 683 651 683 651 714 612 714
686 705 714 705 714 736 686 736
423 1007 452 1007 452 1038 423 1038
802 386 838 386 838 417 802 417
616 931 655 931 655 962 616 962
546 673 590 673 590 704 546 704
431 679 451 679 451 711 431 711
805 1069 838 1069 838 1101 805 1101
293 1014 330 1014 330 1046 293 1046
677 509 716 509 716 541 677 541
610 622 654 622 654 654 610 654
491 535 508 535 508 567 491 567
300 715 322 715 322 747 300 747
749 1151 774 1151 774 1183 749 1183
620 494 647 494 647 526 620 526
485 503 518 503 518 535 485 535
292 871 327 871 327 903 292 903
805 1260 842 1260 842 1292 805 1292
415 974 459 974 459 1006 415 1006
110 951 129 951 129 984 110 984
688 739 710 739 710 772 688 772
806 351 829 351 829 384 806 384
740 1272 783 1272 783 1305 740 1305
611 1073 655 1073 655 1106 611 1106
230 630 264 630 264 663 230 663
487 409 528 409 528 442 487 442
95 678 139 678 139 711 95 711
104 328 126 328 126 361 104 361
745 878 777 878 777 911 745 911
742 911 780 911 780 944 742 944
622 1309 637 1309 637 1343 622 1343
428 1095 447 1095 447 1129 428 1129
682 623 705 623 705 657 682 657
618 651 652 651 652 685 618 685
92 1270 131 1270 131 1304 92 1304
482 345 524 345 524 379 482 379
677 374 722 374 722 408 677 408
686 656 701 656 701 690 686 690
615 818 651 818 651 852 615 852
422 888 458 888 458 922 422 922
227 984 269 984 269 1018 227 1018
806 834 830 834 830 869 806 869
488 883 516 883 516 918 488 918
489 936 524 936 524 971 489 971
160 1172 200 1172 200 1207 160 1207
613 960 654 960 654 995 613 995
611 560 654 560 654 595 611 595
800 622 834 622 834 657 800 657
486 379 521 379 521 414 486 414
801 676 840 676 840 711 801 711
800 798 842 798 842 833 800 833
614 527 658 527 658 562 614 562
745 1089 773 1089 773 1124 745 1124
806 314 836 314 836 349 806 349
294 1308 331 1308 331 1343 294 1343
753 428 781 428 781 464 753 464
165 470 203 470 203 506 165 506
361 669 386 669 386 705 361 705
553 1309 585 1309 585 1345 553 1345
97 363 131 363 131 399 97 399
357 473 396 473 396 509 357 509
614 1259 656 1259 656 1295 614 1295
421 615 466 615 466 651 421 651
285 318 332 318 332 354 285 354
114 1035 121 1035 121 1071 114 1071
557 408 585 408 585 444 557 444
231 569 266 569 266 605 231 605
742 773 782 773 782 809 742 809
292 678 336 678 336 714 292 714
295 620 325 620 325 657 295 657
614 894 652 894 652 931 614 931
225 801 268 801 268 838 225 838
549 1014 592 1014 592 1051 549 1051
173 624 193 624 193 662 173 662
168 827 190 827 190 865 168 865
557 731 580 731 580 769 557 769
743 943 772 943 772 981 743 981
298 769 333 769 333 807 298 807
553 831 589 831 589 869 553 869
739 1003 777 1003 777 1041 739 1041
227 946 266 946 266 984 227 984
678 310 717 310 717 348 678 348
546 976 594 976 594 1014 546 1014
168 387 201 387 201 425 168 425
94 1194 134 1194 134 1232 94 1232
91 1305 138 1305 138 1343 91 1343
543 1277 594 1277 594 1315 543 1315
162 1042 197 1042 197 1080 162 1080
804 474 840 474 840 512 804 512
161 865 199 865 199 903 161 903
92 1233 134 1233 134 1271 92 1271
550 444 592 444 592 482 550 482
741 601 778 601 778 640 741 640
225 1170 264 1170 264 1209 225 1209
291 376 335 376 335 415 291 415
611 1176 650 1176 650 1215 611 1215
99 863 136 863 136 902 99 902
803 512 842 512 842 551 803 551
548 608 587 608 587 647 548 647
740 808 779 808 779 847 740 847
293 933 332 933 332 972 293 972
737 661 778 661 778 700 737 700
740 516 781 516 781 555 740 555
304 807 320 807 320 847 304 847
290 1153 326 1153 326 1193 290 1193
610 779 657 779 657 819 610 819
240 880 249 880 249 920 240 920
229 759 269 759 269 799 229 799
290 552 332 552 332 592 290 592
360 433 394 433 394 474 360 474
802 766 842 766 842 807 802 807
157 1201 205 1201 205 1242 157 1242
623 852 640 852 640 893 623 893
221 1249 264 1249 264 1290 221 1290
748 341 770 341 770 382 748 382
105 425 127 425 127 466 105 466
427 386 452 386 452 427 427 427
747 1185 772 1185 772 1226 747 1226
487 1261 519 1261 519 1302 487 1302
741 561 782 561 782 602 741 602
228 499 271 499 271 540 228 540
484 972 528 972 528 1013 484 1013
289 972 335 972 335 1013 289 1013
806 255 839 255 839 297 806 297
292 1114 327 1114 327 1156 292 1156
163 692 202 692 202 734 163 734
423 1262 455 1262 455 1304 423 1304
290 470 331 470 331 512 290 512
420 821 462 821 462 863 420 863
358 534 400 534 400 577 358 577
427 1192 447 1192 447 1235 427 1235
482 1053 524 1053 524 1096 482 1096
166 509 210 509 210 552 166 552
226 1207 260 1207 260 1251 226 1251
106 582 144 582 144 626 106 626
482 591 523 591 523 635 482 635
225 1073 261 1073 261 1117 225 1117
164 336 198 336 198 380 164 380
159 1267 198 1267 198 1311 159 1311
220 1292 265 1292 265 1336 220 1336
95 539 143 539 143 583 95 583
94 738 146 738 146 782 94 782
748 467 778 467 778 512 748 512
552 534 588 534 588 579 552 579
805 978 843 978 843 1023 805 1023
286 1045 330 1045 330 1090 286 1090
225 664 271 664 271 709 225 709
803 1021 837 1021 837 1066 803 1066
229 836 264 836 264 881 229 881
798 555 839 555 839 600 798 600
163 737 204 737 204 782 163 782
93 904 138 904 138 950 93 950
245 705 254 705 254 751 245 751
484 711 524 711 524 757 484 757
614 425 655 425 655 471 614 471
285 1237 328 1237 328 1284 285 1284
291 505 328 505 328 552 291 552
225 344 268 344 268 391 225 391
609 349 652 349 652 397 609 397
484 757 526 757 526 805 484 805
102 465 142 465 142 514 102 514
420 345 457 345 457 394 420 394
547 1203 585 1203 585 1253 547 1253
233 420 262 420 262 471 233 471
418 433 456 433 456 485 418 485
99 809 136 809 136 862 99 862
295 419 328 419 328 475 295 475
422 769 461 769 461 826 422 826
97 982 133 982 133 1042 97 1042
