663 763 679 763 679 774 663 774
817 534 842 534 842 545 817 545
607 1045 630 1045 630 1057 607 1057
754 364 768 364 768 378 754 378
749 729 765 729 765 743 749 743
259 885 277 885 277 900 259 900
751 1026 767 1026 767 1041 751 1041
538 1030 554 1030 554 1045 538 1045
892 1315 908 1315 908 1330 892 1330
399 1063 413 1063 413 1079 399 1079
332 1220 347 1220 347 1236 332 1236
820 1140 836 1140 836 1156 820 1156
120 393 136 393 136 409 120 409
819 791 836 791 836 807 819 807
468 627 485 627 485 643 468 643
398 1118 417 1118 417 1134 398 1134
397 685 413 685 413 701 397 701
611 1181 627 1181 627 1197 611 1197
466 334 482 334 482 350 466 350
121 865 137 865 137 881 121 881
890 996 908 996 908 1012 890 1012
884 1335 921 1335 921 1351 884 1351
258 553 274 553 274 570 258 570
614 781 631 781 631 798 614 798
190 1161 208 1161 208 1178 190 1178
467 988 484 988 484 1005 467 1005
747 430 766 430 766 447 747 447
184 459 204 459 204 476 184 476
681 1303 698 1303 698 1321 681 1321
324 814 343 814 343 832 324 832
694 674 716 674 716 692 694 692
178 583 211 583 211 601 178 601
195 1220 203 1220 203 1238 195 1238
327 395 344 395 344 413 327 413
694 513 714 513 714 531 694 531
661 775 682 775 682 793 661 793
533 1186 560 1186 560 1204 533 1204
811 1205 849 1205 849 1223 811 1223
538 715 556 715 556 734 538 734
188 853 208 853 208 872 188 872
675 1010 693 1010 693 1029 675 1029
891 1364 903 1364 903 1384 891 1384
817 1389 851 1389 851 1409 817 1409
700 427 710 427 710 448 700 448
819 920 839 920 839 941 819 941
692 559 717 559 717 580 692 580
813 364 841 364 841 385 813 385
667 519 683 519 683 540 667 540
401 1169 417 1169 417 1190 401 1190
661 739 683 739 683 760 661 760
695 588 717 588 717 609 695 609
600 1389 633 1389 633 1410 600 1410
741 1045 775 1045 775 1066 741 1066
681 1389 699 1389 699 1411 681 1411
258 1135 280 1135 280 1157 258 1157
692 733 716 733 716 755 692 755
882 446 910 446 910 468 882 468
886 1138 915 1138 915 1160 886 1160
528 489 575 489 575 511 528 511
397 439 415 439 415 461 397 461
529 735 566 735 566 757 529 757
753 843 766 843 766 866 753 866
398 807 412 807 412 830 398 830
326 963 342 963 342 986 326 986
893 1115 910 1115 910 1138 893 1138
679 1066 698 1066 698 1089 679 1089
252 684 279 684 279 707 252 707
189 1269 222 1269 222 1292 189 1292
537 976 551 976 551 999 537 999
540 659 554 659 554 682 540 682
460 1104 487 1104 487 1127 460 1127
254 1217 281 1217 281 1240 254 1240
318 1301 363 1301 363 1324 318 1324
682 1125 694 1125 694 1148 682 1148
257 497 272 497 272 520 257 520
692 532 717 532 717 555 692 555
669 944 701 944 701 967 669 967
395 860 410 860 410 884 395 884
326 337 342 337 342 361 326 361
888 1386 905 1386 905 1410 888 1410
663 680 683 680 683 704 663 704
325 476 346 476 346 500 325 500
746 902 771 902 771 926 746 926
611 1262 624 1262 624 1286 611 1286
123 512 140 512 140 536 123 536
330 1026 348 1026 348 1050 330 1050
529 847 558 847 558 871 529 871
318 544 363 544 363 568 318 568
471 454 481 454 481 479 471 479
893 1260 905 1260 905 1285 893 1285
539 1161 556 1161 556 1186 539 1186
692 844 712 844 712 869 692 869
525 871 563 871 563 896 525 896
542 379 552 379 552 404 542 404
189 1099 205 1099 205 1124 189 1124
254 820 270 820 270 845 254 845
753 500 769 500 769 525 753 525
749 448 766 448 766 473 749 473
540 1383 557 1383 557 1408 540 1408
610 877 627 877 627 902 610 902
887 843 912 843 912 868 887 868
122 964 147 964 147 989 122 989
266 1037 293 1037 293 1062 266 1062
692 701 720 701 720 726 692 726
255 1005 284 1005 284 1030 255 1030
822 942 833 942 833 967 822 967
124 992 137 992 137 1017 124 1017
612 1124 625 1124 625 1149 612 1149
670 570 685 570 685 595 670 595
329 1170 344 1170 344 1195 329 1195
396 1004 412 1004 412 1029 396 1029
749 967 765 967 765 992 749 992
257 658 274 658 274 683 257 683
683 1246 700 1246 700 1271 683 1271
692 755 716 755 716 780 692 780
394 1225 423 1225 423 1250 394 1250
111 1042 145 1042 145 1067 111 1067
186 400 201 400 201 426 186 426
188 795 204 795 204 821 188 821
189 674 210 674 210 700 189 700
118 1016 141 1016 141 1042 118 1042
882 692 916 692 916 718 882 718
669 339 708 339 708 365 669 365
667 596 680 596 680 622 667 622
821 1082 837 1082 837 1108 821 1108
121 803 138 803 138 829 121 829
328 1242 347 1242 347 1268 328 1268
665 651 688 651 688 677 665 677
693 642 720 642 720 668 693 668
111 332 142 332 142 358 111 358
458 1127 492 1127 492 1153 458 1153
880 468 915 468 915 494 880 494
527 754 562 754 562 780 527 780
525 1205 564 1205 564 1231 525 1231
330 754 341 754 341 781 330 781
262 1160 275 1160 275 1187 262 1187
194 1294 207 1294 207 1321 194 1321
468 1080 484 1080 484 1107 468 1107
606 552 629 552 629 579 606 579
694 785 717 785 717 812 694 812
663 492 691 492 691 519 663 519
246 1242 287 1242 287 1269 246 1269
469 566 484 566 484 593 469 593
660 793 686 793 686 820 660 820
462 479 491 479 491 506 462 506
184 700 215 700 215 727 184 727
883 1158 916 1158 916 1185 883 1185
182 734 217 734 217 761 182 761
891 939 904 939 904 966 891 966
333 566 347 566 347 593 333 593
891 1086 909 1086 909 1113 891 1113
664 543 686 543 686 570 664 570
187 608 213 608 213 635 187 635
531 1279 562 1279 562 1306 531 1306
534 404 567 404 567 431 534 431
809 385 848 385 848 412 809 412
703 448 710 448 710 476 703 476
825 1256 837 1256 837 1284 825 1284
755 527 768 527 768 555 755 555
821 335 836 335 836 363 821 363
329 1346 345 1346 345 1374 329 1374
464 930 481 930 481 958 464 958
665 457 689 457 689 485 665 485
393 707 417 707 417 735 393 735
458 856 490 856 490 884 458 884
320 447 355 447 355 475 320 475
543 459 556 459 556 487 543 487
535 820 550 820 550 848 535 848
605 719 627 719 627 747 605 747
536 506 559 506 559 534 536 534
815 502 848 502 848 530 815 530
246 707 282 707 282 735 246 735
889 588 907 588 907 617 889 617
692 812 712 812 712 841 692 841
696 611 717 611 717 640 696 640
664 824 685 824 685 853 664 853
750 784 773 784 773 813 750 813
605 334 630 334 630 363 605 363
673 1327 702 1327 702 1356 673 1356
182 1354 217 1354 217 1383 182 1383
470 723 487 723 487 752 470 752
324 415 344 415 344 444 324 444
472 424 494 424 494 453 472 453
603 1286 630 1286 630 1315 603 1315
181 369 209 369 209 398 181 398
534 438 563 438 563 467 534 467
815 970 846 970 846 999 815 999
321 1192 363 1192 363 1221 321 1221
751 670 765 670 765 699 751 699
396 1294 416 1294 416 1323 396 1323
815 857 839 857 839 886 815 886
324 1375 353 1375 353 1404 324 1404
601 1060 630 1060 630 1089 601 1089
323 623 353 623 353 652 323 652
749 1072 780 1072 780 1101 749 1101
112 478 144 478 144 507 112 507
389 738 422 738 422 767 389 767
387 376 423 376 423 405 387 405
602 1013 638 1013 638 1042 602 1042
394 342 416 342 416 372 394 372
695 479 719 479 719 509 695 509
400 1191 427 1191 427 1221 400 1221
181 425 211 425 211 455 181 455
883 810 920 810 920 840 883 840
390 408 427 408 427 438 390 438
664 705 678 705 678 735 664 735
678 1352 693 1352 693 1382 678 1382
815 724 842 724 842 754 815 754
181 1239 217 1239 217 1269 181 1269
669 1034 707 1034 707 1064 669 1064
249 975 288 975 288 1005 249 1005
811 1008 850 1008 850 1038 811 1038
812 1325 855 1325 855 1355 812 1355
823 1224 837 1224 837 1255 823 1255
891 382 908 382 908 413 891 413
661 620 684 620 684 651 661 651
746 698 775 698 775 729 746 729
676 1150 705 1150 705 1181 676 1181
320 361 351 361 351 392 320 392
671 913 702 913 702 944 671 944
883 965 914 965 914 996 883 996
250 905 283 905 283 936 250 936
529 1054 562 1054 562 1085 529 1085
181 1382 217 1382 217 1413 181 1413
892 1054 906 1054 906 1085 892 1085
331 1321 346 1321 346 1352 331 1352
884 1284 913 1284 913 1315 884 1315
662 425 692 425 692 456 662 456
183 979 214 979 214 1010 183 1010
600 1201 632 1201 632 1232 600 1232
457 955 491 955 491 986 457 986
892 414 907 414 907 445 892 445
187 477 202 477 202 508 187 508
744 866 772 866 772 897 744 897
189 1321 217 1321 217 1352 189 1352
603 903 631 903 631 934 603 934
117 536 146 536 146 567 117 567
674 1271 705 1271 705 1302 674 1302
534 1000 565 1000 565 1031 534 1031
322 1051 354 1051 354 1082 322 1082
603 1147 636 1147 636 1178 603 1178
250 521 283 521 283 552 250 552
176 509 218 509 218 540 176 540
402 829 408 829 408 861 402 861
330 591 344 591 344 623 330 623
750 1102 768 1102 768 1134 750 1134
534 535 562 535 562 567 534 567
252 1069 283 1069 283 1101 252 1101
458 1048 494 1048 494 1080 458 1080
318 931 358 931 358 963 318 963
109 620 150 620 150 652 109 652
671 1216 716 1216 716 1248 671 1248
753 1136 766 1136 766 1168 753 1168
747 556 773 556 773 588 747 588
884 904 913 904 913 936 884 936
818 1285 847 1285 847 1317 818 1317
111 448 141 448 141 480 111 480
113 359 144 359 144 391 113 391
389 1029 420 1029 420 1061 389 1061
677 1182 709 1182 709 1214 677 1214
742 992 775 992 775 1024 742 1024
600 803 635 803 635 835 600 835
250 1103 286 1103 286 1135 250 1135
181 819 218 819 218 851 181 851
113 413 152 413 152 445 113 445
458 506 497 506 497 538 458 538
192 946 206 946 206 979 192 979
261 1187 278 1187 278 1220 261 1220
187 913 206 913 206 946 187 946
461 1013 488 1013 488 1046 461 1046
462 752 492 752 492 785 462 785
819 887 849 887 849 920 819 920
390 884 421 884 421 917 390 917
530 1086 565 1086 565 1119 530 1119
247 1340 286 1340 286 1373 247 1373
599 1090 645 1090 645 1123 599 1123
687 1089 692 1089 692 1122 687 1122
459 593 489 593 489 626 459 626
323 1272 353 1272 353 1305 323 1305
249 941 280 941 280 974 249 974
176 761 214 761 214 794 176 794
388 1083 427 1083 427 1116 388 1116
827 1357 842 1357 842 1390 827 1390
394 617 415 617 415 650 394 650
744 591 766 591 766 624 744 624
813 1105 842 1105 842 1138 813 1138
252 1308 281 1308 281 1341 252 1341
599 1318 636 1318 636 1351 599 1351
748 1169 773 1169 773 1203 748 1203
748 329 775 329 775 363 748 363
815 755 845 755 845 789 815 789
390 652 424 652 424 686 390 686
880 617 917 617 917 651 880 651
386 773 423 773 423 807 386 807
600 939 639 939 639 973 600 973
253 623 280 623 280 657 253 657
532 682 563 682 563 716 532 716
459 788 491 788 491 822 459 822
115 830 147 830 147 864 115 864
388 546 424 546 424 580 388 580
603 516 642 516 642 550 603 550
459 355 499 355 499 389 459 389
524 944 566 944 566 978 524 978
406 1134 411 1134 411 1169 406 1169
880 869 913 869 913 904 880 904
604 441 639 441 639 476 604 476
249 846 285 846 285 881 249 881
885 1227 916 1227 916 1262 885 1262
603 744 634 744 634 779 603 779
462 389 495 389 495 424 462 424
883 653 916 653 916 688 883 688
526 1345 568 1345 568 1380 526 1380
115 885 145 885 145 920 115 920
323 781 358 781 358 816 323 816
249 427 284 427 284 462 249 462
737 471 774 471 774 506 737 506
741 748 778 748 778 784 741 784
245 783 286 783 286 819 245 819
881 1017 924 1017 924 1053 881 1053
246 345 280 345 280 381 246 381
601 636 637 636 637 672 601 672
403 461 409 461 409 498 403 498
395 1372 422 1372 422 1409 395 1409
605 405 633 405 633 442 605 442
810 592 842 592 842 629 810 629
884 550 919 550 919 587 884 587
179 1183 214 1183 214 1220 179 1220
176 335 214 335 214 372 176 372
888 1186 919 1186 919 1223 888 1223
187 1125 223 1125 223 1162 187 1162
182 1062 220 1062 220 1099 182 1099
524 1123 566 1123 566 1160 524 1160
815 1162 848 1162 848 1199 815 1199
176 638 219 638 219 675 176 675
333 986 340 986 340 1024 333 1024
113 652 146 652 146 690 113 690
528 572 567 572 567 610 528 610
464 650 485 650 485 688 464 688
314 834 351 834 351 872 314 872
601 475 644 475 644 513 601 513
244 1371 281 1371 281 1410 244 1410
319 1085 357 1085 357 1124 319 1124
251 461 274 461 274 500 251 500
741 809 772 809 772 848 741 848
177 541 218 541 218 580 177 580
597 972 642 972 642 1011 597 1011
601 365 632 365 632 404 601 404
668 293 708 293 708 332 668 332
249 295 289 295 289 334 249 334
460 818 487 818 487 858 460 858
672 968 705 968 705 1008 672 1008
181 879 220 879 220 919 181 919
244 384 289 384 289 424 244 424
906 1347 913 1347 913 1387 906 1387
390 501 425 501 425 541 390 541
809 629 844 629 844 669 809 669
384 295 423 295 423 335 384 335
527 1305 566 1305 566 1345 527 1345
527 781 567 781 567 821 527 821
881 293 922 293 922 333 881 333
601 1232 625 1232 625 1273 601 1273
392 578 417 578 417 619 392 619
248 1270 288 1270 288 1311 248 1311
815 1039 843 1039 843 1080 815 1080
597 836 636 836 636 877 597 877
529 902 567 902 567 944 529 944
880 718 918 718 918 760 880 760
813 812 844 812 844 854 813 854
527 335 565 335 565 377 527 377
741 625 784 625 784 667 741 667
119 921 146 921 146 964 119 964
743 926 777 926 777 969 743 969
326 500 349 500 349 543 326 543
811 411 844 411 844 454 811 454
744 382 775 382 775 425 744 425
388 965 425 965 425 1008 388 1008
459 684 497 684 497 728 459 728
460 529 485 529 485 573 460 573
883 338 914 338 914 382 883 382
178 1017 225 1017 225 1061 178 1061
814 453 845 453 845 498 814 498
114 573 149 573 149 618 114 618
809 547 841 547 841 592 809 592
392 1326 423 1326 423 1372 392 1372
878 762 918 762 918 808 878 808
667 366 706 366 706 413 667 413
600 1353 625 1353 625 1400 600 1400
531 1234 562 1234 562 1281 531 1281
456 882 491 882 491 929 456 929
319 657 358 657 358 704 319 704
391 918 423 918 423 966 391 966
528 610 567 610 567 659 528 659
605 671 634 671 634 720 605 720
667 862 708 862 708 911 667 911
254 572 275 572 275 622 254 622
248 733 280 733 280 783 248 783
319 1121 357 1121 357 1171 319 1171
324 701 352 701 352 752 324 752
813 673 839 673 839 724 813 724
108 747 150 747 150 800 108 800
319 876 354 876 354 929 319 929
881 499 916 499 916 553 881 553
604 578 642 578 642 633 604 633
391 1250 430 1250 430 1305 391 1305
113 691 148 691 148 749 113 749
