915 759 933 759 933 769 915 769
397 969 425 969 425 983 397 983
193 1059 208 1059 208 1073 193 1073
753 978 778 978 778 992 753 992
539 921 568 921 568 936 539 936
611 324 640 324 640 340 611 340
472 1167 487 1167 487 1183 472 1183
471 675 498 675 498 691 471 691
891 642 917 642 917 658 891 658
683 377 710 377 710 393 683 393
553 345 564 345 564 362 553 362
407 509 423 509 423 526 407 526
613 871 640 871 640 888 613 888
892 969 922 969 922 986 892 986
392 1055 433 1055 433 1073 392 1073
773 757 788 757 788 775 773 775
680 1041 709 1041 709 1060 680 1060
529 1262 571 1262 571 1281 529 1281
900 1068 914 1068 914 1087 900 1087
201 445 217 445 217 464 201 464
185 1377 213 1377 213 1396 185 1396
264 515 296 515 296 534 264 534
622 536 633 536 633 556 622 556
744 1383 776 1383 776 1403 744 1403
389 1267 433 1267 433 1287 389 1287
826 1161 844 1161 844 1181 826 1181
399 912 420 912 420 932 399 932
403 656 426 656 426 676 403 676
675 1346 704 1346 704 1366 675 1366
676 1108 713 1108 713 1128 676 1128
678 625 706 625 706 646 678 646
608 398 637 398 637 419 608 419
461 1235 498 1235 498 1256 461 1256
253 784 292 784 292 805 253 805
266 871 277 871 277 893 266 893
391 982 430 982 430 1004 391 1004
405 1001 419 1001 419 1023 405 1023
191 499 221 499 221 521 191 521
540 322 572 322 572 344 540 344
545 1177 561 1177 561 1200 545 1200
829 1258 844 1258 844 1281 829 1281
542 1238 562 1238 562 1261 542 1261
753 734 784 734 784 757 753 757
533 1064 570 1064 570 1087 533 1087
549 646 563 646 563 669 549 669
618 451 633 451 633 474 618 474
887 1169 920 1169 920 1192 887 1192
692 353 704 353 704 377 692 377
474 1314 489 1314 489 1338 474 1338
890 541 923 541 923 565 890 565
750 776 785 776 785 800 750 800
827 855 841 855 841 879 827 879
539 867 569 867 569 891 539 891
398 702 429 702 429 726 398 726
888 662 921 662 921 686 888 686
604 1250 638 1250 638 1274 604 1274
815 1380 850 1380 850 1404 815 1404
674 647 711 647 711 671 674 671
746 559 787 559 787 583 746 583
475 1254 490 1254 490 1279 475 1279
196 1133 214 1133 214 1158 196 1158
265 1176 284 1176 284 1201 265 1201
817 409 846 409 846 434 817 434
121 659 152 659 152 684 121 684
612 770 643 770 643 795 612 795
254 672 288 672 288 697 254 697
538 670 578 670 578 695 538 695
476 1338 488 1338 488 1363 476 1363
195 1002 208 1002 208 1027 195 1027
615 370 634 370 634 395 615 395
751 707 781 707 781 732 751 732
893 938 925 938 925 963 893 963
752 461 787 461 787 486 752 486
677 858 714 858 714 883 677 883
903 1305 910 1305 910 1331 903 1331
337 412 353 412 353 438 337 438
472 1109 489 1109 489 1135 472 1135
476 803 494 803 494 829 476 829
616 344 636 344 636 370 616 370
189 1107 217 1107 217 1133 189 1133
752 800 781 800 781 826 752 826
192 933 218 933 218 959 192 959
750 910 781 910 781 936 750 936
542 438 575 438 575 464 542 464
255 993 290 993 290 1019 255 1019
181 1319 222 1319 222 1345 181 1345
124 1260 140 1260 140 1287 124 1287
403 1171 422 1171 422 1198 403 1198
193 1079 214 1079 214 1106 193 1106
392 1234 424 1234 424 1261 392 1261
464 980 500 980 500 1007 464 1007
827 624 845 624 845 651 827 651
399 529 429 529 429 556 399 556
121 411 153 411 153 438 121 438
192 787 228 787 228 814 192 814
546 585 562 585 562 612 546 612
757 530 775 530 775 557 757 557
749 1148 783 1148 783 1175 749 1175
680 394 715 394 715 421 680 421
116 684 152 684 152 711 116 711
467 569 504 569 504 596 467 596
391 727 430 727 430 754 391 754
408 676 421 676 421 704 408 704
401 1283 419 1283 419 1311 401 1311
676 701 710 701 710 729 676 729
533 891 570 891 570 919 533 919
198 1160 212 1160 212 1188 198 1188
547 839 562 839 562 867 547 867
336 711 361 711 361 739 336 739
466 1365 495 1365 495 1393 466 1393
329 822 364 822 364 850 329 850
673 829 710 829 710 857 673 857
690 597 706 597 706 626 690 626
265 575 281 575 281 604 265 604
894 1276 913 1276 913 1305 894 1305
678 455 708 455 708 484 678 484
117 932 150 932 150 961 117 961
676 1282 710 1282 710 1311 676 1311
258 361 294 361 294 390 258 390
181 902 225 902 225 931 181 931
548 764 565 764 565 793 548 793
607 1182 632 1182 632 1211 607 1211
395 883 429 883 429 912 395 912
608 893 645 893 645 922 608 922
460 735 500 735 500 764 460 764
468 891 508 891 508 920 468 920
548 1082 567 1082 567 1111 548 1111
616 678 637 678 637 707 616 707
823 1317 852 1317 852 1346 823 1346
328 744 361 744 361 773 328 773
818 589 862 589 862 618 818 618
818 1183 850 1183 850 1213 818 1213
748 1073 784 1073 784 1103 748 1103
405 1024 417 1024 417 1054 405 1054
831 1089 844 1089 844 1119 831 1119
892 691 915 691 915 721 892 721
615 708 642 708 642 738 615 738
120 1327 148 1327 148 1357 120 1357
893 805 924 805 924 835 893 835
612 740 646 740 646 770 612 770
469 450 505 450 505 480 469 480
889 1089 927 1089 927 1119 889 1119
187 866 220 866 220 897 187 897
608 797 642 797 642 828 608 828
397 594 433 594 433 625 397 625
392 1072 429 1072 429 1103 392 1103
610 505 650 505 650 536 610 536
675 324 719 324 719 355 675 355
609 473 637 473 637 504 609 504
614 615 646 615 646 646 614 646
267 805 287 805 287 836 267 836
890 1328 918 1328 918 1359 890 1359
398 475 431 475 431 506 398 506
672 1312 712 1312 712 1343 672 1343
478 641 493 641 493 673 478 673
758 425 774 425 774 457 758 457
405 1198 422 1198 422 1230 405 1230
627 647 647 647 647 679 627 679
541 409 573 409 573 441 541 441
744 588 789 588 789 620 744 620
622 550 633 550 633 582 622 582
189 1189 217 1189 217 1221 189 1221
464 1133 496 1133 496 1165 464 1165
260 441 295 441 295 473 260 473
189 410 225 410 225 442 189 442
119 507 155 507 155 539 119 539
614 1155 632 1155 632 1188 614 1188
829 1347 854 1347 854 1380 829 1380
397 446 430 446 430 479 397 479
115 756 154 756 154 789 115 789
265 1019 279 1019 279 1052 265 1052
338 380 354 380 354 413 338 413
123 1358 140 1358 140 1391 123 1391
828 879 847 879 847 912 828 912
402 622 424 622 424 655 402 655
406 326 429 326 429 359 406 359
468 1040 494 1040 494 1073 468 1073
126 438 152 438 152 471 126 471
678 931 709 931 709 964 678 964
686 668 705 668 705 701 686 701
684 1006 704 1006 704 1039 684 1039
400 1139 422 1139 422 1172 400 1172
541 939 572 939 572 972 541 972
609 420 646 420 646 453 609 453
120 373 163 373 163 406 120 406
271 638 283 638 283 672 271 672
201 465 218 465 218 499 201 499
893 725 922 725 922 759 893 759
536 1204 569 1204 569 1238 536 1238
605 1315 638 1315 638 1349 605 1349
891 462 928 462 928 496 891 496
257 835 301 835 301 869 257 869
393 359 444 359 444 393 393 393
131 629 147 629 147 663 131 663
542 992 560 992 560 1026 542 1026
685 1129 703 1129 703 1163 685 1163
681 969 707 969 707 1003 681 1003
259 703 288 703 288 737 259 737
185 1024 219 1024 219 1058 185 1058
886 601 922 601 922 635 886 635
669 1367 715 1367 715 1401 669 1401
123 1171 146 1171 146 1206 123 1206
679 1166 704 1166 704 1201 679 1201
252 1053 284 1053 284 1088 252 1088
121 469 155 469 155 504 121 504
462 696 502 696 502 731 462 731
544 727 569 727 569 762 544 762
468 376 500 376 500 411 468 411
820 651 855 651 855 686 820 686
120 999 156 999 156 1034 120 1034
463 1002 501 1002 501 1037 463 1037
389 933 431 933 431 968 389 968
602 1213 644 1213 644 1248 602 1248
190 375 236 375 236 410 190 410
759 1257 773 1257 773 1292 759 1292
545 1141 560 1141 560 1176 545 1176
548 692 566 692 566 727 548 727
824 550 847 550 847 585 824 585
261 1091 286 1091 286 1126 261 1126
678 1245 711 1245 711 1280 678 1280
815 511 853 511 853 546 815 546
681 756 705 756 705 792 681 792
118 836 151 836 151 872 118 872
354 365 360 365 360 401 354 401
472 1277 490 1277 490 1313 472 1313
267 1285 287 1285 287 1321 267 1321
541 506 578 506 578 542 541 542
539 1024 571 1024 571 1061 539 1061
542 615 575 615 575 652 542 652
464 1193 499 1193 499 1230 464 1230
601 1279 640 1279 640 1316 601 1316
254 896 298 896 298 933 254 933
826 1281 842 1281 842 1318 826 1318
546 1111 563 1111 563 1148 546 1148
687 791 707 791 707 828 687 828
261 740 287 740 287 777 261 777
816 434 851 434 851 471 816 471
395 557 430 557 430 594 395 594
607 1084 643 1084 643 1121 607 1121
749 938 787 938 787 975 749 975
185 522 224 522 224 559 185 559
188 610 231 610 231 647 188 647
474 766 494 766 494 803 474 803
192 337 220 337 220 374 192 374
117 1131 158 1131 158 1168 117 1168
677 485 721 485 721 522 677 522
461 1073 507 1073 507 1110 461 1110
129 1088 143 1088 143 1126 129 1126
824 683 849 683 849 721 824 721
889 566 918 566 918 604 889 604
327 672 362 672 362 710 327 710
390 1314 429 1314 429 1352 390 1352
326 592 367 592 367 630 326 630
267 1201 281 1201 281 1239 267 1239
893 988 911 988 911 1026 893 1026
678 566 712 566 712 604 678 604
256 605 291 605 291 643 256 643
328 631 364 631 364 669 328 669
885 764 924 764 924 802 885 802
771 825 779 825 779 864 771 864
391 1100 430 1100 430 1139 391 1139
818 1008 859 1008 859 1047 818 1047
749 385 793 385 793 424 749 424
112 1287 156 1287 156 1326 112 1326
561 966 571 966 571 1005 561 1005
826 1049 844 1049 844 1088 826 1088
826 1121 847 1121 847 1160 826 1160
395 1349 426 1349 426 1388 395 1388
467 531 501 531 501 570 467 570
609 828 644 828 644 867 609 867
328 325 372 325 372 364 328 364
262 535 280 535 280 575 262 575
823 330 848 330 848 370 823 370
188 744 229 744 229 784 188 784
605 965 648 965 648 1005 605 1005
261 953 279 953 279 993 261 993
896 335 927 335 927 375 896 375
750 488 781 488 781 528 750 528
744 1178 791 1178 791 1218 744 1218
126 713 149 713 149 754 126 754
676 728 711 728 711 769 676 769
183 961 220 961 220 1002 183 1002
539 465 581 465 581 506 539 506
609 575 651 575 651 616 609 616
817 771 861 771 861 812 817 812
607 1113 641 1113 641 1154 607 1154
746 1295 789 1295 789 1336 746 1336
394 795 437 795 437 836 394 836
612 996 633 996 633 1037 612 1037
468 285 510 285 510 326 468 326
466 409 505 409 505 451 466 451
191 283 232 283 232 325 191 325
885 1193 926 1193 926 1235 885 1235
814 1211 859 1211 859 1253 814 1253
254 1238 301 1238 301 1280 254 1280
261 397 291 397 291 439 261 439
677 1062 708 1062 708 1104 677 1104
751 663 785 663 785 705 751 705
884 1361 920 1361 920 1403 884 1403
887 1026 926 1026 926 1068 887 1068
185 652 230 652 230 694 185 694
901 496 917 496 917 539 901 539
679 422 718 422 718 465 679 465
816 814 855 814 855 857 816 857
118 540 161 540 161 583 118 583
897 1120 913 1120 913 1163 897 1163
753 1034 775 1034 775 1077 753 1077
819 468 845 468 845 511 819 511
542 795 571 795 571 838 542 838
749 618 784 618 784 661 749 661
259 1127 294 1127 294 1170 259 1170
753 1213 777 1213 777 1257 753 1257
819 722 852 722 852 766 819 766
471 598 511 598 511 642 471 642
190 819 220 819 220 863 190 863
891 1233 921 1233 921 1278 891 1278
898 836 914 836 914 881 898 881
400 400 427 400 427 445 400 445
817 961 848 961 848 1006 817 1006
187 1335 225 1335 225 1380 187 1380
888 420 926 420 926 465 888 465
389 836 431 836 431 881 389 881
743 1103 786 1103 786 1148 743 1148
817 915 857 915 857 960 817 960
186 698 228 698 228 743 186 743
681 885 708 885 708 931 681 931
752 858 785 858 785 904 752 904
122 327 159 327 159 373 122 373
602 922 647 922 647 968 602 968
815 369 861 369 861 415 815 415
117 958 149 958 149 1004 117 1004
183 1268 218 1268 218 1314 183 1314
333 492 369 492 369 538 333 538
119 790 158 790 158 836 119 836
747 1333 786 1333 786 1379 747 1379
545 537 567 537 567 584 545 584
679 523 712 523 712 570 679 570
259 480 294 480 294 527 259 527
606 1040 644 1040 644 1087 606 1087
278 932 286 932 286 980 278 980
751 992 779 992 779 1040 751 1040
541 361 574 361 574 409 541 409
339 537 346 537 346 586 339 586
329 440 366 440 366 489 329 489
122 585 151 585 151 634 122 634
325 775 360 775 360 824 325 824
675 1201 712 1201 712 1253 675 1253
192 559 215 559 215 612 192 612
746 326 787 326 787 380 746 380
117 1206 160 1206 160 1260 117 1260
117 873 158 873 158 927 117 927
890 879 919 879 919 936 890 936
467 924 508 924 508 981 467 981
472 827 497 827 497 888 472 888
548 1279 554 1279 554 1342 548 1342
