803 1373 859 1373 859 1387 803 1387
677 971 707 971 707 986 677 986
673 1345 698 1345 698 1361 673 1361
675 703 706 703 706 720 675 720
256 434 289 434 289 451 256 451
624 454 636 454 636 471 624 471
886 646 906 646 906 663 886 663
404 445 425 445 425 463 404 463
472 996 495 996 495 1014 472 1014
743 871 775 871 775 889 743 889
338 620 359 620 359 638 338 638
474 659 495 659 495 678 474 678
549 1377 570 1377 570 1396 549 1396
335 1136 359 1136 359 1155 335 1155
533 638 574 638 574 657 533 657
130 444 151 444 151 463 130 463
256 1205 286 1205 286 1224 256 1224
884 990 900 990 900 1010 884 1010
537 380 571 380 571 400 537 400
616 497 636 497 636 517 616 517
546 1156 560 1156 560 1177 546 1177
268 371 289 371 289 392 268 392
886 1105 903 1105 903 1126 886 1126
129 543 148 543 148 564 129 564
262 819 286 819 286 840 262 840
605 1028 637 1028 637 1049 605 1049
534 1181 572 1181 572 1202 534 1202
114 1285 155 1285 155 1306 114 1306
199 1177 216 1177 216 1198 199 1198
609 1357 637 1357 637 1378 609 1378
670 1228 708 1228 708 1249 670 1249
187 497 225 497 225 518 187 518
882 224 921 224 921 245 882 245
887 749 904 749 904 771 887 771
878 1386 912 1386 912 1408 878 1408
393 471 439 471 439 493 393 493
751 389 770 389 770 412 751 412
667 1390 696 1390 696 1413 667 1413
607 555 637 555 637 578 607 578
537 462 570 462 570 485 537 485
252 941 296 941 296 964 252 964
539 1391 589 1391 589 1414 539 1414
614 605 635 605 635 628 614 628
194 350 226 350 226 373 194 373
536 867 579 867 579 890 536 890
751 415 772 415 772 438 751 438
887 1354 900 1354 900 1378 887 1378
613 1113 630 1113 630 1137 613 1137
265 547 301 547 301 571 265 571
402 488 425 488 425 512 402 512
333 375 363 375 363 399 333 399
330 1259 365 1259 365 1283 330 1283
669 1202 703 1202 703 1227 669 1227
530 999 568 999 568 1024 530 1024
739 892 780 892 780 917 739 917
683 810 703 810 703 835 683 835
465 1359 497 1359 497 1384 465 1384
459 1384 501 1384 501 1409 459 1409
888 1051 904 1051 904 1076 888 1076
683 721 714 721 714 746 683 746
188 471 228 471 228 496 188 496
680 1291 695 1291 695 1317 680 1317
887 774 907 774 907 800 887 800
317 1337 359 1337 359 1363 317 1363
673 1319 701 1319 701 1345 673 1345
264 996 303 996 303 1022 264 1022
188 400 217 400 217 427 188 427
810 812 845 812 845 839 810 839
186 375 227 375 227 402 186 402
324 1283 368 1283 368 1310 324 1310
460 1218 505 1218 505 1245 460 1245
410 514 426 514 426 541 410 541
886 587 904 587 904 614 886 614
677 907 707 907 707 934 677 934
604 392 636 392 636 419 604 419
325 1234 369 1234 369 1261 325 1261
740 481 786 481 786 508 740 508
597 580 643 580 643 607 597 607
133 587 147 587 147 614 133 614
812 1202 842 1202 842 1229 812 1229
119 1256 149 1256 149 1283 119 1283
470 1243 502 1243 502 1270 470 1270
812 1344 847 1344 847 1372 812 1372
257 574 296 574 296 602 257 602
526 1208 570 1208 570 1236 526 1236
119 681 153 681 153 709 119 709
541 966 575 966 575 994 541 994
887 314 924 314 924 342 887 342
533 432 576 432 576 460 533 460
405 387 422 387 422 415 405 415
404 311 425 311 425 339 404 339
329 1075 365 1075 365 1103 329 1103
596 1049 636 1049 636 1077 596 1077
807 516 847 516 847 544 807 544
604 769 639 769 639 798 604 798
752 968 769 968 769 997 752 997
470 926 487 926 487 955 470 955
252 1347 283 1347 283 1376 252 1376
673 1079 705 1079 705 1108 673 1108
678 379 718 379 718 408 678 408
325 474 366 474 366 503 325 503
465 413 508 413 508 442 465 442
457 1056 502 1056 502 1085 457 1085
822 1069 837 1069 837 1099 822 1099
474 1289 491 1289 491 1319 474 1319
540 521 568 521 568 551 540 551
397 537 429 537 429 567 397 567
878 1203 916 1203 916 1233 878 1233
533 400 575 400 575 430 533 430
529 933 576 933 576 963 529 963
613 841 627 841 627 871 613 871
545 349 564 349 564 379 545 379
118 1341 152 1341 152 1371 118 1371
255 1225 290 1225 290 1255 255 1255
325 1105 364 1105 364 1135 325 1135
529 1270 573 1270 573 1300 529 1300
461 726 510 726 510 756 461 756
680 935 703 935 703 965 680 965
883 957 907 957 907 987 883 987
122 1370 149 1370 149 1400 122 1400
468 754 499 754 499 784 468 784
327 829 361 829 361 859 327 859
878 1170 921 1170 921 1200 878 1200
264 305 280 305 280 336 264 336
337 806 354 806 354 837 337 837
752 351 772 351 772 382 752 382
467 382 497 382 497 413 467 413
187 682 224 682 224 713 187 713
118 562 159 562 159 593 118 593
742 734 784 734 784 765 742 765
457 1270 500 1270 500 1301 457 1301
821 1311 843 1311 843 1342 821 1342
882 611 913 611 913 642 882 642
125 614 156 614 156 645 125 645
548 1119 580 1119 580 1150 548 1150
669 1255 710 1255 710 1286 669 1286
326 262 368 262 368 293 326 293
319 859 361 859 361 890 319 890
251 1373 296 1373 296 1404 251 1404
385 566 436 566 436 597 385 597
613 1223 635 1223 635 1255 613 1255
193 1046 219 1046 219 1078 193 1078
330 1207 358 1207 358 1239 330 1239
539 657 570 657 570 689 539 689
187 863 225 863 225 895 187 895
603 419 647 419 647 451 603 451
252 1025 296 1025 296 1057 252 1057
753 507 770 507 770 539 753 539
265 751 282 751 282 783 265 783
685 599 713 599 713 631 685 631
396 411 428 411 428 443 396 443
326 1305 362 1305 362 1337 326 1337
755 1031 793 1031 793 1063 755 1063
672 343 714 343 714 375 672 375
252 1252 297 1252 297 1284 252 1284
264 634 294 634 294 667 264 667
465 309 495 309 495 342 465 342
464 623 497 623 497 656 464 656
605 465 642 465 642 498 605 498
255 517 298 517 298 550 255 550
537 604 575 604 575 637 537 637
188 837 227 837 227 870 188 870
253 1277 293 1277 293 1310 253 1310
533 723 578 723 578 756 533 756
120 379 154 379 154 413 120 413
257 485 293 485 293 519 257 519
329 553 369 553 369 587 329 587
813 1381 853 1381 853 1415 813 1415
533 485 575 485 575 519 533 519
325 642 367 642 367 676 325 676
256 878 298 878 298 912 256 912
824 348 841 348 841 382 824 382
878 1074 910 1074 910 1108 878 1108
258 1082 291 1082 291 1116 258 1116
123 407 157 407 157 441 123 441
671 664 705 664 705 698 671 698
811 992 848 992 848 1026 811 1026
465 589 504 589 504 623 465 623
740 1376 780 1376 780 1410 740 1410
672 782 714 782 714 816 672 816
328 704 372 704 372 738 328 738
270 600 287 600 287 634 270 634
268 1049 285 1049 285 1083 268 1083
545 689 567 689 567 723 545 723
126 1124 150 1124 150 1158 126 1158
882 710 906 710 906 744 882 744
883 799 910 799 910 833 883 833
332 731 362 731 362 765 332 765
675 566 709 566 709 600 675 600
117 885 152 885 152 919 117 919
607 519 648 519 648 553 607 553
536 763 579 763 579 797 536 797
603 951 639 951 639 986 603 986
324 400 370 400 370 435 324 435
740 1285 788 1285 788 1320 740 1320
753 1133 771 1133 771 1168 753 1168
882 1314 905 1314 905 1349 882 1349
259 335 290 335 290 370 259 370
740 997 776 997 776 1032 740 1032
741 1202 777 1202 777 1237 741 1237
255 715 302 715 302 750 255 750
128 1303 141 1303 141 1339 128 1339
542 1341 570 1341 570 1377 542 1377
605 867 637 867 637 903 605 903
326 1009 365 1009 365 1045 326 1045
746 547 788 547 788 583 746 583
605 362 649 362 649 398 605 398
530 1051 574 1051 574 1087 530 1087
256 963 301 963 301 999 256 999
127 467 150 467 150 503 127 503
128 645 152 645 152 681 128 681
814 1097 846 1097 846 1133 814 1133
464 1184 500 1184 500 1220 464 1220
463 257 509 257 509 293 463 293
671 869 718 869 718 905 671 905
259 909 290 909 290 945 259 945
258 844 296 844 296 880 258 880
875 878 919 878 919 914 875 914
599 1378 648 1378 648 1414 599 1414
182 716 232 716 232 752 182 752
184 1201 234 1201 234 1237 184 1237
818 1134 841 1134 841 1171 818 1171
194 939 223 939 223 976 194 976
535 1086 567 1086 567 1123 535 1123
807 1229 844 1229 844 1266 807 1266
114 1087 162 1087 162 1124 114 1124
265 393 287 393 287 430 265 430
808 544 855 544 855 581 808 581
199 976 217 976 217 1014 199 1014
467 784 501 784 501 822 467 822
326 1042 361 1042 361 1080 326 1080
116 1051 153 1051 153 1089 116 1089
672 308 720 308 720 346 672 346
326 306 360 306 360 344 326 344
188 1117 225 1117 225 1155 188 1155
464 1015 504 1015 504 1053 464 1053
324 675 367 675 367 713 324 713
879 343 923 343 923 381 879 381
206 1013 216 1013 216 1051 206 1051
885 1230 902 1230 902 1268 885 1268
820 310 839 310 839 348 820 348
461 685 504 685 504 723 461 723
666 1355 717 1355 717 1393 666 1393
878 1278 913 1278 913 1317 878 1317
254 780 291 780 291 819 254 819
328 584 367 584 367 623 328 623
121 796 160 796 160 835 121 835
827 1169 840 1169 840 1208 827 1208
544 893 564 893 564 932 544 932
675 630 706 630 706 669 675 669
879 918 913 918 913 957 879 957
121 306 164 306 164 345 121 345
326 221 371 221 371 260 326 260
806 475 853 475 853 514 806 514
612 1140 637 1140 637 1180 612 1180
812 627 848 627 848 667 812 667
463 218 509 218 509 258 463 258
878 671 913 671 913 711 878 711
465 443 509 443 509 483 465 483
743 1095 787 1095 787 1135 743 1135
471 1315 492 1315 492 1355 471 1355
746 310 780 310 780 350 746 350
674 745 715 745 715 785 674 785
745 825 787 825 787 865 745 865
325 934 367 934 367 974 325 974
597 1077 640 1077 640 1117 597 1117
322 342 368 342 368 382 322 382
541 1229 565 1229 565 1270 541 1270
125 506 157 506 157 547 125 547
678 835 710 835 710 876 678 876
466 954 501 954 501 995 466 995
741 1067 779 1067 779 1108 741 1108
739 1173 781 1173 781 1214 739 1214
182 1077 229 1077 229 1118 182 1118
737 924 785 924 785 965 737 965
879 836 915 836 915 877 879 877
183 430 229 430 229 471 183 471
335 765 353 765 353 807 335 807
394 344 434 344 434 386 394 386
877 419 921 419 921 461 877 461
187 755 231 755 231 797 187 797
324 431 370 431 370 473 324 473
462 490 510 490 510 532 462 532
123 920 161 920 161 962 123 962
603 990 643 990 643 1032 603 1032
320 1161 364 1161 364 1203 320 1203
607 1177 645 1177 645 1220 607 1220
671 1160 712 1160 712 1203 671 1203
879 377 921 377 921 420 879 420
320 891 368 891 368 934 320 934
276 449 287 449 287 492 276 492
543 1296 571 1296 571 1339 543 1339
743 439 779 439 779 482 743 482
609 629 645 629 645 672 609 672
256 672 300 672 300 715 256 715
815 669 844 669 844 713 815 713
186 896 229 896 229 940 186 940
193 791 232 791 232 835 193 835
188 601 228 601 228 645 188 645
123 341 148 341 148 385 123 385
876 1122 918 1122 918 1166 876 1166
128 961 145 961 145 1006 128 1006
474 341 492 341 492 386 474 386
745 688 785 688 785 733 745 733
533 307 584 307 584 352 533 352
671 1037 714 1037 714 1082 671 1082
816 717 841 717 841 763 816 763
805 838 857 838 857 884 805 884
330 967 357 967 357 1013 330 1013
257 1158 293 1158 293 1204 257 1204
112 1212 158 1212 158 1258 112 1258
812 577 851 577 851 624 812 624
804 1268 852 1268 852 1315 804 1315
318 505 368 505 368 552 318 552
127 706 154 706 154 753 127 753
189 555 226 555 226 602 189 602
317 1364 356 1364 356 1411 317 1411
116 758 156 758 156 805 116 805
476 1133 488 1133 488 1180 476 1180
264 1310 283 1310 283 1357 264 1357
214 1131 225 1131 225 1179 214 1179
804 763 852 763 852 811 804 811
116 1007 162 1007 162 1055 116 1055
127 837 146 837 146 886 127 886
809 1020 847 1020 847 1069 809 1069
462 880 509 880 509 929 462 929
874 1005 917 1005 917 1055 874 1055
463 1085 509 1085 509 1135 463 1135
604 797 643 797 643 847 604 847
671 519 723 519 723 569 671 569
739 1324 778 1324 778 1375 739 1375
553 551 562 551 562 602 553 602
675 985 709 985 709 1036 675 1036
603 899 639 899 639 952 603 952
740 640 787 640 787 693 740 693
812 944 846 944 846 998 812 998
603 672 647 672 647 726 603 726
742 1235 777 1235 777 1290 742 1290
600 716 650 716 650 771 600 771
673 405 709 405 709 460 673 460
743 767 780 767 780 822 743 822
527 1355 535 1355 535 1410 527 1410
601 1257 640 1257 640 1312 601 1312
116 1162 156 1162 156 1218 116 1218
463 529 506 529 506 585 463 585
873 526 919 526 919 583 873 583
673 462 716 462 716 522 673 522
461 823 505 823 505 885 461 885
874 463 917 463 917 525 874 525
739 580 780 580 780 649 739 649
807 878 849 878 849 947 807 947
