645 506 685 506 685 516 645 516
60 470 76 470 76 481 60 481
664 518 684 518 684 530 664 530
343 605 361 605 361 618 343 618
784 1273 822 1273 822 1286 784 1286
473 814 490 814 490 828 473 828
247 899 275 899 275 914 247 914
305 648 330 648 330 664 305 664
720 796 745 796 745 812 720 812
391 1316 410 1316 410 1332 391 1332
593 657 611 657 611 674 593 674
721 1064 742 1064 742 1081 721 1081
717 1330 756 1330 756 1347 717 1347
526 1256 546 1256 546 1274 526 1274
307 716 330 716 330 734 307 734
180 364 216 364 216 382 180 382
392 561 410 561 410 580 392 580
462 1346 481 1346 481 1365 462 1365
453 435 472 435 472 454 453 454
592 989 613 989 613 1008 592 1008
521 623 540 623 540 642 521 642
251 705 272 705 272 724 251 724
185 695 211 695 211 714 185 714
114 1326 140 1326 140 1345 114 1345
191 1352 209 1352 209 1371 191 1371
122 667 141 667 141 686 122 686
184 1014 203 1014 203 1033 184 1033
520 972 542 972 542 991 520 991
46 602 65 602 65 622 46 622
123 1109 142 1109 142 1129 123 1129
645 384 677 384 677 404 645 404
458 1057 479 1057 479 1077 458 1077
243 584 277 584 277 604 243 604
390 1045 409 1045 409 1066 390 1066
587 1171 614 1171 614 1192 587 1192
653 361 669 361 669 382 653 382
187 622 206 622 206 643 187 643
181 836 207 836 207 857 181 857
522 1357 552 1357 552 1378 522 1378
384 1356 423 1356 423 1377 384 1377
788 1080 805 1080 805 1101 788 1101
385 1335 408 1335 408 1357 385 1357
518 1314 554 1314 554 1336 518 1336
442 756 457 756 457 778 442 778
248 221 272 221 272 243 248 243
590 719 606 719 606 742 590 742
451 1177 480 1177 480 1200 451 1200
116 1188 146 1188 146 1211 116 1211
524 567 537 567 537 590 524 590
725 637 741 637 741 660 725 660
442 669 463 669 463 692 442 692
468 601 491 601 491 624 468 624
110 1349 146 1349 146 1372 110 1372
724 428 739 428 739 452 724 452
113 446 141 446 141 470 113 470
242 916 282 916 282 940 242 940
590 809 610 809 610 833 590 833
587 361 613 361 613 385 587 385
518 1132 555 1132 555 1156 518 1156
314 689 323 689 323 714 314 714
457 1281 472 1281 472 1306 457 1306
117 1282 143 1282 143 1307 117 1307
774 390 809 390 809 415 774 415
583 1192 622 1192 622 1217 583 1217
190 1163 202 1163 202 1188 190 1188
122 1307 136 1307 136 1332 122 1332
118 608 134 608 134 633 118 633
339 771 362 771 362 796 339 796
107 385 146 385 146 410 107 410
592 601 606 601 606 627 592 627
342 827 359 827 359 853 342 853
307 593 331 593 331 619 307 619
471 757 501 757 501 783 471 783
518 740 549 740 549 766 518 766
776 331 811 331 811 357 776 357
309 665 323 665 323 691 309 691
257 872 272 872 272 898 257 898
388 1261 405 1261 405 1287 388 1287
716 1155 752 1155 752 1181 716 1181
525 768 542 768 542 794 525 794
721 970 740 970 740 996 721 996
647 439 677 439 677 465 647 465
581 421 616 421 616 447 581 447
345 576 357 576 357 603 345 603
391 982 404 982 404 1009 391 1009
256 646 270 646 270 673 256 673
524 1199 542 1199 542 1226 524 1226
785 416 803 416 803 443 785 443
472 695 492 695 492 722 472 722
307 733 331 733 331 760 307 760
338 796 363 796 363 823 338 823
180 647 210 647 210 674 180 674
247 487 282 487 282 514 247 514
450 374 464 374 464 401 450 401
791 1248 807 1248 807 1275 791 1275
320 422 338 422 338 449 320 449
309 618 333 618 333 645 309 645
516 794 545 794 545 821 516 821
580 334 618 334 618 361 580 361
596 1145 608 1145 608 1173 596 1173
455 997 472 997 472 1025 455 1025
256 806 274 806 274 834 256 834
522 915 541 915 541 943 522 943
585 1120 610 1120 610 1148 585 1148
438 693 467 693 467 721 438 721
42 747 75 747 75 775 42 775
374 333 409 333 409 361 374 361
39 386 77 386 77 414 39 414
782 1140 822 1140 822 1168 782 1168
729 1271 743 1271 743 1299 729 1299
387 651 408 651 408 679 387 679
438 728 461 728 461 756 438 756
599 215 624 215 624 243 599 243
718 452 746 452 746 480 718 480
509 820 547 820 547 848 509 848
102 332 145 332 145 360 102 360
123 475 134 475 134 503 123 503
320 332 334 332 334 360 320 360
305 563 330 563 330 591 305 591
519 1102 549 1102 549 1130 519 1130
512 421 543 421 543 449 512 449
717 1123 757 1123 757 1151 717 1151
183 562 200 562 200 591 183 591
313 391 342 391 342 420 313 420
109 721 140 721 140 750 109 750
713 359 748 359 748 388 713 388
111 1162 148 1162 148 1191 111 1191
176 675 215 675 215 704 176 704
444 638 463 638 463 667 444 667
183 1314 209 1314 209 1343 183 1343
114 845 143 845 143 874 114 874
191 252 224 252 224 281 191 281
515 941 552 941 552 970 515 970
787 1225 826 1225 826 1254 787 1254
123 817 138 817 138 846 123 846
308 497 325 497 325 526 308 526
719 510 743 510 743 539 719 539
337 701 361 701 361 730 337 730
719 660 747 660 747 689 719 689
385 745 416 745 416 774 385 774
382 586 415 586 415 615 382 615
180 716 218 716 218 745 180 745
725 1036 743 1036 743 1066 725 1066
589 304 610 304 610 334 589 334
591 931 613 931 613 961 591 961
181 779 210 779 210 809 181 809
114 1132 143 1132 143 1162 114 1162
445 401 475 401 475 431 445 431
514 254 544 254 544 284 514 284
175 383 214 383 214 413 175 413
187 954 203 954 203 984 187 984
719 479 739 479 739 509 719 509
248 337 269 337 269 367 248 367
520 1329 542 1329 542 1359 520 1359
113 692 136 692 136 722 113 722
107 303 134 303 134 333 107 333
787 1287 816 1287 816 1317 787 1317
721 826 750 826 750 856 721 856
178 444 208 444 208 474 178 474
448 1026 480 1026 480 1056 448 1056
382 527 415 527 415 557 382 557
472 659 490 659 490 690 472 690
182 1188 210 1188 210 1219 182 1219
442 459 476 459 476 490 442 490
512 850 549 850 549 881 512 881
176 333 218 333 218 364 176 364
726 1342 740 1342 740 1373 726 1373
472 781 496 781 496 812 472 812
246 405 275 405 275 436 246 436
112 784 141 784 141 815 112 815
176 302 208 302 208 333 176 333
780 442 813 442 813 473 780 473
304 528 329 528 329 559 304 559
387 1154 414 1154 414 1185 387 1185
381 396 411 396 411 427 381 427
180 1133 210 1133 210 1164 180 1164
382 496 412 496 412 527 382 527
519 1224 552 1224 552 1255 519 1255
583 743 619 743 619 774 583 774
781 1012 819 1012 819 1043 781 1043
777 832 820 832 820 863 777 863
471 626 491 626 491 658 471 658
191 219 213 219 213 251 191 251
162 218 187 218 187 250 162 250
722 1298 750 1298 750 1330 722 1330
450 554 479 554 479 586 450 586
114 505 143 505 143 537 114 537
585 834 618 834 618 866 585 866
448 1079 484 1079 484 1111 448 1111
453 525 473 525 473 557 453 557
521 646 541 646 541 678 521 678
315 361 336 361 336 393 315 393
315 448 346 448 346 480 315 480
515 586 548 586 548 618 515 618
582 387 616 387 616 419 582 419
181 1287 216 1287 216 1319 181 1319
245 669 283 669 283 701 245 701
512 881 553 881 553 913 512 913
383 429 407 429 407 462 383 462
655 532 683 532 683 565 655 565
583 623 616 623 616 656 583 656
173 1035 211 1035 211 1068 173 1068
241 612 281 612 281 645 241 645
170 856 213 856 213 889 170 889
793 946 807 946 807 979 793 979
51 815 67 815 67 848 51 848
184 746 203 746 203 779 184 779
466 723 493 723 493 756 466 756
114 632 143 632 143 665 114 665
719 895 750 895 750 928 719 928
375 299 408 299 408 332 375 332
448 964 481 964 481 997 448 997
176 982 213 982 213 1015 176 1015
40 528 81 528 81 561 40 561
721 325 738 325 738 358 721 358
249 773 279 773 279 806 249 806
110 539 143 539 143 572 110 572
786 706 820 706 820 739 786 739
311 301 347 301 347 334 311 334
382 1285 418 1285 418 1318 382 1318
380 1007 418 1007 418 1040 380 1040
381 1064 420 1064 420 1097 381 1097
778 522 818 522 818 555 778 555
643 329 686 329 686 362 643 362
389 1121 406 1121 406 1155 389 1155
243 301 276 301 276 335 243 335
111 1068 145 1068 145 1102 111 1102
177 589 212 589 212 623 177 623
176 1221 214 1221 214 1255 176 1255
389 678 406 678 406 712 389 712
115 962 141 962 141 996 115 996
718 929 754 929 754 963 718 963
712 1180 751 1180 751 1214 712 1214
113 351 128 351 128 386 113 386
342 621 358 621 358 656 342 656
521 708 540 708 540 743 521 743
788 866 810 866 810 901 788 901
584 774 608 774 608 809 584 809
382 1225 421 1225 421 1260 382 1260
780 1103 820 1103 820 1138 780 1138
176 1254 216 1254 216 1289 176 1289
189 805 206 805 206 840 189 840
525 679 547 679 547 714 525 714
786 558 808 558 808 593 786 593
722 1084 745 1084 745 1119 722 1119
785 980 816 980 816 1015 785 1015
583 447 615 447 615 482 583 482
182 1066 215 1066 215 1101 182 1101
515 997 549 997 549 1032 515 1032
372 458 424 458 424 493 372 493
122 1211 135 1211 135 1246 122 1246
778 358 803 358 803 393 778 393
384 616 410 616 410 651 384 651
117 998 144 998 144 1033 117 1033
248 513 278 513 278 548 248 548
519 1278 550 1278 550 1313 519 1313
585 953 621 953 621 988 585 988
524 1067 539 1067 539 1103 524 1103
458 490 475 490 475 526 458 526
785 624 814 624 814 660 785 660
583 682 616 682 616 718 583 718
40 709 77 709 77 745 40 745
721 997 749 997 749 1033 721 1033
453 1308 483 1308 483 1344 453 1344
242 245 275 245 275 281 242 281
40 562 75 562 75 598 40 598
249 732 284 732 284 768 249 768
644 406 682 406 682 442 644 442
512 495 550 495 550 531 512 531
116 1246 134 1246 134 1282 116 1282
383 361 402 361 402 397 383 397
183 1098 203 1098 203 1134 183 1134
180 921 201 921 201 957 180 957
381 952 417 952 417 988 381 988
108 572 151 572 151 608 108 608
120 1036 136 1036 136 1073 120 1073
586 1083 619 1083 619 1120 586 1120
246 545 281 545 281 582 246 582
386 710 404 710 404 747 386 747
112 410 132 410 132 447 112 447
339 542 360 542 360 579 339 579
38 483 71 483 71 520 38 520
176 890 212 890 212 927 176 927
454 1140 473 1140 473 1178 454 1178
516 347 542 347 542 385 516 385
448 1205 479 1205 479 1243 448 1243
783 591 815 591 815 629 783 629
519 305 536 305 536 343 519 343
178 406 200 406 200 444 178 444
382 1187 412 1187 412 1225 382 1225
585 568 618 568 618 606 585 606
448 833 484 833 484 871 448 871
525 1030 539 1030 539 1069 525 1069
790 1323 811 1323 811 1362 790 1362
453 1104 477 1104 477 1143 453 1143
583 867 622 867 622 906 583 906
515 384 534 384 534 423 515 423
440 599 459 599 459 638 440 638
434 342 482 342 482 381 434 381
338 729 358 729 358 769 338 769
382 858 417 858 417 898 382 898
778 740 816 740 816 780 778 780
440 301 484 301 484 341 440 341
515 530 551 530 551 570 515 570
382 1088 418 1088 418 1128 382 1128
250 833 273 833 273 873 250 873
38 622 76 622 76 662 38 662
584 1013 623 1013 623 1053 584 1053
711 387 751 387 751 427 711 427
510 453 552 453 552 493 510 493
116 747 136 747 136 788 116 788
716 853 752 853 752 894 716 894
381 779 419 779 419 820 381 820
586 895 610 895 610 936 586 936
246 368 271 368 271 409 246 409
46 417 76 417 76 458 46 458
380 817 413 817 413 858 380 858
336 658 369 658 369 699 336 699
519 1155 550 1155 550 1197 519 1197
447 1239 488 1239 488 1281 447 1281
174 473 216 473 216 515 174 515
578 526 624 526 624 568 578 568
511 214 547 214 547 256 511 256
109 880 145 880 145 922 109 922
579 483 621 483 621 525 579 525
661 565 677 565 677 608 661 608
568 211 596 211 596 254 568 254
648 463 679 463 679 506 648 506
241 441 283 441 283 484 241 484
49 850 71 850 71 893 49 893
720 541 744 541 744 584 720 584
39 304 73 304 73 348 39 348
40 771 82 771 82 815 40 815
177 516 213 516 213 560 177 560
109 916 145 916 145 961 109 961
782 660 822 660 822 705 782 705
790 1034 805 1034 805 1080 790 1080
338 497 358 497 358 543 338 543
437 778 463 778 463 824 437 824
454 871 478 871 478 918 454 918
717 748 750 748 750 795 717 795
446 917 481 917 481 965 446 965
593 1047 609 1047 609 1095 593 1095
780 903 821 903 821 951 780 951
787 477 808 477 808 526 787 526
796 779 804 779 804 829 796 829
386 898 415 898 415 953 386 953
717 1214 750 1214 750 1269 717 1269
713 586 758 586 758 642 713 642
720 691 751 691 751 751 720 751
