327 1211 339 1211 339 1224 327 1224
564 925 595 925 595 938 564 938
481 408 491 408 491 422 481 422
125 1083 149 1083 149 1097 125 1097
499 596 507 596 507 610 499 610
755 781 784 781 784 796 755 796
897 1328 926 1328 926 1343 897 1343
561 902 591 902 591 917 561 917
543 685 550 685 550 701 543 701
266 299 282 299 282 315 266 315
822 688 855 688 855 704 822 704
320 1071 349 1071 349 1087 320 1087
688 545 714 545 714 563 688 563
830 1221 864 1221 864 1239 830 1239
624 1032 636 1032 636 1051 624 1051
404 525 426 525 426 544 404 544
572 793 586 793 586 812 572 812
620 852 641 852 641 872 620 872
457 504 479 504 479 524 457 524
480 1297 502 1297 502 1317 480 1317
531 979 555 979 555 999 531 999
536 954 550 954 550 974 536 974
537 851 551 851 551 871 537 871
333 718 355 718 355 738 333 738
529 518 557 518 557 538 529 538
487 576 515 576 515 596 487 596
570 880 584 880 584 900 570 900
267 777 288 777 288 797 267 797
680 732 727 732 727 752 680 752
535 665 561 665 561 686 535 686
454 528 483 528 483 549 454 549
486 941 498 941 498 963 486 963
340 1350 357 1350 357 1372 340 1372
197 974 221 974 221 996 197 996
631 616 657 616 657 638 631 638
572 1058 585 1058 585 1080 572 1080
458 472 474 472 474 494 458 494
552 376 563 376 563 398 552 398
201 1229 218 1229 218 1251 201 1251
323 1186 343 1186 343 1208 323 1208
350 984 372 984 372 1006 350 1006
321 1224 347 1224 347 1246 321 1246
895 1342 934 1342 934 1364 895 1364
533 495 545 495 545 518 533 518
764 1311 776 1311 776 1334 764 1334
407 719 426 719 426 742 407 742
130 1381 150 1381 150 1404 130 1404
335 788 358 788 358 811 335 811
570 612 586 612 586 636 570 636
407 297 426 297 426 321 407 321
473 838 496 838 496 862 473 862
265 922 293 922 293 946 265 946
693 481 706 481 706 505 693 505
322 985 336 985 336 1009 322 1009
570 674 585 674 585 698 570 698
356 1084 372 1084 372 1108 356 1108
266 439 283 439 283 463 266 463
479 1003 499 1003 499 1027 479 1027
128 699 148 699 148 723 128 723
530 542 560 542 560 566 530 566
275 902 292 902 292 926 275 926
478 1246 497 1246 497 1270 478 1270
467 914 508 914 508 938 467 938
548 704 560 704 560 729 548 729
570 735 583 735 583 760 570 760
833 437 849 437 849 462 833 462
130 1297 150 1297 150 1322 130 1322
337 870 359 870 359 895 337 895
564 1081 587 1081 587 1106 564 1106
319 1244 349 1244 349 1269 319 1269
560 507 591 507 591 532 560 532
820 893 858 893 858 918 820 918
900 450 917 450 917 475 900 475
749 861 789 861 789 886 749 886
356 1112 372 1112 372 1138 356 1138
757 888 784 888 784 914 757 914
321 1161 352 1161 352 1187 321 1187
191 1093 224 1093 224 1119 191 1119
487 613 505 613 505 639 487 639
563 539 588 539 588 565 563 565
681 422 718 422 718 448 681 448
259 949 298 949 298 975 259 975
353 1244 384 1244 384 1270 353 1270
124 1194 159 1194 159 1220 124 1220
118 1014 156 1014 156 1040 118 1040
322 1038 343 1038 343 1065 322 1065
619 486 641 486 641 513 619 513
355 1217 381 1217 381 1244 355 1244
485 1122 524 1122 524 1149 485 1149
622 1002 638 1002 638 1029 622 1029
405 456 422 456 422 483 405 483
565 764 591 764 591 791 565 791
354 1185 383 1185 383 1212 354 1212
825 1053 860 1053 860 1080 825 1080
560 1026 596 1026 596 1053 560 1053
260 361 296 361 296 388 260 388
195 754 217 754 217 782 195 782
527 998 560 998 560 1026 527 1026
121 548 159 548 159 576 121 576
191 684 229 684 229 712 191 712
691 451 721 451 721 479 691 479
347 1012 377 1012 377 1040 347 1040
825 796 857 796 857 824 825 824
482 470 517 470 517 498 482 498
121 1103 157 1103 157 1131 121 1131
893 420 932 420 932 448 893 448
605 299 648 299 648 327 605 327
531 463 551 463 551 491 531 491
825 407 854 407 854 435 825 435
484 506 514 506 514 534 484 534
888 628 923 628 923 656 888 656
204 1301 239 1301 239 1329 204 1329
468 374 503 374 503 403 468 403
837 1375 853 1375 853 1405 837 1405
326 1130 349 1130 349 1160 326 1160
187 1199 230 1199 230 1229 187 1229
322 1011 335 1011 335 1041 322 1041
551 342 569 342 569 372 551 372
754 384 790 384 790 414 754 414
829 612 849 612 849 643 829 643
690 702 712 702 712 733 690 733
756 1337 786 1337 786 1368 756 1368
185 524 221 524 221 555 185 555
320 418 362 418 362 449 320 449
823 338 855 338 855 369 823 369
471 1268 503 1268 503 1299 471 1299
823 464 856 464 856 495 823 495
617 1238 651 1238 651 1269 617 1269
825 929 863 929 863 960 825 960
759 918 777 918 777 949 759 949
197 1169 218 1169 218 1200 197 1200
564 569 588 569 588 600 564 600
745 1028 799 1028 799 1059 745 1059
574 850 585 850 585 882 574 882
688 505 717 505 717 537 688 537
191 391 221 391 221 423 191 423
326 386 358 386 358 418 326 418
473 1316 512 1316 512 1348 473 1348
753 546 793 546 793 578 753 578
753 996 795 996 795 1028 753 1028
608 199 655 199 655 231 608 231
537 912 549 912 549 944 537 944
572 701 586 701 586 733 572 733
615 374 637 374 637 406 615 406
185 904 219 904 219 936 185 936
189 716 225 716 225 748 189 748
613 779 649 779 649 811 613 811
825 1297 871 1297 871 1329 825 1329
133 772 149 772 149 805 133 805
826 854 858 854 858 887 826 887
630 570 664 570 664 603 630 603
399 745 433 745 433 778 399 778
468 187 508 187 508 220 468 220
562 817 593 817 593 850 562 850
120 381 159 381 159 414 120 414
474 1348 519 1348 519 1381 474 1381
757 461 779 461 779 494 757 494
831 369 862 369 862 402 831 402
530 879 561 879 561 912 530 912
132 577 148 577 148 611 132 611
532 735 560 735 560 769 532 769
893 784 930 784 930 818 893 818
746 581 799 581 799 615 746 615
331 1273 366 1273 366 1307 331 1307
119 929 157 929 157 963 119 963
596 527 635 527 635 561 596 561
188 481 229 481 229 515 188 515
116 843 159 843 159 877 116 877
825 1017 869 1017 869 1051 825 1051
577 638 586 638 586 673 577 673
637 525 657 525 657 560 637 560
128 455 153 455 153 490 128 490
466 246 503 246 503 281 466 281
262 321 283 321 283 356 262 356
903 1369 924 1369 924 1404 903 1404
564 984 593 984 593 1019 564 1019
190 1375 230 1375 230 1410 190 1410
327 647 372 647 372 682 327 682
539 770 551 770 551 805 539 805
493 539 511 539 511 574 493 574
261 622 292 622 292 657 261 657
465 1209 512 1209 512 1244 465 1244
330 676 361 676 361 712 330 712
611 1208 656 1208 656 1244 611 1244
750 1189 797 1189 797 1225 750 1225
126 614 155 614 155 650 126 650
472 294 503 294 503 330 472 330
823 755 858 755 858 791 823 791
398 484 431 484 431 521 398 521
325 297 364 297 364 334 325 334
393 418 441 418 441 455 393 455
480 1370 502 1370 502 1407 480 1407
128 804 151 804 151 841 128 841
334 937 359 937 359 974 334 974
600 563 627 563 627 600 600 600
620 443 651 443 651 480 620 480
615 1320 652 1320 652 1357 615 1357
824 1123 867 1123 867 1160 824 1160
609 1136 652 1136 652 1173 609 1173
468 796 498 796 498 833 468 833
257 703 294 703 294 740 257 740
468 763 505 763 505 800 468 800
190 865 227 865 227 902 190 902
614 1360 654 1360 654 1397 614 1397
328 1088 340 1088 340 1126 328 1126
759 955 779 955 779 993 759 993
125 416 155 416 155 454 125 454
121 1224 161 1224 161 1262 121 1262
331 1366 375 1366 375 1404 331 1404
610 1167 656 1167 656 1205 610 1205
197 649 215 649 215 687 197 687
551 297 579 297 579 335 551 335
893 1234 935 1234 935 1272 893 1272
254 738 288 738 288 777 254 777
892 697 927 697 927 736 892 736
609 407 649 407 649 446 609 446
606 741 651 741 651 780 606 780
537 568 549 568 549 607 537 607
761 1055 787 1055 787 1094 761 1094
573 939 585 939 585 978 573 978
199 823 213 823 213 862 199 862
187 785 229 785 229 824 187 824
326 609 373 609 373 648 326 648
407 379 432 379 432 419 407 419
559 463 590 463 590 503 559 503
684 659 717 659 717 699 684 699
888 657 937 657 937 697 888 697
136 1254 149 1254 149 1295 136 1295
473 959 500 959 500 1000 473 1000
611 806 647 806 647 847 611 847
755 1267 797 1267 797 1308 755 1308
829 649 847 649 847 690 829 690
332 338 351 338 351 379 332 379
620 1093 643 1093 643 1134 620 1134
612 875 643 875 643 916 612 916
463 688 504 688 504 729 463 729
189 998 231 998 231 1039 189 1039
185 932 234 932 234 973 185 973
326 1310 379 1310 379 1351 326 1351
886 335 931 335 931 376 886 376
324 897 375 897 375 938 324 938
832 1080 856 1080 856 1122 832 1122
193 554 223 554 223 596 193 596
256 660 290 660 290 702 256 702
679 384 717 384 717 426 679 426
751 1224 797 1224 797 1266 751 1266
182 1333 229 1333 229 1375 182 1375
352 1040 376 1040 376 1082 352 1082
756 496 787 496 787 538 756 538
328 452 371 452 371 494 328 494
886 533 929 533 929 575 886 575
846 823 855 823 855 866 846 866
480 1071 504 1071 504 1114 480 1114
896 1185 924 1185 924 1228 896 1228
612 640 656 640 656 683 612 683
609 236 656 236 656 279 609 279
473 868 502 868 502 911 473 911
464 642 507 642 507 685 464 685
899 739 916 739 916 782 899 782
350 1141 387 1141 387 1184 350 1184
755 415 794 415 794 458 755 458
891 821 930 821 930 864 891 864
682 565 723 565 723 608 682 608
681 340 723 340 723 383 681 383
751 1142 795 1142 795 1185 751 1185
750 1102 798 1102 798 1145 750 1145
605 1273 653 1273 653 1316 605 1316
195 1255 223 1255 223 1299 195 1299
471 331 501 331 501 376 471 376
613 958 659 958 659 1003 613 1003
118 1039 166 1039 166 1084 118 1084
464 418 493 418 493 463 464 463
614 330 645 330 645 375 614 375
469 724 499 724 499 769 469 769
679 610 722 610 722 655 679 655
193 596 220 596 220 642 193 642
401 610 437 610 437 656 401 656
888 376 931 376 931 422 888 422
609 1052 658 1052 658 1098 609 1098
890 1275 933 1275 933 1321 890 1321
268 804 291 804 291 851 268 851
185 432 224 432 224 479 185 479
887 1078 933 1078 933 1125 887 1125
323 742 374 742 374 789 323 789
132 652 144 652 144 699 132 699
889 974 933 974 933 1021 889 1021
326 559 370 559 370 607 326 607
888 922 932 922 932 970 888 970
747 728 792 728 792 776 747 776
393 325 440 325 440 373 393 373
469 1029 516 1029 516 1077 469 1077
253 521 300 521 300 570 253 570
251 467 300 467 300 516 251 516
119 330 158 330 158 379 119 379
758 612 785 612 785 661 758 661
188 1039 227 1039 227 1088 188 1088
537 401 580 401 580 450 537 450
818 509 865 509 865 559 818 559
888 575 926 575 926 625 888 625
116 722 161 722 161 772 116 772
890 1026 936 1026 936 1076 890 1076
332 814 361 814 361 865 332 865
820 1242 871 1242 871 1293 820 1293
120 879 155 879 155 930 120 930
820 968 857 968 857 1019 820 1019
114 962 165 962 165 1013 114 1013
818 560 865 560 865 611 818 611
266 391 280 391 280 443 266 443
885 866 932 866 932 918 885 918
254 567 294 567 294 619 254 619
820 1324 865 1324 865 1377 820 1377
124 491 162 491 162 545 124 545
536 594 553 594 553 648 536 648
403 663 431 663 431 718 403 718
610 685 648 685 648 740 610 740
751 671 795 671 795 726 751 726
626 915 646 915 646 970 626 970
132 1324 148 1324 148 1379 132 1379
395 550 437 550 437 605 395 605
826 1162 868 1162 868 1217 826 1217
752 798 794 798 794 854 752 854
539 792 557 792 557 848 539 848
892 1124 927 1124 927 1184 892 1184
122 1133 160 1133 160 1193 122 1193
468 1147 512 1147 512 1208 468 1208
326 500 367 500 367 562 326 562
696 744 703 744 703 826 696 826
