845 1077 853 1077 853 1086 845 1086
615 1062 634 1062 634 1074 615 1074
476 613 497 613 497 626 476 626
544 1016 565 1016 565 1029 544 1029
257 1288 288 1288 288 1301 257 1301
633 575 653 575 653 588 633 588
845 1374 855 1374 855 1388 845 1388
899 1327 907 1327 907 1342 899 1342
618 1281 630 1281 630 1296 618 1296
889 1345 918 1345 918 1360 889 1360
332 756 349 756 349 771 332 771
146 848 153 848 153 864 146 864
195 1187 211 1187 211 1203 195 1203
819 412 849 412 849 428 819 428
696 816 703 816 703 832 696 832
118 633 129 633 129 649 118 649
146 671 161 671 161 687 146 687
632 617 653 617 653 633 632 633
147 490 155 490 155 507 147 507
147 536 156 536 156 553 147 553
607 502 618 502 618 519 607 519
616 1381 629 1381 629 1398 616 1398
545 377 560 377 560 394 545 394
194 800 211 800 211 817 194 817
109 732 134 732 134 749 109 749
257 540 290 540 290 558 257 558
107 557 127 557 127 575 107 575
472 1388 493 1388 493 1406 472 1406
616 1299 633 1299 633 1318 616 1318
630 525 653 525 653 544 630 544
397 444 421 444 421 463 397 463
187 443 212 443 212 462 187 462
887 594 920 594 920 613 887 613
606 837 642 837 642 856 606 856
332 430 347 430 347 450 332 450
680 673 710 673 710 693 680 693
126 410 141 410 141 430 126 430
333 522 350 522 350 542 333 542
632 443 653 443 653 463 632 463
886 378 914 378 914 398 886 398
405 348 415 348 415 368 405 368
542 559 556 559 556 579 542 579
196 914 211 914 211 934 196 934
147 864 154 864 154 885 147 885
115 748 127 748 127 769 115 769
259 824 281 824 281 845 259 845
891 695 914 695 914 716 891 716
470 1232 494 1232 494 1253 470 1253
897 1258 926 1258 926 1279 897 1279
543 497 553 497 553 518 543 518
112 709 129 709 129 730 112 730
402 1361 424 1361 424 1382 402 1382
612 1084 640 1084 640 1105 612 1105
197 852 207 852 207 874 197 874
149 649 160 649 160 671 149 671
541 793 556 793 556 815 541 815
544 916 561 916 561 938 544 938
543 1186 563 1186 563 1208 543 1208
108 771 136 771 136 793 108 793
322 1024 358 1024 358 1046 322 1046
692 563 702 563 702 585 692 585
113 578 123 578 123 600 113 600
195 1207 207 1207 207 1229 195 1229
265 472 279 472 279 494 265 494
259 1225 274 1225 274 1247 259 1247
402 1094 418 1094 418 1116 402 1116
117 651 128 651 128 674 117 674
145 557 157 557 157 580 145 580
637 590 649 590 649 613 637 613
404 1273 419 1273 419 1296 404 1296
826 952 842 952 842 975 826 975
541 583 564 583 564 606 541 606
475 537 488 537 488 560 475 560
193 1129 207 1129 207 1152 193 1152
195 771 210 771 210 794 195 794
544 352 562 352 562 375 544 375
141 885 163 885 163 908 141 908
471 1367 493 1367 493 1390 471 1390
188 1293 213 1293 213 1316 188 1316
332 1385 352 1385 352 1408 332 1408
470 1194 494 1194 494 1217 470 1217
890 506 922 506 922 529 890 529
757 797 772 797 772 821 757 821
893 939 909 939 909 963 893 963
616 796 633 796 633 820 616 820
472 1172 492 1172 492 1196 472 1196
322 556 356 556 356 580 322 580
606 1396 641 1396 641 1420 606 1420
257 346 292 346 292 370 257 370
757 551 766 551 766 575 757 575
475 1037 487 1037 487 1061 475 1061
195 345 207 345 207 369 195 369
265 1006 278 1006 278 1030 265 1030
544 1312 558 1312 558 1336 544 1336
111 527 128 527 128 551 111 551
616 1219 633 1219 633 1243 616 1243
110 679 137 679 137 703 110 703
607 905 640 905 640 929 607 929
546 719 559 719 559 744 546 744
402 916 416 916 416 941 402 941
265 723 279 723 279 748 265 748
825 471 835 471 835 496 825 496
639 465 651 465 651 490 639 490
615 722 628 722 628 747 615 747
544 1119 558 1119 558 1144 544 1144
473 745 487 745 487 770 473 770
193 1268 208 1268 208 1293 193 1293
403 1334 423 1334 423 1359 403 1359
542 1205 567 1205 567 1230 542 1230
890 1014 916 1014 916 1039 890 1039
330 773 359 773 359 798 330 798
747 474 779 474 779 499 747 499
332 1094 346 1094 346 1119 332 1119
403 1381 419 1381 419 1406 403 1406
328 585 350 585 350 610 328 610
143 715 165 715 165 740 143 740
142 746 164 746 164 771 142 771
140 688 163 688 163 713 140 713
608 470 617 470 617 496 608 496
332 1293 344 1293 344 1319 332 1319
403 370 418 370 418 396 403 396
404 1163 425 1163 425 1189 404 1189
399 1207 423 1207 423 1233 399 1233
837 1177 866 1177 866 1203 837 1203
603 444 624 444 624 470 603 470
474 1293 488 1293 488 1320 474 1320
332 687 347 687 347 714 332 714
829 1300 845 1300 845 1327 829 1327
399 1027 426 1027 426 1054 399 1054
326 1320 354 1320 354 1347 326 1347
333 1162 352 1162 352 1189 333 1189
142 621 165 621 165 648 142 648
887 566 916 566 916 593 887 593
607 519 615 519 615 546 607 546
264 1305 274 1305 274 1332 264 1332
638 490 659 490 659 517 638 517
330 492 352 492 352 519 330 519
752 768 775 768 775 795 752 795
137 917 162 917 162 944 137 944
189 935 216 935 216 962 189 962
136 820 165 820 165 847 136 847
183 1317 215 1317 215 1344 183 1344
689 641 703 641 703 669 689 669
137 951 158 951 158 979 137 979
400 720 422 720 422 748 400 748
536 518 564 518 564 546 536 546
612 1190 643 1190 643 1218 612 1218
187 668 219 668 219 696 187 696
607 1329 642 1329 642 1357 607 1357
193 820 212 820 212 848 193 848
632 547 653 547 653 575 632 575
332 1357 353 1357 353 1385 332 1385
109 604 134 604 134 632 109 632
400 1294 427 1294 427 1322 400 1322
611 1014 642 1014 642 1042 611 1042
254 444 289 444 289 472 254 472
606 578 616 578 616 607 606 607
534 1334 565 1334 565 1363 534 1363
462 904 501 904 501 933 462 933
144 507 160 507 160 536 144 536
538 1141 569 1141 569 1170 538 1170
606 965 638 965 638 994 606 994
464 875 499 875 499 904 464 904
821 613 839 613 839 642 821 642
264 1074 282 1074 282 1103 264 1103
142 582 165 582 165 611 142 611
889 1122 916 1122 916 1151 889 1151
887 1191 914 1191 914 1220 887 1220
540 744 569 744 569 773 540 773
676 962 705 962 705 991 676 991
326 712 357 712 357 741 326 741
882 831 915 831 915 860 882 860
885 1363 919 1363 919 1392 885 1392
605 356 645 356 645 385 605 385
334 898 347 898 347 928 334 928
690 743 705 743 705 773 690 773
264 1103 279 1103 279 1133 264 1133
546 984 565 984 565 1014 546 1014
893 475 918 475 918 505 893 505
754 432 783 432 783 462 754 462
539 941 569 941 569 971 539 971
396 1116 427 1116 427 1146 396 1146
330 976 356 976 356 1006 330 1006
603 994 630 994 630 1024 603 1024
325 451 360 451 360 481 325 481
187 635 224 635 224 665 187 665
535 1246 574 1246 574 1276 535 1276
604 1354 643 1354 643 1384 604 1384
824 774 841 774 841 805 824 805
188 370 217 370 217 401 188 401
465 1060 497 1060 497 1091 465 1091
252 373 289 373 289 404 252 404
757 576 772 576 772 607 757 607
602 547 620 547 620 578 602 578
260 1246 291 1246 291 1277 260 1277
608 1241 642 1241 642 1272 608 1272
893 615 907 615 907 646 893 646
539 1042 566 1042 566 1073 539 1073
614 1160 646 1160 646 1191 614 1191
324 1117 360 1117 360 1148 324 1148
464 934 501 934 501 965 464 965
398 650 425 650 425 682 398 682
326 926 354 926 354 958 326 958
321 347 361 347 361 379 321 379
900 441 906 441 906 473 900 473
681 1111 710 1111 710 1143 681 1143
462 769 497 769 497 801 462 801
890 754 909 754 909 787 890 787
685 833 704 833 704 866 685 866
823 578 843 578 843 611 823 611
402 982 423 982 423 1015 402 1015
257 580 288 580 288 613 257 613
393 748 426 748 426 781 393 781
750 349 787 349 787 382 750 382
193 1381 209 1381 209 1414 193 1414
125 377 144 377 144 410 125 410
189 561 219 561 219 594 189 594
819 346 850 346 850 379 819 379
464 965 496 965 496 998 464 998
257 494 290 494 290 527 257 527
606 930 641 930 641 963 606 963
254 614 293 614 293 647 254 647
891 1293 917 1293 917 1326 891 1326
396 939 423 939 423 972 396 972
680 784 708 784 708 817 680 817
818 918 855 918 855 951 818 951
821 500 845 500 845 534 821 534
607 748 637 748 637 782 607 782
257 745 288 745 288 779 257 779
186 1150 218 1150 218 1184 186 1184
256 971 294 971 294 1005 256 1005
255 1027 288 1027 288 1061 255 1061
186 966 222 966 222 1000 186 1000
465 378 502 378 502 412 465 412
253 898 291 898 291 932 253 932
394 1237 433 1237 433 1271 394 1271
813 377 852 377 852 411 813 411
814 1386 855 1386 855 1420 814 1420
884 347 926 347 926 381 884 381
894 1155 912 1155 912 1190 894 1190
325 657 355 657 355 692 325 692
187 697 222 697 222 732 187 732
817 807 855 807 855 842 817 842
534 415 573 415 573 450 534 450
751 611 776 611 776 646 751 646
468 1320 497 1320 497 1355 468 1355
117 341 150 341 150 376 117 376
889 1086 924 1086 924 1121 889 1121
251 1382 291 1382 291 1417 251 1417
109 487 125 487 125 522 109 522
542 1275 564 1275 564 1310 542 1310
535 835 566 835 566 870 535 870
185 596 220 596 220 631 185 631
391 684 428 684 428 719 391 719
187 732 225 732 225 767 187 767
817 1336 856 1336 856 1371 817 1371
882 1389 922 1389 922 1424 882 1424
466 341 507 341 507 376 466 376
671 869 714 869 714 904 671 904
471 560 499 560 499 596 471 596
395 517 430 517 430 553 395 553
466 1259 501 1259 501 1295 466 1295
884 908 921 908 921 944 884 944
254 1147 292 1147 292 1183 254 1183
253 936 292 936 292 972 253 972
605 394 646 394 646 430 605 430
191 1230 214 1230 214 1266 191 1266
392 1057 433 1057 433 1093 392 1093
186 1344 218 1344 218 1381 186 1381
882 1219 922 1219 922 1256 882 1256
324 863 367 863 367 900 324 900
257 859 289 859 289 896 257 896
884 717 920 717 920 754 884 754
394 477 433 477 433 514 394 514
115 437 155 437 155 474 115 474
259 1344 280 1344 280 1381 259 1381
817 431 852 431 852 468 817 468
191 1001 214 1001 214 1039 191 1039
680 1144 714 1144 714 1182 680 1182
603 305 642 305 642 343 603 343
602 860 643 860 643 898 602 898
830 642 837 642 837 681 830 681
192 521 223 521 223 560 192 560
185 873 217 873 217 912 185 912
469 412 504 412 504 451 469 451
819 1030 854 1030 854 1069 819 1069
883 867 926 867 926 906 883 906
673 998 711 998 711 1037 673 1037
394 603 434 603 434 642 394 642
896 523 909 523 909 562 896 562
462 997 499 997 499 1036 462 1036
463 496 502 496 502 535 463 535
816 1090 857 1090 857 1129 816 1129
890 788 913 788 913 828 890 828
881 403 920 403 920 443 881 443
259 687 294 687 294 728 259 728
816 1130 857 1130 857 1171 816 1171
752 687 781 687 781 728 752 728
818 988 855 988 855 1029 818 1029
183 475 223 475 223 516 183 516
325 1208 366 1208 366 1249 325 1249
149 771 155 771 155 812 149 812
325 1051 359 1051 359 1092 325 1092
816 685 857 685 857 726 816 726
753 821 780 821 780 863 753 863
819 534 857 534 857 576 819 576
746 509 785 509 785 551 746 551
830 874 836 874 836 916 830 916
751 387 780 387 780 429 751 429
534 1074 573 1074 573 1116 534 1116
682 914 708 914 708 957 682 957
185 1088 219 1088 219 1131 185 1131
605 1117 648 1117 648 1160 605 1160
753 646 766 646 766 689 753 689
882 969 919 969 919 1012 882 1012
323 613 362 613 362 656 323 656
393 559 432 559 432 602 393 602
391 872 433 872 433 915 391 915
396 833 432 833 432 876 396 876
684 519 718 519 718 563 684 563
257 403 295 403 295 447 257 447
818 1250 855 1250 855 1295 818 1295
326 382 360 382 360 427 326 427
326 817 365 817 365 862 326 862
889 1039 914 1039 914 1084 889 1084
253 1180 285 1180 285 1225 253 1225
462 699 501 699 501 744 462 744
466 651 491 651 491 697 466 697
749 723 779 723 779 769 749 769
607 637 640 637 640 683 607 683
679 693 713 693 713 739 679 739
533 450 572 450 572 496 533 496
533 620 578 620 578 666 533 666
886 647 915 647 915 695 886 695
325 1248 358 1248 358 1297 325 1297
606 684 646 684 646 733 606 733
186 1041 217 1041 217 1090 186 1090
466 446 498 446 498 497 466 497
533 666 571 666 571 717 533 717
679 589 705 589 705 641 679 641
536 869 569 869 569 921 536 921
