761 1033 805 1033 805 1043 761 1043
553 1023 596 1023 596 1035 553 1035
631 1186 662 1186 662 1200 631 1200
268 1087 304 1087 304 1101 268 1101
759 1105 813 1105 813 1121 759 1121
691 477 721 477 721 493 691 493
621 348 652 348 652 364 621 364
627 603 647 603 647 620 627 620
552 413 584 413 584 430 552 430
487 1118 508 1118 508 1136 487 1136
409 578 439 578 439 596 409 596
341 718 372 718 372 736 341 736
479 461 517 461 517 479 479 479
564 1080 581 1080 581 1098 564 1098
546 813 596 813 596 831 546 831
138 641 157 641 157 659 138 659
623 855 657 855 657 873 623 873
548 477 583 477 583 496 548 496
484 478 504 478 504 498 484 498
207 1041 237 1041 237 1061 207 1061
769 682 795 682 795 702 769 702
345 882 373 882 373 902 345 902
694 593 727 593 727 613 694 613
840 831 863 831 863 851 840 851
212 1199 235 1199 235 1219 212 1219
766 352 787 352 787 373 766 373
851 1100 873 1100 873 1121 851 1121
344 342 370 342 370 363 344 363
419 1112 441 1112 441 1134 419 1134
835 344 859 344 859 366 835 366
548 563 579 563 579 585 548 585
555 617 573 617 573 639 555 639
695 568 717 568 717 590 695 590
344 388 371 388 371 410 344 410
770 1083 801 1083 801 1105 770 1105
491 1407 524 1407 524 1429 491 1429
416 402 434 402 434 425 416 425
912 1134 941 1134 941 1157 912 1157
124 378 171 378 171 401 124 401
142 1145 160 1145 160 1168 142 1168
206 523 226 523 226 546 206 546
621 680 656 680 656 703 621 703
197 456 231 456 231 480 197 480
405 650 444 650 444 674 405 674
418 788 435 788 435 812 418 812
420 1242 443 1242 443 1266 420 1266
626 626 650 626 650 650 626 650
346 1305 371 1305 371 1329 346 1329
269 668 298 668 298 692 269 692
549 690 587 690 587 714 549 714
130 1034 165 1034 165 1058 130 1058
196 552 231 552 231 577 196 577
270 738 307 738 307 763 270 763
197 398 236 398 236 423 197 423
555 537 575 537 575 562 555 562
279 844 302 844 302 869 279 869
140 1376 163 1376 163 1401 140 1401
566 1189 603 1189 603 1214 566 1214
566 1372 608 1372 608 1397 566 1397
475 600 521 600 521 625 475 625
271 414 293 414 293 440 271 440
487 1331 513 1331 513 1357 487 1357
420 1403 455 1403 455 1429 420 1429
758 504 795 504 795 530 758 530
423 1381 442 1381 442 1407 423 1407
630 739 650 739 650 765 630 765
348 415 368 415 368 441 348 441
836 956 857 956 857 982 836 982
556 786 579 786 579 812 556 812
204 862 242 862 242 888 204 888
344 1125 390 1125 390 1151 344 1151
413 429 434 429 434 455 413 455
268 440 300 440 300 466 268 466
205 1099 238 1099 238 1125 205 1125
828 627 865 627 865 653 828 653
916 1000 934 1000 934 1027 916 1027
420 1309 446 1309 446 1336 420 1336
482 572 509 572 509 599 482 599
472 550 516 550 516 577 472 577
487 1266 509 1266 509 1293 487 1293
843 1004 865 1004 865 1032 843 1032
133 601 157 601 157 629 133 629
409 897 444 897 444 925 409 925
554 1216 593 1216 593 1244 554 1244
824 542 865 542 865 570 824 570
137 763 157 763 157 791 137 791
770 573 791 573 791 601 770 601
343 619 364 619 364 647 343 647
415 719 437 719 437 747 415 747
213 830 236 830 236 858 213 858
621 652 657 652 657 680 621 680
274 530 293 530 293 558 274 558
917 1104 938 1104 938 1132 917 1132
766 377 788 377 788 405 766 405
776 1119 800 1119 800 1147 776 1147
130 907 167 907 167 935 130 935
621 913 658 913 658 941 621 941
478 983 517 983 517 1011 478 1011
193 725 235 725 235 753 193 753
626 537 643 537 643 566 626 566
348 586 368 586 368 615 348 615
265 338 294 338 294 367 265 367
342 555 376 555 376 584 342 584
689 538 724 538 724 567 689 567
406 373 441 373 441 402 406 402
487 624 507 624 507 653 487 653
700 730 725 730 725 759 700 759
273 1007 302 1007 302 1036 273 1036
343 778 375 778 375 807 343 807
342 1233 378 1233 378 1262 342 1262
550 753 587 753 587 782 550 782
405 341 442 341 442 370 405 370
625 1282 666 1282 666 1311 625 1311
421 1142 443 1142 443 1172 421 1172
906 514 930 514 930 544 906 544
138 1402 176 1402 176 1432 138 1432
834 924 875 924 875 954 834 954
204 610 226 610 226 640 204 640
339 443 372 443 372 473 339 473
267 500 301 500 301 530 267 530
202 1169 238 1169 238 1199 202 1199
896 309 936 309 936 339 896 339
904 1156 945 1156 945 1186 904 1186
831 977 873 977 873 1007 831 1007
200 580 232 580 232 611 200 611
838 1169 873 1169 873 1200 838 1200
766 943 801 943 801 974 766 974
686 351 722 351 722 382 686 382
543 584 581 584 581 615 543 615
120 216 167 216 167 247 120 247
265 310 300 310 300 341 265 341
130 791 165 791 165 822 130 822
834 856 869 856 869 887 834 887
623 766 660 766 660 797 623 797
760 602 798 602 798 633 760 633
545 308 588 308 588 339 545 339
203 422 232 422 232 453 203 453
835 1033 876 1033 876 1064 835 1064
338 1365 387 1365 387 1396 338 1396
847 1069 869 1069 869 1101 847 1101
268 595 301 595 301 627 268 627
618 315 655 315 655 347 618 347
763 806 801 806 801 838 763 838
557 1344 595 1344 595 1376 557 1376
411 925 451 925 451 957 411 957
340 1155 385 1155 385 1187 340 1187
335 647 384 647 384 679 335 679
771 1050 797 1050 797 1082 771 1082
617 454 655 454 655 486 617 486
126 663 170 663 170 695 126 695
552 1275 597 1275 597 1307 552 1307
407 1030 458 1030 458 1062 407 1062
568 1399 590 1399 590 1432 568 1432
482 346 504 346 504 379 482 379
212 1389 240 1389 240 1422 212 1422
132 491 162 491 162 524 132 524
477 657 512 657 512 690 477 690
417 1266 452 1266 452 1299 417 1299
277 1275 316 1275 316 1308 277 1308
908 1072 949 1072 949 1105 908 1105
263 468 309 468 309 501 263 501
337 1330 387 1330 387 1363 337 1363
688 379 719 379 719 412 688 412
485 1295 520 1295 520 1328 485 1328
693 810 730 810 730 843 693 843
625 1000 665 1000 665 1033 625 1033
410 1172 463 1172 463 1205 410 1205
214 891 227 891 227 924 214 924
417 993 441 993 441 1026 417 1026
203 929 232 929 232 962 203 962
478 836 512 836 512 869 478 869
214 1336 248 1336 248 1369 214 1369
618 563 659 563 659 596 618 596
411 813 440 813 440 847 411 847
689 409 720 409 720 443 689 443
552 339 585 339 585 373 552 373
344 904 379 904 379 938 344 938
195 486 232 486 232 520 195 520
338 355 379 355 379 389 338 389
126 698 171 698 171 732 126 732
338 1399 385 1399 385 1433 338 1433
904 649 941 649 941 683 904 683
903 545 941 545 941 579 903 579
846 1394 886 1394 886 1428 846 1428
833 1198 873 1198 873 1232 833 1232
333 518 382 518 382 552 333 552
551 1309 600 1309 600 1343 551 1343
132 307 157 307 157 342 132 342
132 571 162 571 162 606 132 606
409 506 442 506 442 541 409 541
200 964 239 964 239 999 200 999
907 732 950 732 950 767 907 767
131 1213 177 1213 177 1248 131 1248
831 308 856 308 856 343 831 343
209 1222 235 1222 235 1257 209 1257
629 1341 663 1341 663 1376 629 1376
553 1242 590 1242 590 1277 553 1277
130 728 169 728 169 763 130 763
475 424 516 424 516 459 475 459
697 1083 739 1083 739 1118 697 1118
843 1233 869 1233 869 1268 843 1268
903 478 942 478 942 513 903 513
480 867 519 867 519 902 480 902
136 1293 176 1293 176 1328 136 1328
554 714 583 714 583 750 554 750
200 755 232 755 232 791 200 791
200 689 235 689 235 725 200 725
408 748 445 748 445 784 408 784
696 1045 735 1045 735 1081 696 1081
479 903 520 903 520 939 479 939
128 869 173 869 173 905 128 905
132 1106 163 1106 163 1142 132 1142
760 532 796 532 796 568 760 568
342 845 379 845 379 881 342 881
405 306 444 306 444 342 405 342
271 914 315 914 315 950 271 950
212 1259 232 1259 232 1296 212 1296
562 1151 590 1151 590 1188 562 1188
833 756 868 756 868 793 833 793
339 307 375 307 375 344 339 344
139 1333 163 1333 163 1370 139 1370
348 942 380 942 380 979 348 979
696 639 729 639 729 676 696 676
619 253 656 253 656 290 619 290
483 1140 522 1140 522 1177 483 1177
686 441 732 441 732 478 686 478
634 1031 652 1031 652 1068 634 1068
781 1341 800 1341 800 1378 781 1378
480 306 503 306 503 343 480 343
554 496 587 496 587 533 554 533
409 957 446 957 446 994 409 994
552 983 589 983 589 1020 552 1020
202 1002 241 1002 241 1039 202 1039
626 1244 669 1244 669 1281 626 1281
134 826 167 826 167 864 134 864
625 704 658 704 658 742 625 742
830 791 869 791 869 829 830 829
405 541 448 541 448 579 405 579
825 464 873 464 873 502 825 502
552 878 591 878 591 916 552 916
202 1061 243 1061 243 1099 202 1099
132 340 156 340 156 379 132 379
346 810 377 810 377 849 346 849
683 311 719 311 719 350 683 350
901 436 940 436 940 475 901 475
436 1204 445 1204 445 1243 436 1243
489 1179 516 1179 516 1218 489 1218
628 1151 661 1151 661 1190 628 1190
202 790 239 790 239 829 202 829
129 1252 171 1252 171 1291 129 1291
767 1304 810 1304 810 1343 767 1343
823 253 867 253 867 292 823 292
128 1171 174 1171 174 1210 128 1210
767 765 799 765 799 804 767 804
473 386 522 386 522 425 473 425
902 811 954 811 954 850 902 850
134 403 154 403 154 443 134 443
130 938 167 938 167 978 130 978
623 1110 661 1110 661 1150 623 1150
837 1269 884 1269 884 1309 837 1309
694 883 725 883 725 923 694 923
758 307 791 307 791 347 758 347
552 949 590 949 590 989 552 989
128 1063 170 1063 170 1103 128 1103
479 1358 533 1358 533 1398 479 1398
701 611 720 611 720 652 701 652
350 1265 371 1265 371 1306 350 1306
267 561 305 561 305 602 267 602
827 417 868 417 868 458 827 458
126 443 169 443 169 484 126 484
471 742 518 742 518 783 471 783
241 1361 247 1361 247 1402 241 1402
618 365 664 365 664 406 618 406
844 1310 880 1310 880 1351 844 1351
416 1066 454 1066 454 1107 416 1107
825 365 869 365 869 406 825 406
198 643 243 643 243 684 198 684
550 1036 595 1036 595 1077 550 1077
762 986 809 986 809 1027 762 1027
687 842 738 842 738 883 687 883
337 736 390 736 390 777 337 777
547 372 590 372 590 414 547 414
271 625 298 625 298 667 271 667
269 805 311 805 311 847 269 847
691 928 737 928 737 970 691 970
837 1351 888 1351 888 1393 837 1393
905 769 948 769 948 812 905 812
411 1338 457 1338 457 1381 411 1381
279 763 297 763 297 806 279 806
340 1190 390 1190 390 1233 340 1233
620 871 671 871 671 914 620 914
773 1259 799 1259 799 1302 773 1302
627 1301 657 1301 657 1344 627 1344
556 1108 590 1108 590 1152 556 1152
619 407 661 407 661 451 619 451
478 1068 527 1068 527 1112 478 1112
762 1211 812 1211 812 1255 762 1255
760 636 805 636 805 680 760 680
364 681 374 681 374 726 364 726
904 1029 949 1029 949 1074 904 1074
619 490 664 490 664 535 619 535
209 1125 238 1125 238 1170 209 1170
262 368 299 368 299 413 262 413
334 474 380 474 380 519 334 519
694 976 734 976 734 1021 694 1021
640 1062 647 1062 647 1108 640 1108
906 384 928 384 928 430 906 430
411 673 443 673 443 719 411 719
481 939 515 939 515 985 481 985
408 458 443 458 443 504 408 504
839 1125 878 1125 878 1171 839 1171
905 852 946 852 946 898 905 898
204 1297 245 1297 245 1343 204 1343
896 344 939 344 939 390 896 390
124 527 173 527 173 573 124 573
126 986 177 986 177 1032 126 1032
341 972 382 972 382 1018 341 1018
901 684 948 684 948 730 901 730
833 881 885 881 885 927 833 927
704 763 725 763 725 810 704 810
272 691 305 691 305 738 272 738
828 499 868 499 868 546 828 546
690 494 735 494 735 541 690 541
289 1039 296 1039 296 1086 289 1086
630 1202 661 1202 661 1249 630 1249
551 429 582 429 582 476 551 476
702 1123 727 1123 727 1171 702 1171
634 1376 666 1376 666 1424 634 1424
763 454 796 454 796 502 763 502
479 502 504 502 504 550 479 550
826 655 877 655 877 703 826 703
266 955 318 955 318 1003 266 1003
914 949 936 949 936 998 914 998
904 897 945 897 945 946 904 946
273 1108 302 1108 302 1158 273 1158
481 1218 518 1218 518 1268 481 1268
697 679 730 679 730 729 697 729
759 895 809 895 809 946 759 946
550 638 581 638 581 689 550 689
552 908 583 908 583 959 552 959
625 799 662 799 662 850 625 850
339 1017 385 1017 385 1069 339 1069
340 1076 380 1076 380 1128 340 1128
766 405 784 405 784 458 766 458
270 1159 305 1159 305 1212 270 1212
273 1212 310 1212 310 1265 273 1265
471 781 526 781 526 834 471 834
568 825 574 825 574 879 568 879
769 1376 824 1376 824 1431 769 1431
830 703 867 703 867 759 830 759
405 593 454 593 454 649 405 649
475 692 522 692 522 748 475 748
828 568 877 568 877 625 828 625
267 869 304 869 304 927 267 927
764 703 799 703 799 764 764 764
763 1148 806 1148 806 1209 763 1209
902 581 941 581 941 644 902 644
