261 347 289 347 289 359 261 359
540 508 567 508 567 522 540 522
328 760 357 760 357 774 328 774
191 417 218 417 218 433 191 433
680 644 710 644 710 660 680 660
683 667 700 667 700 685 683 685
606 510 636 510 636 528 606 528
611 329 630 329 630 347 611 347
535 1060 570 1060 570 1078 535 1078
605 303 635 303 635 321 605 321
336 302 358 302 358 321 336 321
266 1170 288 1170 288 1189 266 1189
535 1211 572 1211 572 1230 535 1230
533 1304 580 1304 580 1323 533 1323
334 968 356 968 356 988 334 988
336 1157 358 1157 358 1177 336 1177
476 1376 495 1376 495 1396 476 1396
134 1102 154 1102 154 1122 134 1122
200 1039 214 1039 214 1060 200 1060
331 1339 363 1339 363 1360 331 1360
404 772 424 772 424 794 404 794
332 464 360 464 360 486 332 486
536 644 566 644 566 666 536 666
135 1259 154 1259 154 1281 135 1281
327 655 361 655 361 677 327 677
324 329 366 329 366 351 324 351
393 967 428 967 428 989 393 989
464 658 498 658 498 681 464 681
885 652 918 652 918 675 885 675
258 711 291 711 291 735 258 735
187 1150 228 1150 228 1174 187 1174
530 581 573 581 573 605 530 605
255 771 293 771 293 796 255 796
535 1322 573 1322 573 1347 535 1347
129 996 150 996 150 1021 129 1021
610 902 631 902 631 927 610 927
679 1338 715 1338 715 1363 679 1363
611 480 631 480 631 506 611 506
336 434 354 434 354 460 336 460
342 1266 356 1266 356 1293 342 1293
472 1244 493 1244 493 1271 472 1271
403 938 424 938 424 965 403 965
473 629 495 629 495 656 473 656
464 295 494 295 494 322 464 322
254 1262 295 1262 295 1289 254 1289
608 998 638 998 638 1025 608 1025
462 795 499 795 499 822 462 822
618 1121 630 1121 630 1149 618 1149
608 870 637 870 637 898 608 898
606 446 637 446 637 474 606 474
680 574 700 574 700 602 680 602
189 846 222 846 222 874 189 874
264 1193 299 1193 299 1221 264 1221
188 1011 225 1011 225 1039 188 1039
603 929 643 929 643 957 603 957
535 1234 572 1234 572 1263 535 1263
124 1231 161 1231 161 1260 124 1260
122 1161 161 1161 161 1190 122 1190
681 788 701 788 701 817 681 817
402 1364 434 1364 434 1393 402 1393
325 725 360 725 360 754 325 754
462 366 494 366 494 395 462 395
397 1338 434 1338 434 1367 397 1367
266 1364 296 1364 296 1394 266 1394
677 1361 712 1361 712 1391 677 1391
325 1366 369 1366 369 1396 325 1396
190 542 221 542 221 572 190 572
530 417 572 417 572 447 530 447
612 741 631 741 631 772 612 772
681 820 703 820 703 851 681 851
133 1286 158 1286 158 1317 133 1317
264 979 299 979 299 1010 264 1010
269 933 285 933 285 964 269 964
266 1101 287 1101 287 1132 266 1132
468 1344 499 1344 499 1375 468 1375
133 1127 153 1127 153 1158 133 1158
259 413 294 413 294 444 259 444
464 1033 499 1033 499 1064 464 1064
464 1311 500 1311 500 1342 464 1342
341 1075 353 1075 353 1107 341 1107
472 1211 497 1211 497 1243 472 1243
602 666 639 666 639 698 602 698
608 1225 641 1225 641 1257 608 1257
190 977 227 977 227 1009 190 1009
604 1263 642 1263 642 1295 604 1295
256 1232 297 1232 297 1264 256 1264
460 874 501 874 501 907 460 907
272 1329 288 1329 288 1362 272 1362
538 377 556 377 556 410 538 410
251 737 296 737 296 770 251 770
466 1113 502 1113 502 1146 466 1146
325 527 366 527 366 560 325 560
529 1081 574 1081 574 1114 529 1114
664 855 716 855 716 888 664 888
559 1263 569 1263 569 1297 559 1297
543 1354 572 1354 572 1388 543 1388
538 347 563 347 563 381 538 381
325 783 357 783 357 817 325 817
466 582 499 582 499 616 466 616
327 871 360 871 360 905 327 905
325 680 365 680 365 714 325 714
391 413 434 413 434 447 391 447
334 397 364 397 364 432 334 432
601 530 644 530 644 565 601 565
669 1173 712 1173 712 1208 669 1208
544 714 564 714 564 749 544 749
542 607 570 607 570 642 542 642
260 1132 292 1132 292 1168 260 1168
119 1318 161 1318 161 1354 119 1354
403 690 421 690 421 726 403 726
612 1152 642 1152 642 1188 612 1188
119 1356 166 1356 166 1392 119 1392
134 1191 150 1191 150 1228 134 1228
888 605 909 605 909 642 888 642
397 847 425 847 425 884 397 884
328 358 363 358 363 395 328 395
327 486 367 486 367 523 327 523
186 1062 228 1062 228 1099 186 1099
393 1037 439 1037 439 1074 393 1074
677 1210 708 1210 708 1247 677 1247
188 752 221 752 221 789 188 789
260 454 295 454 295 491 260 491
389 991 432 991 432 1028 389 1028
618 1081 639 1081 639 1118 618 1118
334 1108 356 1108 356 1145 334 1145
682 446 706 446 706 483 682 483
598 700 643 700 643 737 598 737
673 1302 719 1302 719 1339 673 1339
258 498 295 498 295 536 258 536
609 360 631 360 631 398 609 398
671 301 710 301 710 339 671 339
679 696 702 696 702 735 679 735
467 449 494 449 494 488 467 488
330 1179 372 1179 372 1218 330 1218
394 1300 441 1300 441 1339 394 1339
338 1293 356 1293 356 1332 338 1332
265 620 285 620 285 659 265 659
196 705 217 705 217 744 196 744
468 948 497 948 497 987 468 987
328 916 359 916 359 955 328 955
604 403 641 403 641 442 604 442
534 1114 574 1114 574 1153 534 1153
546 847 560 847 560 886 546 886
535 883 577 883 577 922 535 922
473 540 491 540 491 580 473 580
331 1036 353 1036 353 1076 331 1076
188 620 226 620 226 660 188 660
121 909 161 909 161 949 121 949
485 722 497 722 497 762 485 762
268 1289 288 1289 288 1329 268 1329
266 886 295 886 295 926 266 926
674 743 711 743 711 783 674 783
326 996 369 996 369 1036 326 1036
388 648 435 648 435 688 388 688
259 538 297 538 297 579 259 579
190 1104 229 1104 229 1145 190 1145
474 325 498 325 498 366 474 366
128 1021 153 1021 153 1062 128 1062
460 402 497 402 497 443 460 443
462 685 499 685 499 726 462 726
465 757 502 757 502 798 465 798
260 580 299 580 299 621 260 621
393 726 432 726 432 767 393 767
118 234 158 234 158 275 118 275
671 890 712 890 712 931 671 931
474 1270 494 1270 494 1311 474 1311
333 1219 358 1219 358 1260 333 1260
538 753 565 753 565 794 538 794
537 970 571 970 571 1011 537 1011
672 601 706 601 706 642 672 642
537 798 574 798 574 839 537 839
117 866 162 866 162 907 117 907
127 298 144 298 144 340 127 340
606 774 634 774 634 816 606 816
548 1014 577 1014 577 1056 548 1056
611 1348 652 1348 652 1390 611 1390
546 670 571 670 571 712 546 712
672 1132 704 1132 704 1174 672 1174
124 680 158 680 158 722 124 722
254 368 298 368 298 410 254 410
668 531 716 531 716 573 668 573
402 798 422 798 422 841 402 841
670 230 703 230 703 273 670 273
329 564 364 564 364 607 329 607
187 931 228 931 228 974 187 974
256 1054 295 1054 295 1097 256 1097
602 619 643 619 643 662 602 662
601 822 653 822 653 865 601 865
606 1184 645 1184 645 1227 606 1227
393 550 436 550 436 593 393 593
121 416 166 416 166 459 121 459
196 574 224 574 224 618 196 618
129 582 162 582 162 626 129 626
120 767 157 767 157 811 120 811
673 1089 712 1089 712 1133 673 1133
461 828 507 828 507 872 461 872
605 953 655 953 655 997 605 997
462 904 500 904 500 948 462 948
669 394 713 394 713 438 669 438
196 658 227 658 227 703 196 703
262 1012 301 1012 301 1057 262 1057
870 309 926 309 926 354 870 354
674 342 697 342 697 387 674 387
533 301 570 301 570 346 533 346
393 1254 434 1254 434 1299 393 1299
550 923 560 923 560 968 550 968
670 487 717 487 717 532 670 532
331 607 363 607 363 653 331 653
464 487 501 487 501 533 464 533
191 491 218 491 218 537 191 537
608 1297 637 1297 637 1343 608 1343
121 815 160 815 160 861 121 861
395 449 427 449 427 496 395 496
394 1216 435 1216 435 1263 394 1263
321 817 365 817 365 864 321 864
125 1055 171 1055 171 1102 125 1102
397 500 436 500 436 547 397 547
403 1113 432 1113 432 1161 403 1161
123 723 159 723 159 771 123 771
464 1070 507 1070 507 1118 464 1118
664 933 717 933 717 981 664 981
608 1034 641 1034 641 1083 608 1083
394 595 428 595 428 644 394 644
126 627 160 627 160 676 126 676
537 1154 576 1154 576 1203 537 1203
188 878 227 878 227 927 188 927
399 1075 439 1075 439 1124 399 1124
614 570 632 570 632 619 614 619
772 528 828 528 828 577 772 577
251 797 297 797 297 846 251 846
672 1036 719 1036 719 1085 672 1085
124 526 152 526 152 576 124 576
121 945 162 945 162 995 121 995
396 886 426 886 426 936 396 936
533 454 576 454 576 504 533 504
468 1157 497 1157 497 1208 468 1208
875 487 922 487 922 538 875 538
413 348 423 348 423 399 413 399
530 525 580 525 580 576 530 576
463 988 512 988 512 1039 463 1039
397 1161 432 1161 432 1213 397 1213
873 426 920 426 920 478 873 478
874 366 919 366 919 418 874 418
195 297 213 297 213 350 195 350
252 659 303 659 303 712 252 712
189 437 226 437 226 490 189 490
396 295 434 295 434 350 396 350
880 544 927 544 927 599 880 599
671 1246 718 1246 718 1304 671 1304
196 784 223 784 223 842 196 842
182 349 223 349 223 413 182 413
127 339 137 339 137 407 127 407
