277 1391 294 1391 294 1399 277 1399
283 469 302 469 302 478 283 478
278 1399 295 1399 295 1409 278 1409
665 1202 696 1202 696 1214 665 1214
196 864 221 864 221 877 196 877
219 398 236 398 236 413 219 413
464 818 487 818 487 833 464 833
146 1160 159 1160 159 1175 146 1175
609 433 636 433 636 448 609 448
131 636 155 636 155 652 131 652
343 544 354 544 354 560 343 560
730 956 766 956 766 973 730 973
533 1344 545 1344 545 1361 533 1361
880 563 910 563 910 580 880 580
261 1183 276 1183 276 1201 261 1201
676 735 697 735 697 753 676 753
453 1315 489 1315 489 1333 453 1333
590 1393 639 1393 639 1411 590 1411
877 703 903 703 903 722 877 722
608 1088 630 1088 630 1108 608 1108
862 1397 898 1397 898 1417 862 1417
863 723 916 723 916 743 863 743
881 738 899 738 899 758 881 758
251 1338 283 1338 283 1358 251 1358
820 577 835 577 835 598 820 598
259 901 292 901 292 922 259 922
259 479 293 479 293 500 259 500
322 1073 358 1073 358 1094 322 1094
186 1157 230 1157 230 1178 186 1178
877 910 896 910 896 932 877 932
269 698 290 698 290 720 269 720
876 795 899 795 899 817 876 817
673 326 710 326 710 348 673 348
613 557 628 557 628 579 613 579
201 457 220 457 220 479 201 479
690 464 719 464 719 486 690 486
735 823 765 823 765 845 735 845
869 1264 903 1264 903 1286 869 1286
529 1363 545 1363 545 1386 529 1386
743 482 764 482 764 505 743 505
611 451 633 451 633 474 611 474
461 764 489 764 489 787 461 787
258 507 292 507 292 530 258 530
679 863 695 863 695 886 679 886
122 1330 148 1330 148 1353 122 1353
595 992 627 992 627 1015 595 1015
119 1230 152 1230 152 1253 119 1253
189 1131 224 1131 224 1154 189 1154
603 1302 619 1302 619 1325 603 1325
881 677 900 677 900 700 881 700
669 884 696 884 696 907 669 907
862 1038 908 1038 908 1061 862 1061
470 740 487 740 487 764 470 764
264 1130 284 1130 284 1154 264 1154
182 1374 214 1374 214 1398 182 1398
592 1211 630 1211 630 1235 592 1235
470 583 482 583 482 607 470 607
740 1029 758 1029 758 1053 740 1053
590 1367 623 1367 623 1391 590 1391
190 794 235 794 235 818 190 818
878 933 894 933 894 958 878 958
256 1037 296 1037 296 1062 256 1062
669 1218 691 1218 691 1243 669 1243
191 1284 206 1284 206 1309 191 1309
746 408 766 408 766 433 746 433
466 473 496 473 496 498 466 498
663 1355 695 1355 695 1380 663 1380
531 363 571 363 571 388 531 388
452 1387 497 1387 497 1412 452 1412
739 1056 758 1056 758 1082 739 1082
271 1159 292 1159 292 1185 271 1185
124 953 150 953 150 979 124 979
182 1342 218 1342 218 1368 182 1368
608 708 624 708 624 734 608 734
811 714 828 714 828 740 811 740
596 885 627 885 627 911 596 911
745 615 777 615 777 641 745 641
194 719 229 719 229 745 194 745
525 913 563 913 563 939 525 939
662 909 702 909 702 935 662 935
325 962 358 962 358 989 325 989
868 1108 904 1108 904 1135 868 1135
270 670 297 670 297 697 270 697
184 1310 211 1310 211 1337 184 1337
804 745 835 745 835 772 804 772
192 1024 228 1024 228 1051 192 1051
696 521 713 521 713 548 696 548
886 534 907 534 907 561 886 561
820 958 843 958 843 985 820 985
190 1176 225 1176 225 1203 190 1203
679 674 693 674 693 702 679 702
330 1132 352 1132 352 1160 330 1160
802 1068 833 1068 833 1096 802 1096
458 974 489 974 489 1002 458 1002
811 929 848 929 848 957 811 957
196 572 234 572 234 600 196 600
736 507 779 507 779 535 736 535
522 1276 566 1276 566 1304 522 1304
126 1168 143 1168 143 1196 126 1196
457 1194 486 1194 486 1222 457 1222
879 426 910 426 910 454 879 454
193 881 227 881 227 909 193 909
328 868 363 868 363 896 328 896
520 1387 562 1387 562 1415 520 1415
864 960 913 960 913 988 864 988
146 844 153 844 153 873 146 873
458 1360 477 1360 477 1389 458 1389
455 1002 486 1002 486 1031 455 1031
525 1158 559 1158 559 1187 525 1187
127 659 164 659 164 688 127 688
526 1011 565 1011 565 1040 526 1040
729 756 770 756 770 785 729 785
868 819 912 819 912 848 868 848
741 725 761 725 761 754 741 754
454 1141 492 1141 492 1170 454 1170
453 786 493 786 493 815 453 815
199 602 225 602 225 632 199 632
606 399 639 399 639 429 606 429
401 535 434 535 434 565 401 565
664 1109 704 1109 704 1139 664 1139
861 1145 903 1145 903 1175 861 1175
665 798 709 798 709 828 665 828
737 535 781 535 781 565 737 565
345 560 352 560 352 590 345 590
265 361 288 361 288 391 265 391
607 475 632 475 632 505 607 505
130 877 157 877 157 907 130 907
397 352 433 352 433 382 397 382
658 1042 710 1042 710 1072 658 1072
607 798 624 798 624 828 607 828
135 568 156 568 156 598 135 598
336 511 357 511 357 541 336 541
339 415 368 415 368 445 339 445
464 642 493 642 493 672 464 672
123 981 153 981 153 1011 123 1011
456 1166 487 1166 487 1196 456 1196
262 925 295 925 295 955 262 955
677 344 714 344 714 374 677 374
679 1319 701 1319 701 1350 679 1350
804 1204 832 1204 832 1235 804 1235
671 702 701 702 701 733 671 733
252 1299 288 1299 288 1330 252 1330
703 484 719 484 719 515 703 515
126 483 158 483 158 514 126 514
466 399 498 399 498 430 466 430
127 772 164 772 164 803 127 803
461 878 498 878 498 909 461 909
130 1355 141 1355 141 1387 130 1387
880 759 901 759 901 791 880 791
602 733 629 733 629 765 602 765
547 595 563 595 563 627 547 627
468 702 491 702 491 734 468 734
806 1137 830 1137 830 1169 806 1169
741 787 771 787 771 819 741 819
666 1077 700 1077 700 1109 666 1109
262 596 300 596 300 628 262 628
262 395 291 395 291 427 262 427
333 382 363 382 363 414 333 414
127 448 165 448 165 480 127 480
276 524 294 524 294 557 276 557
600 1177 628 1177 628 1210 600 1210
815 896 843 896 843 929 815 929
247 1362 283 1362 283 1395 247 1395
745 1115 760 1115 760 1148 745 1148
605 1229 623 1229 623 1262 605 1262
666 1382 696 1382 696 1415 666 1415
535 661 565 661 565 694 535 694
731 1083 765 1083 765 1116 731 1116
603 362 640 362 640 395 603 395
119 1293 156 1293 156 1326 119 1326
456 1032 497 1032 497 1065 456 1065
806 500 849 500 849 533 806 533
458 672 502 672 502 705 458 705
121 691 166 691 166 724 121 724
747 922 762 922 762 956 747 956
265 1056 283 1056 283 1090 265 1090
465 607 491 607 491 641 465 641
121 1195 156 1195 156 1229 121 1229
330 476 366 476 366 510 330 510
456 906 492 906 492 940 456 940
600 954 636 954 636 988 600 988
531 794 569 794 569 828 531 828
125 601 164 601 164 635 125 635
538 833 555 833 555 867 538 867
472 1330 491 1330 491 1364 472 1364
336 445 361 445 361 479 336 479
119 1254 151 1254 151 1288 119 1288
603 579 638 579 638 613 603 613
320 1035 360 1035 360 1069 320 1069
328 1097 351 1097 351 1131 328 1131
671 1002 696 1002 696 1036 671 1036
674 824 701 824 701 858 674 858
808 600 840 600 840 634 808 634
592 1145 630 1145 630 1179 592 1179
121 918 165 918 165 952 121 952
333 793 362 793 362 828 333 828
805 415 839 415 839 450 805 450
259 432 295 432 295 467 259 467
804 536 852 536 852 571 804 571
872 358 921 358 921 393 872 393
337 828 353 828 353 863 337 863
336 758 359 758 359 793 336 793
195 947 218 947 218 982 195 982
198 1095 221 1095 221 1130 198 1130
884 387 910 387 910 422 884 422
809 635 839 635 839 670 809 670
600 764 632 764 632 799 600 799
596 1016 632 1016 632 1051 596 1051
672 760 703 760 703 796 672 796
539 557 573 557 573 593 539 593
533 522 571 522 571 558 533 558
255 958 294 958 294 994 255 994
454 942 499 942 499 978 454 978
256 1217 286 1217 286 1253 256 1253
593 1264 624 1264 624 1300 593 1300
526 1086 559 1086 559 1122 526 1122
670 642 705 642 705 678 670 678
733 845 769 845 769 881 733 881
196 634 234 634 234 670 196 670
801 771 840 771 840 807 801 807
189 984 230 984 230 1020 189 1020
531 393 578 393 578 429 531 429
867 844 916 844 916 880 867 880
821 669 830 669 830 705 821 705
470 432 494 432 494 468 470 468
795 812 844 812 844 848 795 848
544 939 562 939 562 976 544 976
260 861 291 861 291 898 260 898
526 1120 558 1120 558 1157 526 1157
186 1204 226 1204 226 1241 186 1241
120 807 165 807 165 844 120 844
264 559 289 559 289 596 264 596
799 1171 833 1171 833 1208 799 1208
189 820 231 820 231 857 189 857
336 591 352 591 352 629 336 629
683 1128 703 1128 703 1166 683 1166
131 1013 153 1013 153 1051 131 1051
741 685 765 685 765 723 741 723
465 548 499 548 499 586 465 586
117 1120 164 1120 164 1158 117 1158
463 1104 482 1104 482 1142 463 1142
595 1050 629 1050 629 1088 595 1088
876 454 911 454 911 492 876 492
531 970 553 970 553 1008 531 1008
257 1255 282 1255 282 1293 257 1293
400 437 432 437 432 475 400 475
736 880 768 880 768 918 736 918
188 909 232 909 232 947 188 947
746 644 760 644 760 683 746 683
882 868 897 868 897 907 882 907
746 435 765 435 765 474 746 474
136 1051 155 1051 155 1090 136 1090
328 924 353 924 353 963 328 963
326 1212 354 1212 354 1251 326 1251
186 1241 224 1241 224 1280 186 1280
884 494 912 494 912 533 884 533
863 1180 905 1180 905 1219 863 1219
267 1090 285 1090 285 1130 267 1130
196 480 223 480 223 520 196 520
523 1233 565 1233 565 1273 523 1273
599 1326 622 1326 622 1366 599 1366
459 1225 490 1225 490 1265 459 1265
536 623 569 623 569 663 536 663
123 1072 163 1072 163 1112 123 1112
595 915 638 915 638 955 595 955
738 987 755 987 755 1027 738 1027
686 372 707 372 707 412 686 412
332 632 358 632 358 672 332 672
322 992 358 992 358 1032 322 1032
261 723 300 723 300 763 261 763
659 1244 701 1244 701 1284 659 1284
671 258 720 258 720 298 671 298
344 884 363 884 363 925 344 925
667 1280 692 1280 692 1321 667 1321
538 434 567 434 567 475 538 475
262 822 293 822 293 863 262 863
802 1329 836 1329 836 1370 802 1370
864 990 901 990 901 1031 864 1031
803 979 840 979 840 1020 803 1020
523 1044 563 1044 563 1085 523 1085
753 966 763 966 763 1008 753 1008
470 356 499 356 499 398 470 398
524 1189 566 1189 566 1231 524 1231
459 836 501 836 501 878 459 878
862 1221 904 1221 904 1263 862 1263
752 360 761 360 761 402 752 402
670 551 712 551 712 593 670 593
794 1100 838 1100 838 1142 794 1142
598 666 642 666 642 708 598 708
190 1054 227 1054 227 1097 190 1097
452 1268 489 1268 489 1311 452 1311
794 1287 838 1287 838 1330 794 1330
468 502 500 502 500 545 468 545
872 632 908 632 908 676 872 676
326 670 362 670 362 714 326 714
803 455 847 455 847 499 803 499
785 1372 838 1372 838 1416 785 1416
131 355 158 355 158 399 131 399
676 409 701 409 701 453 676 453
532 861 559 861 559 906 532 906
328 715 363 715 363 760 328 760
195 672 229 672 229 717 195 717
672 596 704 596 704 641 672 641
192 354 228 354 228 399 192 399
196 524 232 524 232 569 196 569
669 1156 691 1156 691 1202 669 1202
806 1023 829 1023 829 1069 806 1069
537 475 567 475 567 521 537 521
258 992 298 992 298 1038 258 1038
535 696 563 696 563 743 535 743
801 1237 829 1237 829 1284 801 1284
877 582 913 582 913 629 877 629
747 557 763 557 763 605 747 605
821 363 831 363 831 412 821 412
120 1352 144 1352 144 1401 120 1401
403 482 430 482 430 531 403 531
601 833 629 833 629 882 601 882
596 507 644 507 644 556 596 556
121 719 161 719 161 768 121 768
336 1160 346 1160 346 1209 336 1209
264 766 294 766 294 816 264 816
455 1066 493 1066 493 1116 455 1116
194 744 223 744 223 795 194 795
326 1250 354 1250 354 1301 326 1301
397 388 437 388 437 440 397 440
129 515 164 515 164 568 129 568
618 604 626 604 626 659 618 659
