620 554 655 554 655 560 620 560
821 1100 847 1100 847 1112 821 1112
835 413 863 413 863 426 835 426
828 647 853 647 853 660 828 660
342 742 372 742 372 755 342 755
622 799 646 799 646 813 622 813
72 381 98 381 98 395 72 395
282 381 308 381 308 396 282 396
472 1316 499 1316 499 1331 472 1331
485 726 512 726 512 741 485 741
482 893 509 893 509 909 482 909
466 1270 501 1270 501 1286 466 1286
690 851 716 851 716 867 690 867
759 813 787 813 787 829 759 829
267 890 300 890 300 906 267 906
283 582 314 582 314 599 283 599
544 1000 584 1000 584 1018 544 1018
345 417 382 417 382 435 345 435
124 1194 153 1194 153 1212 124 1212
695 446 726 446 726 464 695 464
58 1219 92 1219 92 1237 58 1237
834 875 848 875 848 894 834 894
558 362 593 362 593 381 558 381
824 623 859 623 859 642 824 642
753 1388 768 1388 768 1408 753 1408
65 656 102 656 102 676 65 676
706 625 718 625 718 645 706 645
535 1306 563 1306 563 1326 535 1326
821 857 859 857 859 877 821 877
57 1280 92 1280 92 1301 57 1301
202 1199 211 1199 211 1220 202 1220
491 494 510 494 510 515 491 515
535 1253 568 1253 568 1274 535 1274
672 1215 720 1215 720 1236 672 1236
352 473 365 473 365 495 352 495
626 900 641 900 641 922 626 922
770 633 786 633 786 655 770 655
76 782 92 782 92 804 76 804
286 319 306 319 306 341 286 341
811 1349 843 1349 843 1371 811 1371
815 1122 851 1122 851 1144 815 1144
473 590 510 590 510 612 473 612
208 315 246 315 246 337 208 337
837 598 851 598 851 621 837 621
490 542 508 542 508 565 490 565
478 844 514 844 514 867 478 867
264 922 300 922 300 945 264 945
272 506 311 506 311 529 272 529
699 600 722 600 722 623 699 623
480 567 509 567 509 590 480 590
331 1245 362 1245 362 1268 331 1268
273 783 305 783 305 806 273 806
267 861 302 861 302 884 267 884
551 529 591 529 591 552 551 552
137 1284 159 1284 159 1308 137 1308
760 721 795 721 795 745 760 745
78 681 88 681 88 705 78 705
624 492 655 492 655 516 624 516
595 1337 636 1337 636 1361 595 1361
613 1354 626 1354 626 1379 613 1379
341 1068 357 1068 357 1093 341 1093
483 1010 502 1010 502 1035 483 1035
551 632 579 632 579 657 551 657
606 1096 648 1096 648 1121 606 1121
542 914 588 914 588 939 542 939
625 1006 639 1006 639 1031 625 1031
215 464 246 464 246 489 215 489
817 1034 851 1034 851 1059 817 1059
629 326 667 326 667 351 629 351
481 1286 491 1286 491 1311 481 1311
417 987 430 987 430 1012 417 1012
268 1020 294 1020 294 1045 268 1045
60 1339 87 1339 87 1364 60 1364
478 515 511 515 511 540 478 540
694 326 728 326 728 351 694 351
60 803 102 803 102 828 60 828
828 360 876 360 876 385 828 385
546 1025 578 1025 578 1051 546 1051
763 1099 771 1099 771 1125 763 1125
548 1164 562 1164 562 1190 548 1190
676 1382 695 1382 695 1408 676 1408
634 466 653 466 653 492 634 492
564 417 585 417 585 443 564 443
398 1338 430 1338 430 1364 398 1364
549 581 584 581 584 607 549 607
618 662 654 662 654 688 618 688
423 446 439 446 439 473 423 473
773 416 791 416 791 443 773 443
685 1192 704 1192 704 1219 685 1219
399 1255 429 1255 429 1282 399 1282
548 796 580 796 580 823 548 823
689 719 729 719 729 746 689 746
467 1127 515 1127 515 1154 467 1154
153 363 166 363 166 390 153 390
823 1144 843 1144 843 1171 823 1171
411 555 446 555 446 582 411 582
768 783 781 783 781 810 768 810
548 1273 561 1273 561 1300 548 1300
620 1117 636 1117 636 1144 620 1144
612 1312 630 1312 630 1339 612 1339
340 760 370 760 370 787 340 787
542 1087 573 1087 573 1114 542 1114
679 940 712 940 712 967 679 967
762 495 798 495 798 522 762 522
833 469 858 469 858 497 833 497
832 382 864 382 864 410 832 410
683 820 723 820 723 848 683 848
687 465 729 465 729 493 687 493
706 536 718 536 718 564 706 564
550 936 570 936 570 964 550 964
763 1070 784 1070 784 1098 763 1098
553 727 582 727 582 755 553 755
628 387 661 387 661 415 628 415
809 1172 858 1172 858 1200 809 1200
73 955 85 955 85 984 73 984
412 1012 429 1012 429 1041 412 1041
482 943 505 943 505 972 482 972
482 326 521 326 521 355 482 355
460 1374 499 1374 499 1403 460 1403
491 862 503 862 503 891 491 891
843 329 864 329 864 358 843 358
67 712 92 712 92 741 67 741
603 1379 631 1379 631 1408 603 1408
758 656 801 656 801 685 758 685
829 496 873 496 873 525 829 525
815 1005 860 1005 860 1034 815 1034
119 1370 164 1370 164 1399 119 1399
286 477 302 477 302 506 286 506
547 1225 564 1225 564 1254 547 1254
205 659 237 659 237 688 205 688
564 604 578 604 578 634 564 634
537 1191 568 1191 568 1221 537 1221
261 1266 292 1266 292 1296 261 1296
72 508 106 508 106 538 72 538
343 1091 356 1091 356 1121 343 1121
486 914 500 914 500 944 486 944
274 945 290 945 290 975 274 975
489 816 505 816 505 846 489 846
623 866 645 866 645 896 623 896
420 415 449 415 449 445 420 445
619 725 651 725 651 755 619 755
776 570 788 570 788 601 776 601
753 1177 767 1177 767 1208 753 1208
612 1281 629 1281 629 1312 612 1312
763 941 781 941 781 972 763 972
211 528 233 528 233 559 211 559
693 791 715 791 715 822 693 822
824 706 855 706 855 737 824 737
345 629 377 629 377 660 345 660
483 427 517 427 517 458 483 458
349 869 363 869 363 900 349 900
76 314 98 314 98 345 76 345
484 656 515 656 515 687 484 687
330 1366 366 1366 366 1397 330 1397
471 1158 508 1158 508 1189 471 1189
685 869 724 869 724 900 685 900
129 590 170 590 170 621 129 621
144 711 159 711 159 742 144 742
341 901 357 901 357 932 341 932
417 825 437 825 437 856 417 856
698 564 723 564 723 595 698 595
70 346 99 346 99 377 70 377
65 988 95 988 95 1019 65 1019
204 800 236 800 236 831 204 831
759 835 792 835 792 866 759 866
259 1045 294 1045 294 1076 259 1076
749 910 784 910 784 941 749 941
618 517 655 517 655 548 618 548
406 744 451 744 451 775 406 775
803 1373 848 1373 848 1404 803 1404
412 1082 428 1082 428 1114 412 1114
559 551 579 551 579 583 559 583
615 1032 652 1032 652 1064 615 1064
479 398 519 398 519 430 479 430
543 658 586 658 586 690 543 690
193 940 237 940 237 972 193 972
84 1056 93 1056 93 1088 84 1088
687 1017 703 1017 703 1049 687 1049
203 1029 221 1029 221 1061 203 1061
146 467 167 467 167 499 146 499
344 320 391 320 391 352 344 352
753 1207 771 1207 771 1240 753 1240
529 1328 566 1328 566 1361 529 1361
619 1065 636 1065 636 1098 619 1098
203 763 232 763 232 796 203 796
414 585 444 585 444 618 414 618
330 1121 363 1121 363 1154 330 1154
411 857 445 857 445 890 411 890
192 1162 227 1162 227 1195 192 1195
59 1025 94 1025 94 1058 59 1058
764 379 802 379 802 412 764 412
556 325 595 325 595 358 556 358
212 692 230 692 230 725 212 725
146 432 166 432 166 465 146 465
834 524 865 524 865 557 834 557
132 744 165 744 165 777 132 777
691 645 726 645 726 678 691 678
686 1159 705 1159 705 1193 686 1193
748 1239 767 1239 767 1273 748 1273
416 475 448 475 448 509 416 509
480 748 513 748 513 782 480 782
677 1048 710 1048 710 1082 677 1082
262 1080 298 1080 298 1114 262 1114
690 498 736 498 736 532 690 532
280 600 304 600 304 634 280 634
688 677 719 677 719 711 688 711
816 1203 848 1203 848 1237 816 1237
134 624 172 624 172 658 134 658
824 738 862 738 862 772 824 772
342 838 360 838 360 873 342 873
269 812 308 812 308 847 269 847
196 1293 212 1293 212 1328 196 1328
187 1360 219 1360 219 1395 187 1395
542 1051 575 1051 575 1086 542 1086
120 1334 153 1334 153 1369 120 1369
191 1257 225 1257 225 1292 191 1292
630 352 666 352 666 387 630 387
185 1329 223 1329 223 1364 185 1364
753 686 797 686 797 721 753 721
694 1123 715 1123 715 1158 694 1158
565 381 594 381 594 416 565 416
272 700 310 700 310 735 272 735
463 1337 506 1337 506 1372 463 1372
829 969 854 969 854 1005 829 1005
273 1192 300 1192 300 1228 273 1228
211 340 246 340 246 376 211 376
65 831 102 831 102 867 65 867
540 964 580 964 580 1000 540 1000
66 1301 84 1301 84 1337 66 1337
539 1363 564 1363 564 1399 539 1399
57 1366 93 1366 93 1402 57 1402
478 459 517 459 517 495 478 495
826 894 853 894 853 931 826 931
264 1230 293 1230 293 1267 264 1267
475 1035 506 1035 506 1072 475 1072
608 1239 643 1239 643 1276 608 1276
211 380 244 380 244 417 211 417
133 975 166 975 166 1012 133 1012
122 1247 157 1247 157 1284 122 1284
739 1309 775 1309 775 1346 739 1346
140 501 177 501 177 538 140 538
469 1185 507 1185 507 1222 469 1222
476 687 516 687 516 724 476 724
612 969 653 969 653 1006 612 1006
124 1300 165 1300 165 1337 124 1337
200 725 241 725 241 762 200 762
488 972 495 972 495 1009 488 1009
837 1235 844 1235 844 1272 837 1272
479 779 514 779 514 816 479 816
678 1086 716 1086 716 1123 678 1123
344 593 384 593 384 630 344 630
273 342 317 342 317 379 273 379
433 614 443 614 443 652 433 652
210 491 237 491 237 529 210 529
142 391 172 391 172 429 142 429
823 775 861 775 861 813 823 813
345 664 376 664 376 702 345 702
815 1059 852 1059 852 1097 815 1097
556 443 595 443 595 481 556 481
328 1158 370 1158 370 1196 328 1196
412 512 455 512 455 550 412 550
154 778 164 778 164 817 154 817
137 802 156 802 156 841 137 841
129 839 169 839 169 878 129 878
139 1013 162 1013 162 1052 139 1052
407 1043 434 1043 434 1082 407 1082
610 1147 640 1147 640 1186 610 1186
69 578 107 578 107 617 69 617
746 1277 765 1277 765 1316 746 1316
215 417 241 417 241 456 215 456
344 702 378 702 378 741 344 741
548 756 584 756 584 795 548 795
264 1111 303 1111 303 1150 264 1150
616 756 656 756 656 795 616 795
339 980 363 980 363 1020 339 1020
624 619 649 619 649 659 624 659
62 1173 97 1173 97 1213 62 1213
343 498 380 498 380 538 343 538
829 428 869 428 869 468 829 468
277 439 317 439 317 479 277 479
61 742 101 742 101 782 61 782
694 401 735 401 735 441 694 441
75 539 97 539 97 579 75 579
757 867 790 867 790 907 757 907
614 689 658 689 658 729 614 729
137 1057 152 1057 152 1098 137 1098
825 813 855 813 855 854 825 854
362 432 370 432 370 473 362 473
144 928 152 928 152 969 144 969
202 1218 214 1218 214 1259 202 1259
827 665 861 665 861 706 827 706
757 745 792 745 792 786 757 786
206 850 228 850 228 891 206 891
485 352 519 352 519 393 485 393
556 685 577 685 577 727 556 727
486 615 508 615 508 657 486 657
146 1213 170 1213 170 1255 146 1255
340 934 368 934 368 976 340 976
205 564 242 564 242 606 205 606
327 1269 369 1269 369 1311 327 1311
65 1078 89 1078 89 1120 65 1120
557 486 586 486 586 528 557 528
274 737 306 737 306 779 274 779
226 832 233 832 233 875 226 875
815 1255 838 1255 838 1298 815 1298
268 1152 293 1152 293 1195 268 1195
341 787 368 787 368 830 341 830
256 1295 295 1295 295 1338 256 1338
770 584 778 584 778 627 770 627
702 899 714 899 714 942 702 942
753 1027 787 1027 787 1070 753 1070
628 418 663 418 663 461 628 461
75 617 100 617 100 660 75 660
417 372 452 372 452 415 417 415
123 1148 160 1148 160 1191 123 1191
687 746 726 746 726 789 687 789
544 870 585 870 585 913 544 913
75 1232 82 1232 82 1276 75 1276
402 1160 437 1160 437 1204 402 1204
410 1115 429 1115 429 1160 410 1160
668 1286 707 1286 707 1331 668 1331
397 1205 438 1205 438 1250 397 1250
61 865 98 865 98 910 61 910
203 893 230 893 230 939 203 939
617 815 649 815 649 861 617 861
57 909 101 909 101 955 57 955
779 330 787 330 787 376 779 376
74 461 96 461 96 507 74 507
766 524 804 524 804 570 766 570
741 1344 780 1344 780 1390 741 1390
329 1020 369 1020 369 1066 329 1066
269 972 290 972 290 1019 269 1019
141 316 176 316 176 363 141 363
406 780 454 780 454 827 406 827
622 923 637 923 637 970 622 970
476 1223 503 1223 503 1270 476 1270
418 637 441 637 441 685 418 685
620 566 656 566 656 614 620 614
332 1197 368 1197 368 1245 332 1245
256 1343 296 1343 296 1391 256 1391
763 446 805 446 805 494 763 494
197 1111 227 1111 227 1160 197 1160
537 1115 578 1115 578 1164 537 1164
398 1285 438 1285 438 1334 398 1334
667 1331 710 1331 710 1380 667 1380
811 1298 855 1298 855 1347 811 1347
287 633 295 633 295 682 287 682
331 1309 358 1309 358 1359 331 1359
421 321 450 321 450 371 421 371
122 1098 162 1098 162 1148 122 1148
685 970 716 970 716 1020 685 1020
403 942 446 942 446 992 403 992
135 661 168 661 168 712 135 712
548 821 582 821 582 872 548 872
818 922 859 922 859 973 818 973
143 539 168 539 168 590 143 590
282 529 307 529 307 580 282 580
614 1187 636 1187 636 1239 614 1239
474 1074 508 1074 508 1126 474 1126
847 551 863 551 863 603 847 603
405 889 448 889 448 941 405 941
210 606 234 606 234 659 210 659
692 1237 698 1237 698 1290 692 1290
210 1059 221 1059 221 1112 210 1112
755 972 784 972 784 1026 755 1026
695 351 732 351 732 405 695 405
65 1122 94 1122 94 1180 65 1180
743 1128 781 1128 781 1187 743 1187
196 970 230 970 230 1030 196 1030
345 535 382 535 382 598 345 598
349 353 383 353 383 417 349 417
413 682 449 682 449 746 413 746
