550 304 594 304 594 314 550 314
272 556 305 556 305 572 272 572
618 986 651 986 651 1003 618 1003
202 542 237 542 237 559 202 559
410 960 447 960 447 977 410 977
263 1120 297 1120 297 1138 263 1138
204 374 239 374 239 392 204 392
70 510 92 510 92 529 70 529
639 405 653 405 653 424 639 424
630 594 646 594 646 614 630 614
59 851 94 851 94 871 59 871
768 956 781 956 781 976 768 976
141 591 160 591 160 611 141 611
132 1278 152 1278 152 1298 132 1298
704 441 720 441 720 462 704 462
619 499 660 499 660 520 619 520
344 1363 375 1363 375 1384 344 1384
425 742 436 742 436 764 425 764
629 962 644 962 644 984 629 984
491 464 512 464 512 486 491 486
339 865 372 865 372 887 339 887
337 401 380 401 380 423 337 423
59 584 96 584 96 606 59 606
63 1249 81 1249 81 1271 63 1271
280 371 304 371 304 393 280 393
770 1171 788 1171 788 1194 770 1194
747 1265 796 1265 796 1288 747 1288
339 1338 365 1338 365 1361 339 1361
60 292 94 292 94 316 60 316
329 1317 372 1317 372 1341 329 1341
827 1295 849 1295 849 1319 827 1319
333 1287 368 1287 368 1311 333 1311
481 662 522 662 522 686 481 686
763 978 782 978 782 1003 763 1003
194 864 235 864 235 889 194 889
348 428 369 428 369 453 348 453
698 693 719 693 719 718 698 718
700 496 724 496 724 521 700 521
768 799 786 799 786 825 768 825
772 408 793 408 793 434 772 434
56 1320 83 1320 83 1346 56 1346
194 992 232 992 232 1018 194 1018
542 1260 581 1260 581 1286 542 1286
545 696 587 696 587 722 545 722
621 565 665 565 665 591 621 591
483 1044 504 1044 504 1070 483 1070
482 1016 504 1016 504 1042 482 1042
824 679 861 679 861 705 824 705
54 749 95 749 95 775 54 775
409 340 452 340 452 366 409 366
202 1150 222 1150 222 1176 202 1176
411 571 443 571 443 597 411 597
692 565 729 565 729 591 692 591
548 480 586 480 586 506 548 506
287 397 303 397 303 424 287 424
136 791 158 791 158 818 136 818
403 1361 428 1361 428 1388 403 1388
336 756 372 756 372 783 336 783
135 1211 151 1211 151 1238 135 1238
138 520 155 520 155 547 138 547
277 621 297 621 297 648 277 648
480 346 515 346 515 373 480 373
688 663 727 663 727 691 688 691
634 772 648 772 648 800 634 800
72 648 88 648 88 676 72 676
268 474 311 474 311 502 268 502
52 1347 98 1347 98 1375 52 1375
61 817 90 817 90 845 61 845
335 1385 365 1385 365 1413 335 1413
635 467 653 467 653 496 635 496
415 809 439 809 439 838 415 838
334 974 369 974 369 1003 334 1003
753 620 799 620 799 649 753 649
833 1072 853 1072 853 1101 833 1101
621 1074 643 1074 643 1103 621 1103
191 1336 223 1336 223 1366 191 1366
540 1347 578 1347 578 1377 540 1377
399 1382 438 1382 438 1412 399 1412
821 804 862 804 862 834 821 834
759 435 805 435 805 465 759 465
266 751 303 751 303 781 266 781
397 1335 436 1335 436 1365 397 1365
190 1053 233 1053 233 1083 190 1083
56 317 99 317 99 347 56 347
267 340 314 340 314 370 267 370
404 1061 455 1061 455 1091 404 1091
831 641 856 641 856 672 831 672
755 1375 781 1375 781 1406 755 1406
199 889 229 889 229 920 199 920
411 891 444 891 444 922 411 922
627 1002 644 1002 644 1033 627 1033
627 841 648 841 648 872 627 872
416 492 445 492 445 523 416 523
764 922 785 922 785 953 764 953
131 1344 153 1344 153 1375 131 1375
620 1139 649 1139 649 1170 620 1170
261 1023 298 1023 298 1054 261 1054
706 591 721 591 721 623 706 623
412 1218 431 1218 431 1250 412 1250
270 852 294 852 294 884 270 884
411 412 449 412 449 444 411 444
540 1287 580 1287 580 1319 540 1319
189 1246 233 1246 233 1278 189 1278
761 1234 784 1234 784 1266 761 1266
346 368 374 368 374 400 346 400
541 1321 576 1321 576 1354 541 1354
763 331 802 331 802 364 763 364
338 293 385 293 385 326 338 326
608 1174 658 1174 658 1207 608 1207
827 837 864 837 864 870 827 870
258 1378 295 1378 295 1411 258 1411
334 885 373 885 373 918 334 918
403 1089 447 1089 447 1122 403 1122
139 294 159 294 159 327 139 327
130 1375 151 1375 151 1408 130 1408
63 677 96 677 96 710 63 710
407 533 446 533 446 566 407 566
827 485 868 485 868 518 827 518
816 1320 869 1320 869 1353 816 1353
769 1095 788 1095 788 1129 769 1129
545 1225 580 1225 580 1259 545 1259
126 820 163 820 163 854 126 854
407 630 445 630 445 664 407 664
275 781 300 781 300 815 275 815
477 746 514 746 514 780 477 780
340 458 385 458 385 492 340 492
196 1177 231 1177 231 1212 196 1212
416 667 452 667 452 702 416 702
193 957 229 957 229 992 193 992
336 1120 373 1120 373 1155 336 1155
194 747 235 747 235 782 194 782
256 932 305 932 305 967 256 967
130 699 165 699 165 734 130 734
265 1188 301 1188 301 1223 265 1223
197 430 243 430 243 465 197 465
400 598 447 598 447 633 400 633
549 900 581 900 581 935 549 935
344 1084 380 1084 380 1119 344 1119
757 679 794 679 794 714 757 714
404 1246 441 1246 441 1281 404 1281
59 472 98 472 98 507 59 507
473 1235 514 1235 514 1270 473 1270
331 1200 372 1200 372 1235 331 1235
271 815 296 815 296 851 271 851
259 1261 296 1261 296 1297 259 1297
200 781 238 781 238 817 200 817
409 982 449 982 449 1018 409 1018
622 427 663 427 663 463 622 463
695 462 736 462 736 498 695 498
187 1210 240 1210 240 1246 187 1246
205 1015 223 1015 223 1051 205 1051
550 1150 575 1150 575 1186 550 1186
129 547 164 547 164 583 129 583
122 1235 160 1235 160 1271 122 1271
554 367 593 367 593 403 554 403
759 1336 781 1336 781 1373 759 1373
53 712 99 712 99 749 53 749
126 446 175 446 175 483 126 483
267 1339 291 1339 291 1376 267 1376
203 503 238 503 238 540 203 540
758 1195 795 1195 795 1232 758 1232
474 1265 511 1265 511 1302 474 1302
59 1375 96 1375 96 1412 59 1412
542 1119 582 1119 582 1156 542 1156
197 392 244 392 244 429 197 429
207 920 223 920 223 957 207 957
61 434 96 434 96 471 61 471
338 1047 374 1047 374 1084 338 1084
829 952 866 952 866 989 829 989
546 759 584 759 584 796 546 796
694 522 736 522 736 559 694 559
536 1378 581 1378 581 1415 536 1415
125 484 175 484 175 521 125 521
419 702 439 702 439 740 419 740
129 329 172 329 172 367 129 367
126 858 160 858 160 896 126 896
202 468 243 468 243 506 202 506
198 603 240 603 240 641 198 641
826 514 869 514 869 552 826 552
267 1222 307 1222 307 1261 267 1261
470 1303 513 1303 513 1342 470 1342
618 800 663 800 663 839 618 839
625 613 654 613 654 652 625 652
760 1131 798 1131 798 1170 760 1170
822 914 863 914 863 953 822 953
200 336 245 336 245 375 200 375
769 760 802 760 802 799 769 799
765 519 802 519 802 558 765 558
122 1305 162 1305 162 1344 122 1344
56 777 98 777 98 816 56 816
822 871 865 871 865 910 822 910
834 1102 853 1102 853 1142 834 1142
203 705 227 705 227 745 203 745
482 1337 508 1337 508 1377 482 1377
625 522 661 522 661 562 625 562
58 1062 93 1062 93 1102 58 1102
336 1157 373 1157 373 1197 336 1197
754 649 806 649 806 689 754 689
427 923 435 923 435 964 427 964
421 297 441 297 441 338 421 338
478 1071 510 1071 510 1112 478 1112
56 1021 95 1021 95 1062 56 1062
485 423 513 423 513 464 485 464
58 606 97 606 97 647 58 647
544 1188 584 1188 584 1229 544 1229
760 826 802 826 802 867 760 867
619 683 663 683 663 724 619 724
468 1370 513 1370 513 1411 468 1411
619 364 666 364 666 405 619 405
217 628 225 628 225 669 217 669
205 661 230 661 230 702 205 702
482 486 523 486 523 527 482 527
821 994 868 994 868 1035 821 1035
483 974 505 974 505 1016 483 1016
345 323 377 323 377 365 345 365
621 647 664 647 664 689 621 689
409 444 453 444 453 486 409 486
58 352 105 352 105 394 58 394
564 720 572 720 572 762 564 762
693 721 732 721 732 763 693 763
202 293 242 293 242 335 202 335
692 822 733 822 733 864 692 864
824 1032 866 1032 866 1074 824 1074
554 1080 580 1080 580 1123 554 1123
343 539 382 539 382 582 343 582
621 873 663 873 663 916 621 916
610 1031 664 1031 664 1074 610 1074
700 620 720 620 720 663 700 663
129 613 171 613 171 656 129 656
611 1103 654 1103 654 1146 611 1146
269 295 316 295 316 338 269 338
196 817 245 817 245 860 196 860
204 558 227 558 227 601 204 601
61 1103 89 1103 89 1146 61 1146
63 874 92 874 92 917 63 917
758 1006 791 1006 791 1049 758 1049
59 393 100 393 100 436 59 436
123 944 169 944 169 987 123 987
123 898 164 898 164 942 123 942
543 861 590 861 590 905 543 905
549 323 598 323 598 367 549 367
539 940 589 940 589 984 539 984
755 716 806 716 806 760 755 760
275 648 295 648 295 692 275 692
336 785 377 785 377 829 336 829
130 403 177 403 177 447 130 447
827 1248 855 1248 855 1293 827 1293
543 1038 592 1038 592 1083 543 1083
270 880 292 880 292 925 270 925
831 435 857 435 857 480 831 480
55 537 99 537 99 582 55 582
826 599 875 599 875 644 826 644
137 654 170 654 170 699 137 699
61 917 103 917 103 962 61 962
330 1004 373 1004 373 1049 330 1049
474 618 524 618 524 663 474 663
552 985 589 985 589 1031 552 1031
59 1273 99 1273 99 1319 59 1319
618 726 669 726 669 772 618 772
827 553 859 553 859 599 827 599
270 573 303 573 303 619 270 619
750 1052 797 1052 797 1098 750 1098
416 1017 450 1017 450 1064 416 1064
482 297 518 297 518 344 482 344
549 563 594 563 594 610 549 610
827 758 866 758 866 805 827 805
404 840 456 840 456 887 404 887
485 575 508 575 508 623 485 623
824 328 865 328 865 376 824 376
402 1171 445 1171 445 1219 402 1219
259 1139 305 1139 305 1187 259 1187
185 1362 234 1362 234 1410 185 1410
701 390 734 390 734 439 701 439
278 423 304 423 304 472 278 472
624 910 649 910 649 959 624 959
478 776 515 776 515 825 478 825
476 888 517 888 517 937 476 937
269 502 312 502 312 551 269 551
409 755 439 755 439 805 409 805
823 706 867 706 867 756 823 756
60 968 93 968 93 1018 60 1018
764 467 803 467 803 517 764 517
52 1200 98 1200 98 1250 52 1250
118 992 167 992 167 1042 118 1042
405 362 461 362 461 412 405 412
771 1281 779 1281 779 1332 771 1332
335 824 380 824 380 875 335 875
258 1297 307 1297 307 1348 258 1348
121 1099 170 1099 170 1150 121 1150
820 1140 866 1140 866 1191 820 1191
473 1175 515 1175 515 1227 473 1227
358 651 366 651 366 703 358 703
479 1123 511 1123 511 1176 479 1176
189 1281 227 1281 227 1334 189 1334
137 362 161 362 161 415 137 415
824 1194 863 1194 863 1248 824 1248
139 733 158 733 158 788 139 788
331 916 379 916 379 971 331 971
479 690 516 690 516 746 479 746
405 1118 445 1118 445 1174 405 1174
118 1041 168 1041 168 1097 118 1097
554 507 583 507 583 564 554 564
263 966 301 966 301 1023 263 1023
828 374 864 374 864 431 828 431
479 375 521 375 521 432 479 432
752 873 802 873 802 930 752 930
759 561 793 561 793 619 759 619
263 1059 299 1059 299 1117 263 1117
267 692 310 692 310 751 267 751
546 797 592 797 592 856 546 856
814 1352 867 1352 867 1413 814 1413
619 1205 652 1205 652 1267 619 1267
682 765 726 765 726 827 682 827
337 695 383 695 383 757 337 757
694 328 735 328 735 391 694 391
118 1146 161 1146 161 1209 118 1209
339 586 384 586 384 651 339 651
193 1082 234 1082 234 1150 193 1150
471 824 522 824 522 894 471 894
