701 1058 713 1058 713 1066 701 1066
225 792 242 792 242 800 225 800
265 1144 292 1144 292 1156 265 1156
543 1149 567 1149 567 1161 543 1161
623 698 639 698 639 711 623 711
334 1340 363 1340 363 1353 334 1353
618 1068 634 1068 634 1082 618 1082
485 1328 496 1328 496 1342 485 1342
266 833 291 833 291 847 266 847
408 583 436 583 436 597 408 597
266 1035 291 1035 291 1050 266 1050
203 583 220 583 220 598 203 598
476 542 502 542 502 557 476 557
132 1371 144 1371 144 1386 132 1386
754 1206 770 1206 770 1221 754 1221
551 751 567 751 567 767 551 767
822 759 839 759 839 775 822 775
340 1146 358 1146 358 1162 340 1162
125 1076 153 1076 153 1092 125 1092
539 1302 572 1302 572 1318 539 1318
621 479 638 479 638 495 621 495
756 600 773 600 773 616 756 616
481 562 499 562 499 578 481 578
552 633 571 633 571 649 552 649
687 762 705 762 705 779 687 779
548 309 567 309 567 326 548 326
196 1004 226 1004 226 1021 196 1021
196 1309 217 1309 217 1326 196 1326
221 828 236 828 236 846 221 846
339 842 357 842 357 860 339 860
337 534 355 534 355 552 337 552
480 706 499 706 499 724 480 724
767 817 790 817 790 835 767 835
472 1069 508 1069 508 1087 472 1087
263 730 292 730 292 749 263 749
752 1262 777 1262 777 1281 752 1281
196 313 227 313 227 332 196 332
681 1225 697 1225 697 1244 681 1244
818 889 843 889 843 908 818 908
765 840 787 840 787 860 765 860
410 1120 436 1120 436 1140 410 1140
407 537 434 537 434 557 407 557
683 318 711 318 711 338 683 338
328 602 368 602 368 622 328 622
482 1190 501 1190 501 1210 482 1210
265 309 294 309 294 329 265 329
205 981 221 981 221 1002 205 1002
620 783 639 783 639 804 620 804
764 911 789 911 789 932 764 932
203 835 218 835 218 856 203 856
551 412 566 412 566 433 551 433
484 1280 500 1280 500 1301 484 1301
272 780 291 780 291 801 272 801
617 1128 642 1128 642 1149 617 1149
611 1171 637 1171 637 1192 611 1192
545 438 574 438 574 459 545 459
610 717 644 717 644 738 610 738
330 1116 366 1116 366 1137 330 1137
332 817 370 817 370 838 332 838
686 1156 701 1156 701 1177 686 1177
548 772 567 772 567 793 548 793
550 357 577 357 577 378 550 378
541 693 574 693 574 714 541 714
485 650 500 650 500 672 485 672
198 1197 214 1197 214 1219 198 1219
412 642 430 642 430 664 412 664
410 511 429 511 429 533 410 533
817 500 842 500 842 522 817 522
271 475 291 475 291 497 271 497
190 1281 221 1281 221 1303 190 1303
541 803 576 803 576 825 541 825
137 435 150 435 150 458 137 458
485 803 498 803 498 826 485 826
757 714 774 714 774 737 757 737
341 313 358 313 358 336 341 336
338 1277 361 1277 361 1300 338 1300
279 660 308 660 308 683 279 683
543 333 579 333 579 356 543 356
193 1129 233 1129 233 1152 193 1152
63 337 75 337 75 360 63 360
822 864 841 864 841 887 822 887
616 1150 636 1150 636 1173 616 1173
818 1116 845 1116 845 1139 818 1139
755 540 768 540 768 563 755 563
267 1164 284 1164 284 1187 267 1187
482 1093 513 1093 513 1116 482 1116
124 960 156 960 156 983 124 983
330 1195 364 1195 364 1218 330 1218
617 420 632 420 632 444 617 444
558 860 582 860 582 884 558 884
481 1303 506 1303 506 1327 481 1327
834 1173 861 1173 861 1197 834 1197
194 645 229 645 229 669 194 669
552 1053 562 1053 562 1077 552 1077
771 860 784 860 784 884 771 884
413 1177 428 1177 428 1201 413 1201
822 702 838 702 838 726 822 726
338 504 355 504 355 528 338 528
479 518 497 518 497 542 479 542
199 1060 218 1060 218 1084 199 1084
752 1361 772 1361 772 1385 752 1385
269 1116 290 1116 290 1140 269 1140
335 867 366 867 366 891 335 891
334 385 367 385 367 409 334 409
121 1188 158 1188 158 1212 121 1212
261 899 300 899 300 923 261 923
551 577 569 577 569 602 551 602
267 1217 286 1217 286 1242 267 1242
127 593 161 593 161 618 127 618
401 557 436 557 436 582 401 582
65 312 81 312 81 337 65 337
686 880 703 880 703 905 686 905
741 850 760 850 760 875 741 875
411 1226 438 1226 438 1251 411 1251
335 1169 363 1169 363 1194 335 1194
675 1309 705 1309 705 1334 675 1334
332 893 368 893 368 918 332 918
605 1191 642 1191 642 1216 605 1216
257 399 295 399 295 424 257 424
771 885 784 885 784 911 771 911
623 640 637 640 637 666 623 666
133 1236 150 1236 150 1262 133 1262
414 347 432 347 432 373 414 373
412 922 433 922 433 948 412 948
684 820 710 820 710 846 684 846
268 931 294 931 294 957 268 957
751 656 779 656 779 682 751 682
470 981 504 981 504 1007 470 1007
812 909 847 909 847 935 812 935
417 754 432 754 432 780 417 780
821 1017 842 1017 842 1043 821 1043
610 1218 643 1218 643 1244 610 1244
327 1221 362 1221 362 1247 327 1247
122 311 157 311 157 337 122 337
813 1204 850 1204 850 1230 813 1230
332 1038 370 1038 370 1064 332 1064
142 617 153 617 153 644 142 644
616 1320 629 1320 629 1347 616 1347
822 595 837 595 837 622 822 622
548 1275 564 1275 564 1302 548 1302
752 1229 770 1229 770 1256 752 1256
411 1337 432 1337 432 1364 411 1364
552 1026 574 1026 574 1053 552 1053
681 956 711 956 711 983 681 983
619 1007 633 1007 633 1034 619 1034
682 477 718 477 718 504 682 504
125 789 163 789 163 816 125 816
675 339 717 339 717 366 675 366
201 1329 213 1329 213 1356 201 1356
821 401 839 401 839 428 821 428
470 1361 491 1361 491 1388 470 1388
265 498 291 498 291 525 265 525
264 1190 291 1190 291 1217 264 1217
407 1288 436 1288 436 1315 407 1315
265 801 296 801 296 828 265 828
265 749 297 749 297 776 265 776
543 1080 566 1080 566 1108 543 1108
817 470 842 470 842 498 817 498
198 799 229 799 229 827 198 827
58 360 92 360 92 388 58 388
817 1084 853 1084 853 1112 817 1112
188 1220 224 1220 224 1248 188 1248
473 621 509 621 509 649 473 649
673 1362 711 1362 711 1390 673 1390
272 592 291 592 291 620 272 620
130 339 151 339 151 367 130 367
477 385 498 385 498 413 477 413
406 1049 437 1049 437 1077 406 1077
335 1247 368 1247 368 1275 335 1275
400 1364 433 1364 433 1392 400 1392
671 1333 705 1333 705 1361 671 1361
676 1023 716 1023 716 1051 676 1051
533 1322 574 1322 574 1350 533 1350
615 804 640 804 640 833 615 833
265 1090 293 1090 293 1119 265 1119
612 1035 641 1035 641 1064 612 1064
748 1118 778 1118 778 1147 748 1147
264 1244 297 1244 297 1273 264 1273
546 602 580 602 580 631 546 631
401 479 436 479 436 508 401 508
133 526 153 526 153 555 133 555
407 666 435 666 435 695 407 695
681 906 710 906 710 935 681 935
403 1199 434 1199 434 1228 403 1228
333 1006 367 1006 367 1035 333 1035
204 1248 216 1248 216 1277 204 1277
140 717 152 717 152 746 140 746
756 1144 769 1144 769 1173 756 1173
754 682 773 682 773 711 754 711
836 1300 861 1300 861 1329 836 1329
128 368 155 368 155 397 128 397
752 737 779 737 779 766 752 766
336 457 365 457 365 486 336 486
749 623 784 623 784 652 749 652
537 926 575 926 575 955 537 955
255 330 295 330 295 359 255 359
759 390 773 390 773 420 759 420
484 674 499 674 499 704 484 704
409 373 427 373 427 403 409 403
482 1209 504 1209 504 1239 482 1239
330 918 362 918 362 948 330 948
539 825 573 825 573 855 539 855
404 698 439 698 439 728 404 728
671 1245 709 1245 709 1275 671 1275
422 1316 443 1316 443 1346 422 1346
127 1311 154 1311 154 1341 127 1341
753 419 781 419 781 449 753 449
541 715 576 715 576 745 541 745
539 955 574 955 574 985 539 985
815 1233 851 1233 851 1263 815 1263
123 861 163 861 163 891 123 891
744 1173 777 1173 777 1204 744 1204
811 523 846 523 846 554 811 554
194 1357 220 1357 220 1388 194 1388
752 359 779 359 779 390 752 390
615 665 646 665 646 696 615 696
124 930 160 930 160 961 124 961
481 826 497 826 497 857 481 857
815 726 845 726 845 757 815 757
412 984 427 984 427 1016 412 1016
133 1206 150 1206 150 1238 133 1238
684 1270 708 1270 708 1302 684 1302
400 447 430 447 430 479 400 479
610 1350 642 1350 642 1382 610 1382
198 719 230 719 230 751 198 751
335 775 368 775 368 807 335 807
675 985 712 985 712 1017 675 1017
485 1344 497 1344 497 1376 485 1376
823 1321 842 1321 842 1353 823 1353
753 320 775 320 775 352 753 352
470 1245 505 1245 505 1277 470 1277
537 1194 572 1194 572 1226 537 1226
753 1325 769 1325 769 1358 753 1358
751 563 779 563 779 596 751 596
611 444 641 444 641 477 611 477
405 731 437 731 437 764 405 764
474 769 507 769 507 802 474 802
468 347 512 347 512 380 468 380
617 571 640 571 640 604 617 604
127 555 165 555 165 588 127 588
688 785 704 785 704 818 688 818
821 1352 850 1352 850 1385 821 1385
543 993 572 993 572 1026 543 1026
404 838 444 838 444 871 404 871
835 1139 843 1139 843 1173 835 1173
271 690 292 690 292 724 271 724
737 777 764 777 764 811 737 811
612 501 644 501 644 535 612 535
407 1251 439 1251 439 1285 407 1285
678 402 711 402 711 436 678 436
119 493 159 493 159 527 119 527
535 380 580 380 580 414 535 414
269 363 288 363 288 397 269 397
133 895 152 895 152 929 133 929
814 830 843 830 843 864 814 864
198 451 231 451 231 485 198 485
679 725 712 725 712 759 679 759
264 528 298 528 298 562 264 562
405 949 440 949 440 983 405 983
675 846 719 846 719 880 675 880
765 779 792 779 792 814 765 814
610 349 638 349 638 384 610 384
546 655 576 655 576 690 546 690
131 458 164 458 164 493 131 493
679 693 712 693 712 728 679 728
333 417 368 417 368 452 333 452
120 1341 155 1341 155 1376 120 1376
543 1351 578 1351 578 1386 543 1386
815 365 853 365 853 400 815 400
330 694 374 694 374 729 330 729
127 644 163 644 163 679 127 679
402 1010 441 1010 441 1045 402 1045
263 563 303 563 303 598 263 598
816 1042 849 1042 849 1077 816 1077
545 543 582 543 582 578 545 578
608 972 648 972 648 1007 608 1007
275 1309 284 1309 284 1345 275 1345
268 1054 287 1054 287 1090 268 1090
129 679 162 679 162 715 129 715
265 1003 301 1003 301 1039 265 1039
608 310 646 310 646 346 608 346
471 1157 509 1157 509 1193 471 1193
608 602 649 602 649 638 608 638
327 1352 371 1352 371 1388 327 1388
606 383 652 383 652 419 606 419
274 620 292 620 292 656 274 656
264 1346 292 1346 292 1382 264 1382
405 875 443 875 443 911 405 911
193 755 231 755 231 791 193 791
534 1160 577 1160 577 1196 534 1196
815 665 846 665 846 701 815 701
682 438 715 438 715 474 682 474
470 583 505 583 505 619 470 619
194 943 232 943 232 979 194 979
837 1263 845 1263 845 1300 837 1300
337 1300 361 1300 361 1337 337 1337
609 1283 638 1283 638 1320 609 1320
748 1287 775 1287 775 1324 748 1324
195 905 229 905 229 942 195 942
811 977 846 977 846 1014 811 1014
677 1070 713 1070 713 1107 677 1107
334 964 365 964 365 1002 334 1002
192 544 233 544 233 582 192 582
204 1155 217 1155 217 1193 204 1193
546 888 567 888 567 926 546 926
612 887 643 887 643 925 612 925
746 988 779 988 779 1026 746 1026
812 327 852 327 852 365 812 365
738 811 761 811 761 849 738 849
476 858 501 858 501 896 476 896
406 1141 433 1141 433 1179 406 1179
200 333 228 333 228 371 200 371
407 305 436 305 436 343 407 343
401 605 439 605 439 643 401 643
808 937 847 937 847 975 808 975
533 1349 549 1349 549 1388 533 1388
476 1117 503 1117 503 1156 476 1156
126 397 159 397 159 436 126 436
122 1144 158 1144 158 1183 122 1183
192 415 231 415 231 454 192 454
544 459 578 459 578 498 544 498
745 876 757 876 757 916 745 916
195 861 228 861 228 901 195 901
334 1065 369 1065 369 1105 334 1105
813 555 849 555 849 595 813 595
265 854 293 854 293 894 265 894
123 817 158 817 158 857 123 857
127 746 162 746 162 786 127 786
196 504 232 504 232 544 196 544
189 1085 231 1085 231 1125 189 1125
334 731 365 731 365 771 334 771
617 1088 632 1088 632 1129 617 1129
410 403 427 403 427 444 410 444
266 1274 297 1274 297 1315 266 1315
539 1108 573 1108 573 1149 539 1149
471 467 508 467 508 508 471 508
123 1031 163 1031 163 1072 123 1072
200 372 230 372 230 413 200 413
474 941 505 941 505 982 474 982
685 363 719 363 719 404 685 404
473 729 507 729 507 770 473 770
120 989 158 989 158 1030 120 1030
681 1178 706 1178 706 1220 681 1220
815 624 853 624 853 666 815 666
475 425 505 425 505 467 475 467
611 1246 643 1246 643 1288 611 1288
474 897 509 897 509 939 474 939
674 599 715 599 715 641 674 641
812 276 854 276 854 318 812 318
625 734 632 734 632 776 625 776
424 784 432 784 432 826 424 826
827 427 833 427 833 470 827 470
469 309 509 309 509 352 469 352
273 957 292 957 292 1001 273 1001
810 783 844 783 844 827 810 827
674 1107 714 1107 714 1151 674 1151
408 1073 431 1073 431 1117 408 1117
336 336 363 336 363 380 336 380
677 648 710 648 710 692 677 692
743 1075 792 1075 792 1119 743 1119
633 528 645 528 645 573 633 573
684 554 709 554 709 599 684 599
540 496 583 496 583 541 540 541
747 506 783 506 783 551 747 551
337 556 356 556 356 602 337 602
65 445 81 445 81 491 65 491
683 507 710 507 710 553 683 553
128 1093 159 1093 159 1140 128 1140
610 922 648 922 648 970 610 970
745 1026 773 1026 773 1074 745 1074
616 836 643 836 643 886 616 886
750 935 775 935 775 986 750 986
748 452 788 452 788 503 748 503
58 392 92 392 92 444 58 444
120 1259 158 1259 158 1311 120 1311
332 622 363 622 363 677 332 677
265 424 293 424 293 483 265 483
469 1006 504 1006 504 1070 469 1070
