309 606 322 606 322 617 309 617
451 471 465 471 465 487 451 487
424 460 436 460 436 476 424 476
420 479 437 479 437 496 420 496
419 498 441 498 441 515 419 515
452 428 466 428 466 445 452 445
905 677 932 677 932 694 905 694
448 488 472 488 472 506 448 506
446 568 478 568 478 586 446 586
698 798 734 798 734 816 698 816
290 296 342 296 342 314 290 314
422 539 437 539 437 557 422 557
291 408 325 408 325 426 291 426
367 814 386 814 386 833 367 833
567 405 596 405 596 424 567 424
372 1302 391 1302 391 1321 372 1321
570 630 591 630 591 649 570 649
571 988 593 988 593 1007 571 1007
358 555 393 555 393 574 358 574
499 298 521 298 521 318 499 318
909 733 935 733 935 753 909 753
449 448 469 448 469 468 449 468
434 1183 456 1183 456 1203 434 1203
843 1096 865 1096 865 1116 843 1116
838 656 861 656 861 676 838 676
499 755 520 755 520 776 499 776
432 864 456 864 456 885 432 885
439 363 455 363 455 384 439 384
849 806 870 806 870 827 849 827
841 1282 871 1282 871 1303 841 1303
694 1130 742 1130 742 1151 694 1151
425 517 437 517 437 539 425 539
285 1292 333 1292 333 1314 285 1314
419 558 441 558 441 580 419 580
431 1208 471 1208 471 1230 431 1230
652 1203 680 1203 680 1225 652 1225
573 1322 590 1322 590 1345 573 1345
908 650 930 650 930 673 908 673
845 1159 864 1159 864 1182 845 1182
640 787 660 787 660 810 640 810
703 773 727 773 727 796 703 796
907 700 935 700 935 723 907 723
294 1263 327 1263 327 1286 294 1286
632 1127 668 1127 668 1150 632 1150
766 566 802 566 802 589 766 589
424 888 466 888 466 911 424 911
424 301 466 301 466 324 424 324
842 603 862 603 862 627 842 627
162 1132 183 1132 183 1156 162 1156
498 1007 526 1007 526 1031 498 1031
292 617 325 617 325 641 292 641
159 955 192 955 192 979 159 979
709 328 727 328 727 352 709 352
706 665 726 665 726 689 706 689
162 1028 182 1028 182 1052 162 1052
640 625 661 625 661 649 640 649
366 1323 400 1323 400 1347 366 1347
226 1204 263 1204 263 1228 226 1228
290 316 329 316 329 340 290 340
573 796 594 796 594 820 573 820
505 364 532 364 532 388 505 388
567 694 600 694 600 718 567 718
222 424 258 424 258 448 222 448
501 525 523 525 523 550 501 550
366 641 389 641 389 666 366 666
294 839 334 839 334 864 294 864
710 948 729 948 729 973 710 973
301 955 323 955 323 980 301 980
300 1314 324 1314 324 1339 300 1339
571 1110 600 1110 600 1135 571 1135
360 577 393 577 393 602 360 602
428 947 462 947 462 972 428 972
562 340 602 340 602 365 562 365
830 829 871 829 871 854 830 854
161 1350 179 1350 179 1376 161 1376
704 875 723 875 723 901 704 901
299 377 321 377 321 403 299 403
447 541 473 541 473 567 447 567
630 1177 681 1177 681 1203 630 1203
846 1255 865 1255 865 1281 846 1281
297 809 319 809 319 835 297 835
571 1175 593 1175 593 1201 571 1201
842 887 866 887 866 913 842 913
910 796 937 796 937 822 910 822
909 763 938 763 938 789 909 789
432 387 463 387 463 413 432 413
372 440 403 440 403 466 372 466
221 518 261 518 261 544 221 544
450 511 468 511 468 537 450 537
715 1321 739 1321 739 1347 715 1347
155 1191 189 1191 189 1217 155 1217
832 679 870 679 870 705 832 705
632 720 676 720 676 746 632 746
353 872 397 872 397 898 353 898
708 1227 729 1227 729 1254 708 1254
502 980 523 980 523 1007 502 1007
165 484 187 484 187 511 165 511
493 548 526 548 526 575 493 575
226 1178 260 1178 260 1205 226 1205
291 891 327 891 327 918 291 918
488 575 531 575 531 602 488 602
697 1254 741 1254 741 1281 697 1281
234 1032 258 1032 258 1059 234 1059
632 984 665 984 665 1011 632 1011
431 1266 466 1266 466 1293 431 1293
776 1040 797 1040 797 1068 776 1068
838 628 870 628 870 656 838 656
227 580 262 580 262 608 227 608
829 744 867 744 867 772 829 772
357 497 399 497 399 525 357 525
235 855 254 855 254 883 235 883
702 502 725 502 725 530 702 530
436 1123 453 1123 453 1151 436 1151
571 565 592 565 592 593 571 593
366 976 391 976 391 1004 366 1004
565 822 600 822 600 850 565 850
569 1048 604 1048 604 1076 569 1076
359 1275 398 1275 398 1303 359 1303
370 1247 389 1247 389 1276 370 1276
851 204 884 204 884 233 851 233
492 421 532 421 532 450 492 450
627 1150 669 1150 669 1179 627 1179
360 1349 404 1349 404 1378 360 1378
914 454 926 454 926 483 914 483
643 688 661 688 661 717 643 717
364 750 386 750 386 779 364 779
369 1133 391 1133 391 1162 369 1162
707 565 739 565 739 594 707 594
495 390 529 390 529 419 495 419
226 484 262 484 262 513 226 513
430 1035 467 1035 467 1064 430 1064
154 671 196 671 196 700 154 700
438 1004 456 1004 456 1033 438 1033
833 775 871 775 871 804 833 804
493 1031 531 1031 531 1060 493 1060
628 862 674 862 674 891 628 891
571 926 594 926 594 956 571 956
776 868 809 868 809 898 776 898
443 1345 478 1345 478 1375 443 1375
701 1347 741 1347 741 1377 701 1377
234 882 249 882 249 912 234 912
842 304 864 304 864 334 842 334
158 332 188 332 188 362 158 362
360 465 399 465 399 495 360 495
491 838 535 838 535 868 491 868
641 656 657 656 657 687 641 687
635 579 666 579 666 610 635 610
907 823 940 823 940 854 907 854
358 665 393 665 393 696 358 696
564 1202 599 1202 599 1233 564 1233
150 1157 193 1157 193 1188 150 1188
153 366 196 366 196 397 153 397
764 802 810 802 810 833 764 833
227 548 262 548 262 579 227 579
363 522 399 522 399 553 363 553
844 1029 862 1029 862 1060 844 1060
840 333 864 333 864 364 840 364
299 345 323 345 323 376 299 376
652 1340 679 1340 679 1371 652 1371
579 204 612 204 612 235 579 235
227 1090 263 1090 263 1121 227 1121
361 1005 399 1005 399 1036 361 1036
559 372 597 372 597 403 559 403
237 1060 255 1060 255 1092 237 1092
779 1271 797 1271 797 1303 779 1303
431 797 452 797 452 829 431 829
366 838 391 838 391 870 366 870
157 581 190 581 190 613 157 613
295 979 328 979 328 1011 295 1011
903 480 939 480 939 512 903 512
286 427 326 427 326 459 286 459
362 1212 403 1212 403 1244 362 1244
833 1303 875 1303 875 1335 833 1335
489 815 534 815 534 847 489 847
626 1257 672 1257 672 1289 626 1289
175 548 184 548 184 580 175 580
500 691 519 691 519 723 500 723
431 1232 458 1232 458 1264 431 1264
851 247 884 247 884 279 851 279
837 913 871 913 871 945 837 945
831 364 867 364 867 396 831 396
765 400 804 400 804 432 765 432
163 401 188 401 188 434 163 434
357 372 393 372 393 405 357 405
225 997 262 997 262 1030 225 1030
360 900 397 900 397 933 360 933
709 974 725 974 725 1007 709 1007
296 859 324 859 324 892 296 892
419 425 448 425 448 458 419 458
222 778 262 778 262 811 222 811
766 630 806 630 806 663 766 663
631 1225 671 1225 671 1258 631 1258
291 574 337 574 337 607 291 607
429 325 460 325 460 358 429 358
159 514 194 514 194 547 159 547
360 778 396 778 396 811 360 811
564 1345 602 1345 602 1378 564 1378
780 964 799 964 799 998 780 998
569 302 593 302 593 336 569 336
557 890 603 890 603 924 557 924
232 1226 250 1226 250 1260 232 1260
705 427 727 427 727 461 705 461
562 429 591 429 591 463 562 463
578 245 609 245 609 279 578 279
293 1190 329 1190 329 1224 293 1224
493 719 530 719 530 753 493 753
768 364 806 364 806 398 768 398
633 1062 673 1062 673 1096 633 1096
562 853 604 853 604 887 562 887
768 1152 813 1152 813 1186 768 1186
769 1342 816 1342 816 1376 769 1376
287 500 335 500 335 534 287 534
303 919 321 919 321 954 303 954
367 605 388 605 388 640 367 640
571 1014 595 1014 595 1049 571 1049
365 337 393 337 393 372 365 372
565 592 595 592 595 627 565 627
695 594 739 594 739 629 695 629
765 899 810 899 810 934 765 934
504 452 519 452 519 487 504 487
562 955 602 955 602 990 562 990
830 397 872 397 872 432 830 432
289 774 331 774 331 809 289 809
431 912 457 912 457 947 431 947
835 854 861 854 861 889 835 889
620 1342 651 1342 651 1377 620 1377
700 1152 733 1152 733 1187 700 1187
775 1236 808 1236 808 1271 775 1271
159 978 195 978 195 1013 159 1013
633 466 672 466 672 501 633 501
232 450 249 450 249 486 232 486
843 1121 864 1121 864 1157 843 1157
415 199 438 199 438 235 415 235
499 779 523 779 523 815 499 815
494 943 522 943 522 979 494 979
903 376 933 376 933 412 903 412
157 915 195 915 195 951 157 951
287 1226 333 1226 333 1262 287 1262
693 463 745 463 745 499 693 499
162 1095 193 1095 193 1131 162 1131
442 199 479 199 479 235 442 235
426 1066 466 1066 466 1102 426 1102
427 1149 467 1149 467 1185 427 1185
233 915 249 915 249 951 233 951
367 299 384 299 384 335 367 335
301 1344 321 1344 321 1380 301 1380
909 610 932 610 932 646 909 646
833 707 865 707 865 743 833 743
492 869 534 869 534 905 492 905
297 1114 322 1114 322 1151 297 1151
157 1307 185 1307 185 1344 157 1344
820 203 853 203 853 240 820 240
566 1286 603 1286 603 1323 566 1323
155 824 199 824 199 861 155 861
488 602 536 602 536 639 488 639
572 719 588 719 588 756 572 756
438 971 456 971 456 1008 438 1008
230 380 250 380 250 417 230 417
362 402 387 402 387 439 362 439
633 501 669 501 669 538 633 538
702 1285 738 1285 738 1322 702 1322
633 541 673 541 673 578 633 578
287 535 329 535 329 572 287 572
422 764 467 764 467 801 422 801
832 1179 882 1179 882 1216 832 1216
907 414 940 414 940 452 907 452
901 515 940 515 940 553 901 553
835 1059 877 1059 877 1097 835 1097
779 1069 801 1069 801 1107 779 1107
706 1092 729 1092 729 1130 706 1130
425 825 462 825 462 863 425 863
630 408 672 408 672 446 630 446
764 761 808 761 808 799 764 799
237 1341 245 1341 245 1379 237 1379
845 432 864 432 864 470 845 470
498 325 520 325 520 363 498 363
840 1212 865 1212 865 1250 840 1250
229 742 266 742 266 780 229 780
787 591 800 591 800 630 787 630
705 732 728 732 728 771 705 771
832 562 871 562 871 601 832 601
154 1218 194 1218 194 1257 154 1257
834 1334 880 1334 880 1373 834 1373
639 1095 660 1095 660 1134 639 1134
567 1135 591 1135 591 1174 567 1174
430 1095 454 1095 454 1134 430 1134
498 484 527 484 527 523 498 523
763 325 812 325 812 364 763 364
694 692 743 692 743 731 694 731
225 606 258 606 258 646 225 646
703 1012 738 1012 738 1052 703 1052
290 692 326 692 326 732 290 732
155 872 194 872 194 912 155 912
773 1000 798 1000 798 1040 773 1040
564 652 601 652 601 692 564 692
767 1112 807 1112 807 1152 767 1152
628 368 671 368 671 408 628 408
222 1305 265 1305 265 1345 222 1345
563 1076 608 1076 608 1116 563 1116
567 752 598 752 598 793 567 793
224 1264 261 1264 261 1305 224 1305
770 524 808 524 808 565 770 565
289 1146 331 1146 331 1187 289 1187
560 467 604 467 604 508 560 508
225 645 265 645 265 686 225 686
770 719 812 719 812 760 770 760
777 834 794 834 794 875 777 875
443 236 478 236 478 278 443 278
628 325 665 325 665 367 628 367
833 994 872 994 872 1036 833 1036
154 1053 197 1053 197 1095 154 1095
421 585 466 585 466 627 421 627
298 1070 328 1070 328 1112 298 1112
155 767 190 767 190 809 155 809
769 927 812 927 812 969 769 969
699 1188 743 1188 743 1230 699 1230
704 531 724 531 724 574 704 574
833 523 868 523 868 566 833 566
772 1301 808 1301 808 1344 772 1344
630 892 669 892 669 935 630 935
637 744 680 744 680 787 637 787
150 1260 195 1260 195 1303 150 1303
766 433 812 433 812 476 766 476
626 1288 675 1288 675 1331 626 1331
363 931 393 931 393 974 363 974
424 681 465 681 465 724 424 724
360 1042 404 1042 404 1085 360 1085
830 473 875 473 875 516 830 516
438 1297 457 1297 457 1341 438 1341
702 620 741 620 741 664 702 664
424 720 464 720 464 764 424 764
223 951 266 951 266 995 223 995
153 437 198 437 198 481 153 481
702 352 733 352 733 397 702 397
633 936 672 936 672 981 633 981
632 814 668 814 668 860 632 860
365 1164 403 1164 403 1210 365 1210
702 1050 743 1050 743 1096 702 1096
504 895 514 895 514 941 504 941
224 811 264 811 264 857 224 857
362 1090 402 1090 402 1136 362 1136
631 1013 671 1013 671 1060 631 1060
358 699 402 699 402 746 358 746
296 728 328 728 328 776 296 776
772 664 803 664 803 712 772 712
832 946 878 946 878 994 832 994
550 199 576 199 576 247 550 247
289 643 325 643 325 691 289 691
157 714 191 714 191 764 157 764
563 1235 602 1235 602 1285 563 1285
223 333 263 333 263 383 223 383
698 902 735 902 735 953 698 953
912 852 934 852 934 903 912 903
561 510 603 510 603 562 561 562
771 1184 811 1184 811 1237 771 1237
227 1123 262 1123 262 1176 227 1176
223 687 265 687 265 740 223 740
423 632 460 632 460 686 423 686
493 641 532 641 532 695 493 695
768 475 808 475 808 530 768 530
296 1014 327 1014 327 1070 296 1070
157 615 200 615 200 671 157 671
696 819 739 819 739 876 696 876
