732 800 774 800 774 810 732 810
348 1323 363 1323 363 1337 348 1337
463 742 491 742 491 757 463 757
459 725 507 725 507 742 459 742
195 566 211 566 211 583 195 583
329 873 356 873 356 890 329 890
467 1068 502 1068 502 1085 467 1085
185 506 227 506 227 523 185 523
188 388 217 388 217 406 188 406
331 1045 351 1045 351 1064 331 1064
538 984 563 984 563 1003 538 1003
611 731 634 731 634 751 611 751
263 558 286 558 286 578 263 578
886 1184 905 1184 905 1205 886 1205
264 1063 284 1063 284 1084 264 1084
680 645 706 645 706 666 680 666
259 738 290 738 290 759 259 759
262 1086 285 1086 285 1107 262 1107
322 770 357 770 357 791 322 791
542 637 564 637 564 658 542 658
258 399 297 399 297 420 258 420
390 543 433 543 433 564 390 564
461 1260 495 1260 495 1282 461 1282
457 1334 496 1334 496 1356 457 1356
255 578 292 578 292 600 255 600
665 1200 708 1200 708 1222 665 1222
676 1244 694 1244 694 1267 676 1267
888 452 908 452 908 475 888 475
877 1158 905 1158 905 1181 877 1181
534 781 567 781 567 804 534 804
875 1096 915 1096 915 1119 875 1119
816 922 837 922 837 945 816 945
671 1017 711 1017 711 1040 671 1040
808 1211 840 1211 840 1234 808 1234
878 330 922 330 922 353 878 353
678 1173 698 1173 698 1197 678 1197
256 1132 289 1132 289 1156 256 1156
465 1203 498 1203 498 1227 465 1227
328 349 364 349 364 373 328 373
116 418 166 418 166 442 116 442
601 477 635 477 635 501 601 501
876 476 918 476 918 500 876 500
472 861 491 861 491 886 472 886
607 874 635 874 635 899 607 899
401 344 433 344 433 369 401 369
463 640 501 640 501 665 463 665
536 1358 574 1358 574 1383 536 1383
601 428 643 428 643 453 601 453
530 804 574 804 574 829 530 829
604 452 635 452 635 477 604 477
610 787 646 787 646 812 610 812
461 384 498 384 498 409 461 409
533 1074 571 1074 571 1099 533 1099
530 694 576 694 576 719 530 719
614 665 631 665 631 690 614 690
683 411 700 411 700 436 683 436
131 504 159 504 159 529 131 529
467 409 496 409 496 434 467 434
674 668 703 668 703 693 674 693
736 653 774 653 774 678 736 678
601 757 640 757 640 782 601 782
322 1094 365 1094 365 1119 322 1119
533 1380 577 1380 577 1405 533 1405
264 712 285 712 285 738 264 738
467 831 500 831 500 857 467 857
546 579 559 579 559 605 546 605
265 496 283 496 283 522 265 522
196 1348 216 1348 216 1374 196 1374
465 1384 490 1384 490 1410 465 1410
808 1266 836 1266 836 1292 808 1292
464 884 497 884 497 910 464 910
677 1218 699 1218 699 1245 677 1245
532 385 572 385 572 412 532 412
325 498 365 498 365 525 325 525
679 1112 698 1112 698 1139 679 1139
333 1188 354 1188 354 1215 333 1215
735 861 772 861 772 888 735 888
403 740 425 740 425 768 403 768
466 1172 488 1172 488 1200 466 1200
401 606 424 606 424 634 401 634
328 1066 353 1066 353 1094 328 1094
265 647 299 647 299 675 265 675
182 586 224 586 224 614 182 614
260 1190 279 1190 279 1218 260 1218
679 730 698 730 698 758 679 758
745 567 765 567 765 595 745 595
886 670 906 670 906 698 886 698
459 580 498 580 498 608 459 608
195 1081 214 1081 214 1109 195 1109
396 445 420 445 420 473 396 473
190 1109 224 1109 224 1137 190 1137
332 986 351 986 351 1015 332 1015
670 584 701 584 701 613 670 613
874 1329 911 1329 911 1358 874 1358
599 897 640 897 640 926 599 926
487 925 498 925 498 954 487 954
540 1141 561 1141 561 1170 540 1170
254 1108 297 1108 297 1137 254 1137
415 413 425 413 425 443 415 443
468 797 490 797 490 827 468 827
536 1326 559 1326 559 1356 536 1356
184 1051 224 1051 224 1081 184 1081
253 759 295 759 295 789 253 789
257 1031 290 1031 290 1061 257 1061
545 756 560 756 560 786 545 786
809 888 844 888 844 918 809 918
678 906 713 906 713 936 678 936
321 1258 364 1258 364 1288 321 1288
888 639 904 639 904 670 888 670
469 547 488 547 488 578 469 578
256 1217 286 1217 286 1248 256 1248
531 952 568 952 568 983 531 983
899 415 910 415 910 446 899 446
819 687 832 687 832 718 819 718
613 843 629 843 629 874 613 874
607 503 634 503 634 534 607 534
325 1010 357 1010 357 1041 325 1041
535 663 574 663 574 694 535 694
457 607 493 607 493 639 457 639
188 1134 225 1134 225 1166 188 1166
185 932 224 932 224 964 185 964
481 1307 492 1307 492 1339 481 1339
539 606 567 606 567 638 539 638
253 971 287 971 287 1003 253 1003
686 1083 701 1083 701 1115 686 1115
470 663 490 663 490 695 470 695
674 825 700 825 700 857 674 857
811 392 845 392 845 424 811 424
737 943 773 943 773 975 737 975
745 725 762 725 762 758 745 758
815 534 840 534 840 567 815 567
253 1340 283 1340 283 1373 253 1373
670 696 705 696 705 729 670 729
121 472 160 472 160 505 121 505
480 691 490 691 490 724 480 724
671 792 710 792 710 825 671 825
796 569 843 569 843 602 796 602
413 509 420 509 420 543 413 543
540 1100 555 1100 555 1134 540 1134
810 655 842 655 842 689 810 689
671 1268 703 1268 703 1302 671 1302
252 1369 285 1369 285 1403 252 1403
323 1216 359 1216 359 1250 323 1250
536 352 573 352 573 386 536 386
810 944 848 944 848 978 810 978
332 1153 349 1153 349 1187 332 1187
254 1251 286 1251 286 1285 254 1285
460 1355 500 1355 500 1389 460 1389
607 394 637 394 637 428 607 428
124 382 158 382 158 416 124 416
397 638 431 638 431 672 397 672
669 608 709 608 709 642 669 642
532 921 573 921 573 955 532 955
531 551 573 551 573 585 531 585
321 794 365 794 365 828 321 828
471 1227 486 1227 486 1262 471 1262
535 1169 560 1169 560 1204 535 1204
327 375 364 375 364 410 327 410
186 861 229 861 229 896 186 896
263 1157 278 1157 278 1192 263 1192
684 438 700 438 700 473 684 473
461 1283 495 1283 495 1318 461 1318
256 1001 292 1001 292 1036 256 1036
880 382 917 382 917 417 880 417
532 1043 572 1043 572 1078 532 1078
326 654 368 654 368 689 326 689
890 1062 905 1062 905 1098 890 1098
884 606 900 606 900 642 884 642
541 720 557 720 557 756 541 756
677 500 700 500 700 536 677 536
188 610 227 610 227 646 188 646
538 1253 561 1253 561 1289 538 1289
466 342 493 342 493 378 466 378
190 829 227 829 227 865 190 865
804 1234 841 1234 841 1270 804 1270
319 691 363 691 363 727 319 727
752 449 767 449 767 485 752 485
673 374 703 374 703 410 673 410
332 1117 349 1117 349 1154 332 1154
332 310 363 310 363 347 332 347
807 973 839 973 839 1010 807 1010
607 690 641 690 641 727 607 727
463 761 497 761 497 798 463 798
874 827 910 827 910 864 874 864
322 217 366 217 366 254 322 254
807 1172 852 1172 852 1209 807 1209
411 702 426 702 426 739 411 739
461 908 499 908 499 945 461 945
669 938 708 938 708 975 669 975
328 410 368 410 368 447 328 447
188 1372 230 1372 230 1409 188 1409
879 952 923 952 923 989 879 989
875 1204 920 1204 920 1241 875 1241
803 714 852 714 852 751 803 751
614 811 623 811 623 849 614 849
465 505 496 505 496 543 465 543
741 480 777 480 777 518 741 518
876 1035 912 1035 912 1073 876 1073
810 1329 848 1329 848 1367 810 1367
393 481 433 481 433 519 393 519
682 758 690 758 690 796 682 796
402 562 418 562 418 600 402 600
258 519 290 519 290 557 258 557
262 423 297 423 297 461 262 461
882 1289 917 1289 917 1327 882 1327
530 1290 568 1290 568 1328 530 1328
803 1293 843 1293 843 1331 803 1331
475 435 493 435 493 473 475 473
886 345 910 345 910 383 886 383
879 1121 909 1121 909 1159 879 1159
124 431 158 431 158 469 124 469
540 414 555 414 555 453 540 453
675 464 708 464 708 503 675 503
606 534 646 534 646 573 606 573
458 1136 498 1136 498 1175 458 1175
326 609 358 609 358 648 326 648
533 1008 572 1008 572 1047 533 1047
325 1333 365 1333 365 1372 325 1372
893 863 903 863 903 903 893 903
320 1288 361 1288 361 1328 320 1328
319 1371 361 1371 361 1411 319 1411
667 1136 715 1136 715 1176 667 1176
886 699 904 699 904 739 886 739
470 464 490 464 490 504 470 504
328 568 364 568 364 608 328 608
129 343 146 343 146 383 129 383
670 1042 709 1042 709 1082 670 1082
393 670 434 670 434 710 393 710
254 461 300 461 300 501 254 501
460 935 512 935 512 975 460 975
675 977 698 977 698 1018 675 1018
189 742 223 742 223 783 189 783
254 833 292 833 292 874 254 874
465 1029 504 1029 504 1070 465 1070
324 727 364 727 364 768 324 768
745 975 766 975 766 1016 745 1016
535 311 573 311 573 352 535 352
254 792 296 792 296 833 254 833
126 524 166 524 166 566 126 566
675 539 715 539 715 581 675 581
875 993 917 993 917 1035 875 1035
324 525 362 525 362 567 324 567
604 628 638 628 638 670 604 670
324 449 369 449 369 491 324 491
185 1263 232 1263 232 1305 185 1305
804 1366 853 1366 853 1408 804 1408
462 1093 496 1093 496 1136 462 1136
736 755 773 755 773 798 736 798
259 675 286 675 286 718 259 718
810 843 847 843 847 886 810 886
601 344 646 344 646 387 601 387
527 879 573 879 573 922 527 922
532 457 576 457 576 501 532 501
392 372 437 372 437 416 392 416
802 614 848 614 848 658 802 658
257 355 294 355 294 400 257 400
877 1241 918 1241 918 1286 877 1286
402 770 429 770 429 815 402 815
676 857 711 857 711 903 676 903
256 868 305 868 305 914 256 914
199 962 215 962 215 1008 199 1008
322 944 366 944 366 991 322 991
873 736 919 736 919 783 873 783
189 889 221 889 221 936 189 936
531 833 570 833 570 880 531 880
193 1009 211 1009 211 1057 193 1057
186 1165 231 1165 231 1213 186 1213
808 1012 841 1012 841 1060 808 1060
327 831 368 831 368 879 327 879
806 797 853 797 853 845 806 845
190 341 229 341 229 390 190 390
743 811 769 811 769 860 743 860
187 647 225 647 225 696 187 696
884 903 908 903 908 952 884 952
185 1211 234 1211 234 1260 185 1260
537 1210 561 1210 561 1260 537 1260
882 502 908 502 908 552 882 552
807 486 853 486 853 536 807 536
532 500 575 500 575 550 532 550
803 1059 848 1059 848 1109 803 1109
740 343 787 343 787 393 740 393
186 520 223 520 223 571 186 571
188 401 226 401 226 452 188 452
187 454 223 454 223 506 187 506
269 592 278 592 278 644 269 644
743 513 768 513 768 566 743 566
260 305 290 305 290 358 260 358
600 576 639 576 639 629 600 629
729 890 770 890 770 943 729 943
258 1285 289 1285 289 1338 258 1338
807 1112 840 1112 840 1165 807 1165
807 746 843 746 843 799 807 799
738 393 776 393 776 447 738 447
808 336 850 336 850 391 808 391
749 587 773 587 773 644 749 644
250 910 294 910 294 971 250 971
320 889 363 889 363 950 320 950
873 546 918 546 918 608 873 608
808 426 853 426 853 490 808 490
