363 1141 383 1141 383 1150 363 1150
365 1257 380 1257 380 1266 365 1266
150 1361 162 1361 162 1371 150 1371
217 474 227 474 227 485 217 485
149 832 161 832 161 844 149 844
409 1115 435 1115 435 1128 409 1128
762 781 772 781 772 795 762 795
262 1249 291 1249 291 1263 262 1263
125 1342 155 1342 155 1356 125 1356
332 1149 369 1149 369 1163 332 1163
413 1349 429 1349 429 1364 413 1364
123 777 152 777 152 792 123 792
263 643 294 643 294 658 263 658
622 633 638 633 638 648 622 648
692 1240 709 1240 709 1255 692 1255
690 757 707 757 707 772 690 772
694 480 704 480 704 496 694 496
555 557 565 557 565 573 555 573
553 880 563 880 563 896 553 896
341 1045 359 1045 359 1061 341 1061
201 638 219 638 219 654 201 654
328 738 370 738 370 755 328 755
624 871 634 871 634 888 624 888
324 1265 370 1265 370 1282 324 1282
339 637 356 637 356 655 339 655
131 1121 149 1121 149 1139 131 1139
338 330 362 330 362 348 338 348
340 805 368 805 368 823 340 823
483 756 497 756 497 774 483 774
337 758 353 758 353 776 337 776
612 416 643 416 643 434 612 434
540 1250 577 1250 577 1268 540 1268
340 450 355 450 355 469 340 469
625 1151 643 1151 643 1170 625 1170
544 703 571 703 571 722 544 722
688 420 709 420 709 439 688 439
200 711 227 711 227 731 200 731
681 527 709 527 709 547 681 547
412 492 430 492 430 512 412 512
618 329 637 329 637 349 618 349
758 949 780 949 780 969 758 969
336 405 366 405 366 425 336 425
623 354 635 354 635 374 623 374
54 1130 99 1130 99 1150 54 1150
691 1184 705 1184 705 1205 691 1205
545 441 563 441 563 462 545 462
335 379 355 379 355 400 335 400
684 917 705 917 705 938 684 938
544 954 574 954 574 975 544 975
757 717 771 717 771 738 757 738
336 718 369 718 369 739 336 739
401 405 436 405 436 426 401 426
119 1378 154 1378 154 1399 119 1399
261 734 299 734 299 755 261 755
203 762 221 762 221 784 203 784
133 1210 152 1210 152 1232 133 1232
468 329 500 329 500 351 468 351
343 850 361 850 361 872 343 872
338 1316 359 1316 359 1338 338 1338
620 573 634 573 634 596 620 596
827 440 842 440 842 463 827 463
481 560 499 560 499 583 481 583
687 1303 707 1303 707 1326 687 1326
618 734 641 734 641 757 618 757
269 849 293 849 293 872 269 872
264 454 288 454 288 477 264 477
334 472 361 472 361 495 334 495
261 1189 290 1189 290 1212 261 1212
475 481 506 481 506 504 475 504
119 441 154 441 154 464 119 464
763 414 788 414 788 437 763 437
55 329 85 329 85 352 55 352
327 355 359 355 359 378 327 378
542 1303 574 1303 574 1326 542 1326
548 779 566 779 566 803 548 803
541 500 571 500 571 524 541 524
540 616 574 616 574 640 540 640
748 1173 788 1173 788 1197 748 1197
551 642 570 642 570 666 551 666
271 554 290 554 290 578 271 578
471 533 503 533 503 557 471 557
402 544 439 544 439 568 402 568
340 1164 358 1164 358 1189 340 1189
546 853 568 853 568 878 546 878
65 948 92 948 92 973 65 973
540 1267 577 1267 577 1292 540 1292
817 1094 855 1094 855 1119 817 1119
64 355 82 355 82 380 64 380
133 1315 153 1315 153 1340 133 1340
688 1042 709 1042 709 1067 688 1067
333 1340 363 1340 363 1365 333 1365
749 393 784 393 784 418 749 418
337 1195 357 1195 357 1220 337 1220
404 664 434 664 434 689 404 689
817 606 850 606 850 631 817 631
191 733 227 733 227 758 191 758
332 501 370 501 370 526 332 526
625 1089 643 1089 643 1115 625 1115
129 410 148 410 148 436 129 436
752 1078 780 1078 780 1104 752 1104
265 912 299 912 299 938 265 938
749 1046 783 1046 783 1072 749 1072
540 1003 575 1003 575 1029 540 1029
827 818 844 818 844 844 827 844
759 1105 780 1105 780 1131 759 1131
259 1330 294 1330 294 1356 259 1356
326 824 365 824 365 850 326 850
484 678 502 678 502 705 484 705
623 1302 653 1302 653 1329 623 1329
327 423 361 423 361 450 327 450
125 547 164 547 164 574 125 574
331 691 373 691 373 718 331 718
552 1148 566 1148 566 1175 552 1175
412 637 426 637 426 664 412 664
338 1278 359 1278 359 1305 338 1305
683 1370 714 1370 714 1397 683 1397
818 371 850 371 850 398 818 398
679 812 717 812 717 839 679 839
624 436 636 436 636 463 624 463
688 695 704 695 704 722 688 722
547 370 563 370 563 397 547 397
400 374 433 374 433 401 400 401
193 370 230 370 230 397 193 397
116 465 161 465 161 492 116 492
341 986 360 986 360 1014 341 1014
267 1272 290 1272 290 1300 267 1300
259 387 298 387 298 415 259 415
622 964 640 964 640 992 622 992
626 1226 649 1226 649 1254 626 1254
752 837 785 837 785 865 752 865
472 617 508 617 508 645 472 645
818 922 856 922 856 950 818 950
259 607 298 607 298 635 259 635
760 578 773 578 773 607 760 607
479 776 496 776 496 805 479 805
264 578 293 578 293 607 264 607
259 1300 289 1300 289 1329 259 1329
548 1378 579 1378 579 1407 548 1407
540 975 574 975 574 1004 540 1004
53 428 88 428 88 457 53 457
258 358 293 358 293 387 258 387
815 748 851 748 851 777 815 777
814 635 851 635 851 664 814 664
416 1258 428 1258 428 1287 416 1287
70 874 85 874 85 903 70 903
410 1287 426 1287 426 1316 410 1316
58 1281 81 1281 81 1310 58 1310
823 965 848 965 848 994 823 994
613 800 642 800 642 829 613 829
58 693 88 693 88 722 58 722
404 965 442 965 442 994 404 994
51 609 91 609 91 638 51 638
66 1249 83 1249 83 1278 66 1278
57 579 88 579 88 608 57 608
263 1010 300 1010 300 1039 263 1039
119 980 158 980 158 1009 119 1009
121 338 162 338 162 367 121 367
128 375 148 375 148 405 128 405
334 568 357 568 357 598 334 598
614 464 642 464 642 494 614 494
543 896 576 896 576 926 543 926
820 1005 853 1005 853 1035 820 1035
403 1082 440 1082 440 1112 403 1112
259 326 297 326 297 356 259 356
539 1032 578 1032 578 1062 539 1062
693 496 705 496 705 526 693 526
267 1041 285 1041 285 1071 267 1071
472 583 503 583 503 613 472 613
683 625 714 625 714 655 683 655
681 1067 715 1067 715 1097 681 1097
538 465 574 465 574 495 538 495
330 777 369 777 369 807 330 807
204 571 217 571 217 602 204 602
131 1054 148 1054 148 1085 131 1085
63 1219 82 1219 82 1250 63 1250
58 549 83 549 83 580 58 580
543 666 572 666 572 697 543 697
543 520 580 520 580 551 543 551
746 547 785 547 785 578 746 578
337 873 368 873 368 904 337 904
752 1199 783 1199 783 1230 752 1230
400 689 436 689 436 720 400 720
679 938 716 938 716 969 679 969
408 1226 433 1226 433 1257 408 1257
544 1175 574 1175 574 1206 544 1206
614 892 645 892 645 923 614 923
402 1312 435 1312 435 1343 402 1343
610 837 645 837 645 868 610 868
332 1010 368 1010 368 1041 332 1041
680 723 717 723 717 754 680 754
260 703 298 703 298 734 260 734
824 844 842 844 842 876 824 876
758 515 777 515 777 547 758 547
269 1156 288 1156 288 1188 269 1188
821 710 849 710 849 742 821 742
403 515 432 515 432 547 403 547
406 1046 437 1046 437 1078 406 1078
332 659 364 659 364 691 332 691
332 600 365 600 365 632 332 632
50 1370 85 1370 85 1402 50 1402
612 924 647 924 647 956 612 956
253 1212 294 1212 294 1244 253 1244
189 398 232 398 232 430 189 430
757 353 774 353 774 385 757 385
64 1149 84 1149 84 1181 64 1181
618 1115 645 1115 645 1147 618 1147
682 840 711 840 711 872 682 872
402 459 435 459 435 491 402 491
472 650 506 650 506 682 472 682
403 604 438 604 438 636 403 636
541 1067 576 1067 576 1099 541 1099
272 938 282 938 282 971 272 971
404 721 439 721 439 754 404 754
679 970 714 970 714 1003 679 1003
54 724 92 724 92 757 54 757
759 607 775 607 775 640 759 640
474 500 505 500 505 533 474 533
615 992 648 992 648 1025 615 1025
817 782 851 782 851 815 817 815
678 660 717 660 717 693 678 693
629 1261 646 1261 646 1294 629 1294
757 914 777 914 777 947 757 947
134 1173 155 1173 155 1206 134 1206
618 699 640 699 640 732 618 732
679 1327 720 1327 720 1360 679 1360
536 329 585 329 585 362 536 362
69 1059 82 1059 82 1093 69 1093
685 1206 714 1206 714 1240 685 1240
611 596 643 596 643 630 611 630
261 477 298 477 298 511 261 511
754 973 792 973 792 1007 754 1007
761 1007 777 1007 777 1041 761 1041
554 921 570 921 570 955 554 955
759 1137 777 1137 777 1171 759 1171
546 403 565 403 565 437 546 437
406 844 432 844 432 878 406 878
194 602 224 602 224 636 194 636
680 777 711 777 711 811 680 811
195 784 227 784 227 818 195 818
263 874 297 874 297 908 263 908
124 610 159 610 159 644 124 644
262 811 297 811 297 845 262 845
542 803 581 803 581 837 542 837
411 427 422 427 422 462 411 462
261 418 295 418 295 453 261 453
191 489 231 489 231 524 191 524
677 1105 728 1105 728 1140 677 1140
686 1264 710 1264 710 1299 686 1299
817 402 852 402 852 437 817 437
685 444 713 444 713 479 685 479
406 1369 436 1369 436 1404 406 1404
749 476 787 476 787 511 749 511
120 1081 158 1081 158 1116 120 1116
123 1232 156 1232 156 1268 123 1268
59 796 95 796 95 832 59 832
468 398 505 398 505 434 468 434
680 585 719 585 719 621 680 621
117 800 167 800 167 836 117 836
401 336 437 336 437 372 401 372
541 1340 577 1340 577 1376 541 1376
120 1137 167 1137 167 1173 120 1173
682 873 714 873 714 910 682 910
259 1114 297 1114 297 1151 259 1151
55 1090 97 1090 97 1127 55 1127
63 1022 82 1022 82 1059 63 1059
675 547 713 547 713 584 675 584
332 1067 370 1067 370 1104 332 1104
409 569 423 569 423 606 409 606
544 1210 571 1210 571 1247 544 1247
406 926 439 926 439 963 406 963
191 329 225 329 225 366 191 366
326 1366 367 1366 367 1403 326 1403
53 1183 97 1183 97 1220 53 1220
685 378 709 378 709 416 685 416
473 443 502 443 502 481 473 481
265 660 298 660 298 698 265 698
125 941 166 941 166 979 125 979
334 1221 376 1221 376 1259 334 1259
120 1275 169 1275 169 1313 120 1313
70 512 78 512 78 550 70 550
269 1359 279 1359 279 1398 269 1398
60 755 87 755 87 794 60 794
612 759 642 759 642 798 612 798
680 333 715 333 715 372 680 372
612 539 643 539 643 578 612 578
264 971 296 971 296 1010 264 1010
614 657 647 657 647 696 614 696
263 512 297 512 297 551 263 551
332 528 367 528 367 567 332 567
817 557 850 557 850 596 817 596
751 1270 790 1270 790 1309 751 1309
120 697 160 697 160 736 120 736
119 1010 162 1010 162 1049 119 1049
835 463 841 463 841 503 835 503
823 877 848 877 848 917 823 917
752 643 783 643 783 683 752 683
751 741 785 741 785 781 751 781
680 1003 715 1003 715 1043 680 1043
121 575 159 575 159 615 121 615
683 1140 723 1140 723 1180 683 1180
819 330 855 330 855 370 819 370
817 664 854 664 854 704 817 704
258 1072 304 1072 304 1112 258 1112
197 871 230 871 230 912 197 912
195 824 231 824 231 865 195 865
608 373 649 373 649 414 608 414
52 975 96 975 96 1016 52 1016
538 573 579 573 579 614 538 614
54 381 96 381 96 422 54 422
333 1105 379 1105 379 1146 333 1146
119 287 157 287 157 328 119 328
611 497 656 497 656 538 611 538
330 912 375 912 375 953 330 953
333 950 366 950 366 992 333 992
677 289 718 289 718 331 677 331
55 647 97 647 97 689 55 689
397 286 439 286 439 328 397 328
550 736 564 736 564 779 550 779
68 904 89 904 89 947 68 947
752 1233 783 1233 783 1276 752 1276
750 433 782 433 782 476 750 476
405 758 439 758 439 801 405 801
758 865 776 865 776 908 758 908
121 497 166 497 166 540 121 540
122 846 150 846 150 889 122 889
405 998 433 998 433 1041 405 1041
192 431 230 431 230 474 192 474
772 683 783 683 783 727 772 727
58 832 89 832 89 876 58 876
818 511 851 511 851 555 818 555
122 650 161 650 161 694 122 694
821 1040 850 1040 850 1084 821 1084
194 526 225 526 225 570 194 570
620 1178 653 1178 653 1222 620 1222
401 1178 439 1178 439 1223 401 1223
122 737 167 737 167 782 122 782
473 352 510 352 510 397 473 397
400 878 440 878 440 923 400 923
404 797 438 797 438 843 404 843
490 705 500 705 500 751 490 751
52 1310 96 1310 96 1357 52 1357
399 1130 442 1130 442 1177 399 1177
542 1101 581 1101 581 1149 542 1149
204 912 221 912 221 961 204 961
201 660 219 660 219 709 201 709
119 890 166 890 166 939 119 939
617 1032 652 1032 652 1082 617 1082
493 854 504 854 504 904 493 904
473 805 505 805 505 855 473 855
53 461 90 461 90 512 53 512
754 781 783 781 783 835 754 835
269 756 284 756 284 810 269 810
