547 519 588 519 588 525 547 525
341 1346 377 1346 377 1353 341 1353
689 1263 725 1263 725 1271 689 1271
344 955 372 955 372 970 344 970
282 442 300 442 300 458 282 458
628 451 647 451 647 467 628 467
352 492 369 492 369 508 352 508
141 516 158 516 158 532 141 532
424 1181 442 1181 442 1198 424 1198
423 497 441 497 441 514 423 514
138 1142 156 1142 156 1159 138 1159
280 902 299 902 299 919 280 919
490 817 510 817 510 834 490 834
63 1008 90 1008 90 1025 63 1025
763 1247 784 1247 784 1265 763 1265
148 936 166 936 166 954 148 954
625 1283 644 1283 644 1301 625 1301
57 1385 97 1385 97 1403 57 1403
66 450 87 450 87 468 66 468
276 1389 294 1389 294 1408 276 1408
554 1369 574 1369 574 1388 554 1388
133 301 165 301 165 320 133 320
424 894 444 894 444 913 424 913
696 736 716 736 716 755 696 755
209 1193 230 1193 230 1212 209 1212
357 1084 370 1084 370 1104 357 1104
210 832 229 832 229 852 210 852
764 865 784 865 784 885 764 885
816 480 866 480 866 500 816 500
345 976 364 976 364 996 345 996
696 1070 716 1070 716 1090 696 1090
419 1056 436 1056 436 1077 419 1077
627 867 648 867 648 888 627 888
622 614 655 614 655 635 622 635
214 379 226 379 226 400 214 400
412 518 451 518 451 539 412 539
55 1120 108 1120 108 1142 55 1142
556 734 579 734 579 756 556 756
141 1071 159 1071 159 1093 141 1093
614 994 661 994 661 1016 614 1016
352 729 364 729 364 752 352 752
488 599 509 599 509 622 488 622
551 1176 593 1176 593 1199 551 1199
423 584 453 584 453 607 423 607
210 547 232 547 232 571 210 571
476 877 520 877 520 901 476 901
558 1041 577 1041 577 1065 558 1065
201 1383 228 1383 228 1407 201 1407
819 453 854 453 854 477 819 477
59 1032 98 1032 98 1056 59 1056
65 568 100 568 100 593 65 593
404 973 449 973 449 998 404 998
630 384 649 384 649 409 630 409
283 838 297 838 297 864 283 864
763 1009 781 1009 781 1035 763 1035
697 1200 715 1200 715 1226 697 1226
349 1141 369 1141 369 1167 349 1167
279 538 300 538 300 564 279 564
69 299 95 299 95 325 69 325
349 893 362 893 362 919 349 919
424 1280 441 1280 441 1306 424 1306
618 1307 653 1307 653 1333 618 1333
345 560 383 560 383 586 345 586
563 670 574 670 574 697 563 697
210 982 228 982 228 1009 210 1009
627 966 649 966 649 993 627 993
426 1145 460 1145 460 1172 426 1172
408 946 449 946 449 973 408 973
273 998 316 998 316 1025 273 1025
425 664 441 664 441 691 425 691
425 827 439 827 439 855 425 855
280 374 295 374 295 402 280 402
207 1123 225 1123 225 1151 207 1151
139 581 161 581 161 609 139 609
208 713 232 713 232 741 208 741
420 1248 448 1248 448 1276 420 1276
471 338 515 338 515 366 471 366
696 303 718 303 718 331 696 331
619 894 656 894 656 922 619 922
61 754 111 754 111 782 61 782
422 1377 443 1377 443 1405 422 1405
126 1214 168 1214 168 1242 126 1242
559 1285 571 1285 571 1314 559 1314
766 306 783 306 783 335 766 335
697 1000 717 1000 717 1029 697 1029
557 414 579 414 579 443 557 443
418 917 442 917 442 946 418 946
194 1316 241 1316 241 1345 194 1345
130 1345 161 1345 161 1374 130 1374
342 1050 375 1050 375 1079 342 1079
201 1010 234 1010 234 1039 201 1039
58 540 101 540 101 569 58 569
409 1076 456 1076 456 1105 409 1105
74 1260 90 1260 90 1289 74 1289
421 425 437 425 437 454 421 454
351 426 368 426 368 455 351 455
141 679 162 679 162 708 141 708
270 560 311 560 311 589 270 589
630 801 644 801 644 831 630 831
765 1177 779 1177 779 1207 765 1207
628 1216 644 1216 644 1246 628 1246
557 858 579 858 579 888 557 888
348 753 375 753 375 783 348 783
484 1307 514 1307 514 1337 484 1337
130 605 173 605 173 635 130 635
758 1269 802 1269 802 1299 758 1299
408 1306 456 1306 456 1336 408 1336
697 670 716 670 716 700 697 700
628 1061 648 1061 648 1091 628 1091
343 302 370 302 370 332 343 332
271 667 306 667 306 697 271 697
562 930 600 930 600 960 562 960
57 886 98 886 98 916 57 916
122 1373 165 1373 165 1403 122 1403
59 1224 104 1224 104 1254 59 1254
203 470 250 470 250 500 203 500
194 1257 244 1257 244 1287 194 1287
704 860 719 860 719 891 704 891
141 448 157 448 157 479 141 479
690 1224 722 1224 722 1255 690 1255
614 635 657 635 657 666 614 666
346 1271 377 1271 377 1302 346 1302
549 445 582 445 582 476 549 476
687 332 721 332 721 363 687 363
272 464 308 464 308 495 272 495
268 1358 305 1358 305 1389 268 1389
200 608 240 608 240 639 200 639
339 696 383 696 383 727 339 727
352 1109 368 1109 368 1140 352 1140
142 824 158 824 158 855 142 855
416 630 449 630 449 661 416 661
564 961 597 961 597 992 564 992
132 712 168 712 168 743 132 743
57 1056 96 1056 96 1087 57 1087
339 1165 384 1165 384 1196 339 1196
832 388 847 388 847 420 832 420
278 1333 294 1333 294 1365 278 1365
766 1368 785 1368 785 1400 766 1400
134 1280 157 1280 157 1312 134 1312
271 1204 302 1204 302 1236 271 1236
551 889 584 889 584 921 551 921
198 1045 233 1045 233 1077 198 1077
549 1112 585 1112 585 1144 549 1144
200 435 241 435 241 467 200 467
752 256 797 256 797 288 752 288
478 1075 526 1075 526 1107 478 1107
69 377 87 377 87 409 69 409
765 365 796 365 796 397 765 397
133 956 166 956 166 988 133 988
338 456 376 456 376 488 338 488
198 302 240 302 240 334 198 334
195 1283 241 1283 241 1315 195 1315
746 976 802 976 802 1008 746 1008
84 1087 94 1087 94 1120 84 1120
354 1236 368 1236 368 1269 354 1269
494 1139 509 1139 509 1172 494 1172
485 1171 516 1171 516 1204 485 1204
477 502 511 502 511 535 477 535
480 1043 520 1043 520 1076 480 1076
123 320 169 320 169 353 123 353
684 1126 732 1126 732 1159 684 1159
68 472 88 472 88 505 68 505
623 1093 653 1093 653 1126 623 1126
612 1372 655 1372 655 1405 612 1405
217 401 231 401 231 434 217 434
284 632 299 632 299 665 284 665
73 630 90 630 90 663 73 663
831 421 852 421 852 454 831 454
345 627 373 627 373 660 345 660
691 499 721 499 721 532 691 532
272 865 303 865 303 898 272 898
143 1310 158 1310 158 1344 143 1344
690 891 721 891 721 925 690 925
415 692 446 692 446 726 415 726
816 306 850 306 850 340 816 340
481 625 516 625 516 659 481 659
346 1305 381 1305 381 1339 346 1339
483 776 520 776 520 810 483 810
67 1288 98 1288 98 1322 67 1322
203 574 235 574 235 608 203 608
619 831 652 831 652 865 619 865
482 741 519 741 519 775 482 775
687 1091 726 1091 726 1125 687 1125
633 580 651 580 651 615 633 615
752 1034 784 1034 784 1069 752 1069
687 928 729 928 729 963 687 963
548 478 591 478 591 513 548 513
267 1133 317 1133 317 1168 267 1168
282 1168 296 1168 296 1203 282 1203
348 587 369 587 369 622 348 622
338 918 368 918 368 953 338 953
137 1032 169 1032 169 1067 137 1067
410 384 443 384 443 419 410 419
199 1155 232 1155 232 1190 199 1190
412 853 445 853 445 888 412 888
270 1067 305 1067 305 1102 270 1102
552 1246 587 1246 587 1281 552 1281
479 838 522 838 522 873 479 873
268 926 311 926 311 961 268 961
409 601 454 601 454 636 409 636
756 1301 802 1301 802 1336 756 1336
764 788 782 788 782 823 764 823
64 594 91 594 91 629 64 629
417 1206 447 1206 447 1241 417 1241
548 1319 578 1319 578 1354 548 1354
756 1205 788 1205 788 1240 756 1240
203 676 239 676 239 711 203 711
131 993 170 993 170 1028 131 1028
129 476 168 476 168 511 129 511
685 695 726 695 726 730 685 730
472 304 514 304 514 339 472 339
756 601 803 601 803 636 756 636
63 665 99 665 99 701 63 701
270 1242 312 1242 312 1278 270 1278
614 1131 665 1131 665 1167 614 1167
482 560 505 560 505 596 482 596
557 696 585 696 585 732 557 732
622 1243 652 1243 652 1279 622 1279
345 664 378 664 378 700 345 700
621 409 655 409 655 445 621 445
202 898 242 898 242 934 202 934
274 588 315 588 315 624 274 624
686 962 731 962 731 998 686 998
414 302 440 302 440 339 414 339
343 1192 382 1192 382 1229 343 1229
134 1097 173 1097 173 1134 134 1134
477 662 520 662 520 699 477 699
413 455 444 455 444 492 413 492
683 1274 728 1274 728 1311 683 1311
492 904 506 904 506 941 492 941
572 331 590 331 590 368 572 368
488 1101 511 1101 511 1138 488 1138
272 405 302 405 302 442 272 442
205 640 238 640 238 677 205 677
60 409 94 409 94 446 60 446
548 306 588 306 588 343 548 343
684 796 733 796 733 833 684 833
76 505 86 505 86 543 76 543
282 1026 300 1026 300 1064 282 1064
273 498 310 498 310 536 273 536
548 1071 590 1071 590 1109 548 1109
413 1334 458 1334 458 1372 413 1372
59 836 105 836 105 874 59 874
757 1328 800 1328 800 1366 757 1366
475 533 520 533 520 571 475 571
279 960 302 960 302 999 279 999
557 1142 581 1142 581 1181 557 1181
553 375 581 375 581 414 553 414
692 822 725 822 725 861 692 861
754 822 790 822 790 861 754 861
752 890 789 890 789 929 752 929
130 543 168 543 168 582 130 582
269 301 309 301 309 340 269 340
689 757 736 757 736 796 689 796
749 331 800 331 800 370 749 370
74 1183 90 1183 90 1222 74 1222
694 1156 717 1156 717 1195 694 1195
691 1025 722 1025 722 1064 691 1064
127 1241 174 1241 174 1280 127 1280
208 1346 224 1346 224 1385 208 1385
269 1104 306 1104 306 1143 269 1143
134 853 166 853 166 893 134 893
550 996 588 996 588 1036 550 1036
202 1213 241 1213 241 1254 202 1254
620 344 659 344 659 385 620 385
419 1102 461 1102 461 1143 419 1143
477 697 522 697 522 738 477 738
418 544 445 544 445 585 418 585
689 461 732 461 732 502 689 502
196 742 247 742 247 783 196 783
135 633 180 633 180 674 135 674
208 502 235 502 235 544 208 544
348 519 379 519 379 561 348 561
201 335 234 335 234 377 201 377
691 533 729 533 729 575 691 575
754 455 797 455 797 497 754 497
53 965 104 965 104 1007 53 1007
131 747 174 747 174 789 131 789
338 388 375 388 375 431 338 431
206 786 245 786 245 829 206 829
198 933 239 933 239 976 198 976
818 346 864 346 864 389 818 389
409 337 446 337 446 380 409 380
828 498 856 498 856 541 828 541
193 1077 245 1077 245 1120 193 1120
201 855 240 855 240 899 201 899
614 712 658 712 658 756 614 756
483 942 512 942 512 986 483 986
64 1134 100 1134 100 1178 64 1178
622 1015 669 1015 669 1060 622 1060
751 745 799 745 799 790 751 790
554 1199 591 1199 591 1244 554 1244
344 1002 381 1002 381 1047 344 1047
686 577 728 577 728 622 686 622
543 808 587 808 587 853 543 853
271 338 299 338 299 384 271 384
271 798 308 798 308 844 271 844
128 894 166 894 166 940 128 940
410 784 457 784 457 830 410 830
277 700 304 700 304 746 277 746
619 301 661 301 661 347 619 347
61 786 103 786 103 832 61 832
628 1328 644 1328 644 1375 628 1375
131 786 160 786 160 833 131 833
685 420 723 420 723 467 685 467
129 401 172 401 172 448 129 448
487 455 503 455 503 502 487 502
767 401 783 401 783 448 767 448
623 665 653 665 653 712 623 712
545 529 589 529 589 576 545 576
756 552 796 552 796 599 756 599
754 699 799 699 799 746 754 746
55 330 103 330 103 377 55 377
480 406 507 406 507 454 480 454
619 919 652 919 652 967 619 967
682 367 725 367 725 415 682 415
53 916 104 916 104 964 53 964
267 1278 308 1278 308 1326 267 1326
618 757 660 757 660 805 618 805
58 704 109 704 109 752 58 752
545 757 587 757 587 806 545 806
749 206 794 206 794 255 749 255
129 1167 174 1167 174 1216 129 1216
59 1325 104 1325 104 1374 59 1374
485 365 501 365 501 415 485 415
342 790 379 790 379 840 342 840
754 928 794 928 794 978 754 978
617 1166 657 1166 657 1216 617 1216
481 1261 527 1261 527 1311 481 1311
129 353 178 353 178 403 129 403
748 1126 797 1126 797 1177 748 1177
548 629 593 629 593 680 548 680
487 987 505 987 505 1038 487 1038
419 999 435 999 435 1051 419 1051
341 1355 381 1355 381 1408 341 1408
337 836 381 836 381 889 337 889
274 745 307 745 307 799 274 799
546 574 587 574 587 628 546 628
764 498 801 498 801 552 764 552
412 729 455 729 455 784 412 784
480 1207 521 1207 521 1262 480 1262
752 1075 803 1075 803 1130 752 1130
334 332 375 332 375 391 334 391
685 617 730 617 730 677 685 677
757 637 802 637 802 698 757 698
480 1341 525 1341 525 1403 480 1403
