193 666 213 666 213 677 193 677
694 605 712 605 712 617 694 617
325 1151 344 1151 344 1163 325 1163
357 1184 376 1184 376 1197 357 1197
823 649 848 649 848 662 823 662
749 1014 777 1014 777 1028 749 1028
470 627 503 627 503 642 470 642
818 831 850 831 850 847 818 847
692 1177 702 1177 702 1194 692 1194
478 1341 494 1341 494 1358 478 1358
407 672 439 672 439 689 407 689
135 791 167 791 167 808 135 808
537 1082 583 1082 583 1099 537 1099
199 698 216 698 216 716 199 716
209 307 228 307 228 325 209 325
324 1261 352 1261 352 1279 324 1279
270 1306 300 1306 300 1324 270 1324
889 563 920 563 920 581 889 581
541 895 575 895 575 913 541 913
332 1217 345 1217 345 1236 332 1236
331 1236 348 1236 348 1255 331 1255
342 577 363 577 363 596 342 596
814 851 847 851 847 870 814 870
404 525 445 525 445 544 404 544
907 1146 922 1146 922 1165 907 1165
471 1355 506 1355 506 1374 471 1374
675 765 720 765 720 784 675 784
549 1319 562 1319 562 1338 549 1338
226 653 244 653 244 672 226 672
141 739 163 739 163 758 141 758
275 742 297 742 297 761 275 761
189 680 214 680 214 699 189 699
400 1313 444 1313 444 1332 400 1332
685 809 708 809 708 829 685 829
745 1225 779 1225 779 1245 745 1245
401 1067 436 1067 436 1087 401 1087
276 367 296 367 296 387 276 387
343 790 365 790 365 810 343 810
194 640 217 640 217 660 194 660
358 1244 375 1244 375 1265 358 1265
889 865 914 865 914 886 889 886
137 454 163 454 163 475 137 475
681 535 713 535 713 556 681 556
268 424 303 424 303 445 268 445
469 1195 506 1195 506 1216 469 1216
362 1223 373 1223 373 1244 362 1244
194 1266 243 1266 243 1287 194 1287
681 376 713 376 713 398 681 398
336 735 370 735 370 757 336 757
552 711 570 711 570 733 552 733
410 471 430 471 430 493 410 493
822 558 844 558 844 580 822 580
210 849 240 849 240 871 210 871
129 305 163 305 163 327 129 327
266 1328 305 1328 305 1350 266 1350
398 1177 439 1177 439 1199 398 1199
468 447 512 447 512 469 468 469
211 377 228 377 228 400 211 400
749 1242 766 1242 766 1265 749 1265
275 500 298 500 298 523 275 523
751 769 774 769 774 792 751 792
193 714 218 714 218 737 193 737
332 905 368 905 368 928 332 928
756 505 775 505 775 528 756 528
550 523 570 523 570 546 550 546
821 1218 845 1218 845 1241 821 1241
676 424 716 424 716 447 676 447
207 452 227 452 227 475 207 475
357 1265 380 1265 380 1288 357 1288
361 1137 373 1137 373 1161 361 1161
326 1101 340 1101 340 1125 326 1125
338 880 359 880 359 904 338 904
541 1023 578 1023 578 1047 541 1047
404 549 443 549 443 573 404 573
748 527 780 527 780 551 748 551
671 398 714 398 714 422 671 422
740 791 791 791 791 815 740 815
210 1359 228 1359 228 1384 210 1384
141 810 160 810 160 835 141 835
209 505 229 505 229 530 209 530
824 1061 844 1061 844 1086 824 1086
210 1243 231 1243 231 1268 210 1268
474 572 497 572 497 597 474 597
354 1160 377 1160 377 1185 354 1185
326 1077 351 1077 351 1102 326 1102
815 898 850 898 850 923 815 923
404 568 441 568 441 593 404 593
685 350 708 350 708 375 685 375
405 741 435 741 435 766 405 766
272 652 305 652 305 677 272 677
130 763 173 763 173 788 130 788
893 508 910 508 910 533 893 533
200 398 232 398 232 423 200 423
540 377 580 377 580 402 540 402
129 474 170 474 170 499 129 499
741 555 782 555 782 580 741 580
408 1291 430 1291 430 1317 408 1317
272 1384 297 1384 297 1410 272 1410
477 914 503 914 503 940 477 940
352 1200 379 1200 379 1226 352 1226
405 1146 436 1146 436 1172 405 1172
276 1077 293 1077 293 1103 276 1103
688 706 706 706 706 732 688 732
194 613 214 613 214 639 194 639
825 754 846 754 846 780 825 780
415 907 440 907 440 933 415 933
680 1116 723 1116 723 1142 680 1142
481 1217 499 1217 499 1244 481 1244
617 381 640 381 640 408 617 408
473 418 504 418 504 445 473 445
341 365 373 365 373 392 341 392
470 337 506 337 506 364 470 364
679 678 718 678 718 705 679 705
338 337 379 337 379 364 338 364
267 846 308 846 308 873 267 873
341 515 360 515 360 542 341 542
212 958 241 958 241 985 212 985
203 1213 236 1213 236 1240 203 1240
467 992 505 992 505 1019 467 1019
336 1289 378 1289 378 1316 336 1316
760 1070 775 1070 775 1097 760 1097
889 378 914 378 914 405 889 405
324 1124 349 1124 349 1151 324 1151
883 916 922 916 922 943 883 943
812 870 853 870 853 897 812 897
201 1382 243 1382 243 1409 201 1409
329 816 373 816 373 843 329 843
812 1191 858 1191 858 1218 812 1218
825 1033 845 1033 845 1061 825 1061
482 1162 502 1162 502 1190 482 1190
211 818 234 818 234 846 211 846
883 982 917 982 917 1010 883 1010
337 308 378 308 378 336 337 336
812 486 858 486 858 514 812 514
229 708 243 708 243 736 229 736
213 1151 229 1151 229 1179 213 1179
484 848 502 848 502 876 484 876
761 435 781 435 781 463 761 463
338 1006 359 1006 359 1034 338 1034
892 1327 913 1327 913 1355 892 1355
143 956 166 956 166 984 143 984
271 339 300 339 300 367 271 367
399 933 444 933 444 961 399 961
892 833 911 833 911 861 892 861
817 771 848 771 848 799 817 799
542 406 576 406 576 434 542 434
263 947 302 947 302 975 263 975
812 799 852 799 852 827 812 827
197 422 239 422 239 450 197 450
556 466 564 466 564 495 556 495
550 585 570 585 570 614 550 614
222 625 251 625 251 654 222 654
886 1090 918 1090 918 1119 886 1119
334 760 374 760 374 789 334 789
812 1384 855 1384 855 1413 812 1413
815 415 859 415 859 444 815 444
483 597 499 597 499 626 483 626
345 706 364 706 364 735 345 735
549 435 572 435 572 464 549 464
686 1226 709 1226 709 1255 686 1255
887 755 917 755 917 784 887 784
352 1078 384 1078 384 1107 352 1107
681 1293 720 1293 720 1322 681 1322
678 1038 717 1038 717 1067 678 1067
743 916 786 916 786 945 743 945
465 1245 509 1245 509 1274 465 1274
336 1162 342 1162 342 1192 336 1192
326 1189 348 1189 348 1219 326 1219
821 583 847 583 847 613 821 613
218 676 249 676 249 706 218 706
471 684 506 684 506 714 471 714
403 832 440 832 440 862 403 862
741 1267 783 1267 783 1297 741 1297
489 545 495 545 495 575 489 575
759 981 774 981 774 1011 759 1011
412 1082 428 1082 428 1112 412 1112
138 839 163 839 163 869 138 869
819 1325 849 1325 849 1355 819 1355
545 489 577 489 577 519 545 519
405 1000 444 1000 444 1030 405 1030
267 871 309 871 309 901 267 901
274 1244 297 1244 297 1274 274 1274
683 734 711 734 711 764 683 764
883 439 914 439 914 469 883 469
269 307 304 307 304 337 269 337
475 1307 513 1307 513 1337 475 1337
678 618 717 618 717 648 678 648
886 886 925 886 925 916 886 916
491 1275 506 1275 506 1306 491 1306
551 681 571 681 571 712 551 712
275 623 298 623 298 654 275 654
354 1107 379 1107 379 1138 354 1138
889 530 917 530 917 561 889 561
470 516 507 516 507 547 470 547
889 1165 926 1165 926 1196 889 1196
135 616 173 616 173 647 135 647
399 966 441 966 441 997 399 997
139 680 158 680 158 711 139 711
210 1039 229 1039 229 1070 210 1070
552 781 572 781 572 812 552 812
752 1340 777 1340 777 1371 752 1371
339 1037 364 1037 364 1068 339 1068
681 647 709 647 709 678 681 678
271 1273 300 1273 300 1304 271 1304
614 445 644 445 644 476 614 476
821 1242 851 1242 851 1273 821 1273
889 345 923 345 923 376 889 376
269 678 304 678 304 709 269 709
268 1184 306 1184 306 1215 268 1215
265 1047 307 1047 307 1078 265 1078
273 814 296 814 296 846 273 846
541 1242 573 1242 573 1274 541 1274
271 392 305 392 305 424 271 424
133 708 167 708 167 740 133 740
744 399 782 399 782 431 744 431
550 1047 565 1047 565 1079 550 1079
273 707 300 707 300 739 273 739
404 1032 443 1032 443 1064 404 1064
269 470 313 470 313 502 269 502
825 1355 840 1355 840 1387 825 1387
683 775 705 775 705 807 683 807
271 522 302 522 302 554 271 554
885 670 923 670 923 702 885 702
198 479 242 479 242 511 198 511
275 1350 298 1350 298 1383 275 1383
139 986 170 986 170 1019 139 1019
405 801 437 801 437 834 405 834
200 872 238 872 238 905 200 905
815 961 859 961 859 994 815 994
755 583 776 583 776 616 755 616
824 381 847 381 847 414 824 414
274 442 302 442 302 475 274 475
405 1257 437 1257 437 1290 405 1290
888 1240 923 1240 923 1273 888 1273
331 254 371 254 371 287 331 287
884 1054 924 1054 924 1087 884 1087
673 446 722 446 722 479 673 479
410 766 435 766 435 800 410 800
680 1193 720 1193 720 1227 680 1227
889 1120 919 1120 919 1154 889 1154
201 982 237 982 237 1016 201 1016
818 448 859 448 859 482 818 482
549 1141 567 1141 567 1175 549 1175
403 341 440 341 440 375 403 375
267 976 305 976 305 1010 267 1010
555 1175 570 1175 570 1210 555 1210
547 612 572 612 572 647 547 647
749 733 780 733 780 768 749 768
269 1102 302 1102 302 1137 269 1137
475 720 509 720 509 755 475 755
542 985 577 985 577 1020 542 1020
814 1124 850 1124 850 1159 814 1159
473 876 511 876 511 911 473 911
539 649 583 649 583 684 539 684
393 1113 441 1113 441 1148 393 1148
139 330 154 330 154 365 139 365
210 1179 229 1179 229 1214 210 1214
220 582 253 582 253 617 220 617
200 782 244 782 244 817 200 817
129 548 173 548 173 583 129 583
821 1086 845 1086 845 1122 821 1122
201 1073 231 1073 231 1109 201 1109
337 598 375 598 375 634 337 634
681 1257 719 1257 719 1293 681 1293
748 1109 788 1109 788 1145 748 1145
201 1017 241 1017 241 1053 201 1053
537 855 585 855 585 891 537 891
558 953 566 953 566 989 558 989
274 553 303 553 303 589 274 589
207 531 226 531 226 567 207 567
690 1140 709 1140 709 1176 690 1176
340 670 368 670 368 706 340 706
334 539 368 539 368 575 334 575
476 1074 514 1074 514 1110 476 1110
333 844 373 844 373 880 333 880
673 957 715 957 715 993 673 993
342 634 365 634 365 671 342 671
271 1009 297 1009 297 1046 271 1046
548 816 580 816 580 853 548 853
133 413 169 413 169 450 133 450
333 441 379 441 379 478 333 478
546 1203 570 1203 570 1240 546 1240
808 1155 853 1155 853 1193 808 1193
756 1144 777 1144 777 1182 756 1182
613 408 646 408 646 446 613 446
544 739 578 739 578 777 544 777
748 615 785 615 785 653 748 653
743 1301 785 1301 785 1339 743 1339
349 922 358 922 358 960 349 960
749 1371 777 1371 777 1409 749 1409
406 632 440 632 440 670 406 670
682 556 714 556 714 595 682 595
268 590 304 590 304 629 268 629
813 520 855 520 855 559 813 559
132 914 179 914 179 953 132 953
825 342 846 342 846 381 825 381
820 924 847 924 847 963 820 963
540 1278 569 1278 569 1317 540 1317
135 583 171 583 171 622 135 622
609 340 646 340 646 379 609 379
540 913 580 913 580 952 540 952
887 627 923 627 923 667 887 667
399 490 450 490 450 530 399 530
410 428 431 428 431 468 410 468
749 1183 776 1183 776 1223 749 1223
200 1285 231 1285 231 1325 200 1325
883 466 920 466 920 506 883 506
334 396 376 396 376 436 334 436
814 713 858 713 858 753 814 753
133 648 171 648 171 689 133 689
545 548 585 548 585 589 545 589
883 404 929 404 929 445 883 445
882 1012 928 1012 928 1053 882 1053
410 590 432 590 432 631 410 631
887 944 915 944 915 985 887 985
815 994 854 994 854 1035 815 1035
477 640 496 640 496 682 477 682
465 1372 514 1372 514 1414 465 1414
141 871 162 871 162 913 141 913
133 504 169 504 169 546 133 546
680 833 719 833 719 875 680 875
744 1034 787 1034 787 1076 744 1076
674 496 714 496 714 539 674 539
818 612 859 612 859 655 818 655
267 1140 310 1140 310 1183 267 1183
398 863 442 863 442 906 398 906
277 902 294 902 294 945 277 945
201 737 247 737 247 780 201 780
129 364 175 364 175 407 129 407
545 1095 572 1095 572 1139 545 1139
267 1210 295 1210 295 1254 267 1254
752 462 782 462 782 506 752 506
759 811 768 811 768 855 759 855
886 1195 920 1195 920 1239 886 1239
333 1315 377 1315 377 1359 333 1359
197 1323 241 1323 241 1367 197 1367
477 470 503 470 503 515 477 515
269 766 302 766 302 811 269 811
470 810 514 810 514 855 470 855
677 993 713 993 713 1038 677 1038
335 471 372 471 372 516 335 516
765 652 774 652 774 698 765 698
882 1277 926 1277 926 1324 882 1324
466 943 515 943 515 990 466 990
195 1110 243 1110 243 1157 195 1157
685 1068 710 1068 710 1117 685 1117
200 906 243 906 243 955 200 955
194 325 245 325 245 374 194 374
470 1112 512 1112 512 1161 470 1161
400 377 436 377 436 426 400 426
750 683 779 683 779 733 750 733
677 914 716 914 716 964 677 964
814 1276 850 1276 850 1326 814 1326
335 1355 371 1355 371 1405 335 1405
815 664 856 664 856 714 815 714
471 759 512 759 512 809 471 809
679 1324 711 1324 711 1375 679 1375
466 365 509 365 509 416 466 416
339 949 369 949 369 1001 339 1001
885 1357 919 1357 919 1409 885 1409
749 862 775 862 775 915 749 915
397 1200 437 1200 437 1258 397 1258
885 785 921 785 921 843 885 843
416 1328 426 1328 426 1387 416 1387
743 346 788 346 788 406 743 406
534 1339 578 1339 578 1403 534 1403
