417 1176 438 1176 438 1189 417 1189
116 1363 135 1363 135 1378 116 1378
733 963 763 963 763 978 733 978
664 831 692 831 692 847 664 847
171 356 200 356 200 372 171 372
209 348 222 348 222 364 209 364
413 991 434 991 434 1007 413 1007
410 1259 437 1259 437 1276 410 1276
398 601 416 601 416 618 398 618
181 312 195 312 195 330 181 330
251 1249 270 1249 270 1267 251 1267
203 367 223 367 223 385 203 385
671 1014 691 1014 691 1032 671 1032
203 310 224 310 224 328 203 328
36 305 57 305 57 323 36 323
666 1193 699 1193 699 1211 666 1211
211 327 223 327 223 346 211 346
604 955 625 955 625 974 604 974
381 796 404 796 404 815 381 815
191 547 211 547 211 566 191 566
39 371 61 371 61 390 39 390
258 1190 285 1190 285 1209 258 1209
121 838 150 838 150 857 121 857
263 1048 282 1048 282 1067 263 1067
127 1035 148 1035 148 1054 127 1054
534 1325 555 1325 555 1344 534 1344
665 1140 694 1140 694 1159 665 1159
726 1092 770 1092 770 1111 726 1111
802 1105 820 1105 820 1125 802 1125
600 470 620 470 620 490 600 490
278 1330 300 1330 300 1350 278 1350
33 323 58 323 58 343 33 343
280 1311 296 1311 296 1332 280 1332
664 549 686 549 686 570 664 570
415 1191 445 1191 445 1212 415 1212
660 658 691 658 691 679 660 679
592 624 626 624 626 645 592 645
593 682 629 682 629 703 593 703
525 996 563 996 563 1017 525 1017
195 1213 209 1213 209 1234 195 1234
329 641 350 641 350 662 329 662
127 675 149 675 149 696 127 696
808 423 834 423 834 444 808 444
457 445 489 445 489 466 457 466
417 969 432 969 432 990 417 990
130 817 146 817 146 838 130 838
538 1234 556 1234 556 1255 538 1255
127 1191 147 1191 147 1212 127 1212
412 1071 435 1071 435 1092 412 1092
66 664 92 664 92 685 66 685
392 740 422 740 422 761 392 761
534 940 556 940 556 962 534 962
250 1358 275 1358 275 1380 250 1380
323 755 357 755 357 777 323 777
39 394 57 394 57 416 39 416
262 1070 285 1070 285 1092 262 1092
69 496 93 496 93 518 69 518
602 1048 623 1048 623 1070 602 1070
67 393 91 393 91 415 67 415
186 736 215 736 215 758 186 758
599 404 614 404 614 427 599 427
128 1276 144 1276 144 1299 128 1299
191 599 211 599 211 622 191 622
458 599 486 599 486 622 458 622
465 574 484 574 484 597 465 597
604 1255 630 1255 630 1278 604 1278
327 777 361 777 361 800 327 800
740 1069 757 1069 757 1093 740 1093
179 330 196 330 196 354 179 354
263 1168 284 1168 284 1192 263 1192
125 1299 151 1299 151 1323 125 1323
741 854 755 854 755 878 741 878
75 687 91 687 91 711 75 711
609 857 627 857 627 881 609 881
528 841 550 841 550 865 528 865
65 370 89 370 89 394 65 394
246 1301 276 1301 276 1325 246 1325
39 450 63 450 63 474 39 474
412 1150 436 1150 436 1174 412 1174
67 617 92 617 92 641 67 641
733 878 763 878 763 902 733 902
466 418 497 418 497 442 466 442
42 343 54 343 54 368 42 368
197 1314 213 1314 213 1339 197 1339
604 1021 622 1021 622 1046 604 1046
794 635 816 635 816 660 794 660
184 760 219 760 219 785 184 785
664 1215 699 1215 699 1240 664 1240
49 420 55 420 55 445 49 445
419 1235 433 1235 433 1260 419 1260
194 1008 212 1008 212 1033 194 1033
408 1006 436 1006 436 1031 408 1031
724 339 761 339 761 364 724 364
656 679 694 679 694 704 656 704
665 496 681 496 681 522 665 522
739 1043 756 1043 756 1069 739 1069
403 716 420 716 420 742 403 742
669 775 686 775 686 801 669 801
331 868 348 868 348 894 331 894
247 1272 272 1272 272 1298 247 1298
595 596 626 596 626 622 595 622
389 397 420 397 420 423 389 423
256 1097 287 1097 287 1123 256 1123
386 309 425 309 425 335 386 335
419 1124 431 1124 431 1150 419 1150
673 1114 687 1114 687 1140 673 1140
327 804 351 804 351 830 327 830
248 1328 276 1328 276 1354 248 1354
193 484 210 484 210 510 193 510
667 606 684 606 684 632 667 632
539 1057 556 1057 556 1083 539 1083
602 571 621 571 621 597 602 597
194 570 213 570 213 596 194 596
396 687 426 687 426 713 396 713
322 665 359 665 359 691 322 691
324 1105 365 1105 365 1131 324 1131
800 560 817 560 817 587 800 587
408 939 440 939 440 966 408 966
522 573 555 573 555 600 522 600
528 788 562 788 562 815 528 815
456 621 492 621 492 648 456 648
254 1211 291 1211 291 1238 254 1238
670 634 684 634 684 661 670 661
396 540 412 540 412 567 396 567
71 588 87 588 87 615 71 615
530 462 548 462 548 489 530 489
411 872 434 872 434 899 411 899
62 311 90 311 90 338 62 338
728 750 765 750 765 777 728 777
322 1358 362 1358 362 1385 322 1385
391 625 431 625 431 652 391 652
523 390 552 390 552 418 523 418
412 1212 443 1212 443 1240 412 1240
532 1085 565 1085 565 1113 532 1113
389 761 425 761 425 789 389 789
727 904 766 904 766 932 727 932
523 687 563 687 563 715 523 715
128 979 145 979 145 1007 128 1007
603 802 622 802 622 830 603 830
71 640 93 640 93 668 71 668
668 1309 691 1309 691 1337 668 1337
418 1274 443 1274 443 1302 418 1302
597 705 622 705 622 733 597 733
139 1356 165 1356 165 1384 139 1384
275 1285 304 1285 304 1313 275 1313
728 984 765 984 765 1012 728 1012
327 577 348 577 348 605 327 605
119 1163 154 1163 154 1191 119 1191
113 858 154 858 154 886 113 886
194 706 211 706 211 735 194 735
261 515 283 515 283 544 261 544
411 796 437 796 437 825 411 825
727 476 756 476 756 505 727 505
406 1093 442 1093 442 1122 406 1122
659 258 695 258 695 287 659 287
661 844 698 844 698 873 661 873
252 725 291 725 291 754 252 754
316 261 361 261 361 290 316 290
793 919 826 919 826 948 793 948
112 346 149 346 149 375 112 375
526 719 564 719 564 748 526 748
739 932 754 932 754 961 739 961
195 1153 218 1153 218 1182 195 1182
733 719 759 719 759 748 733 748
659 519 692 519 692 548 659 548
657 434 694 434 694 463 657 463
528 967 552 967 552 997 528 997
602 1352 632 1352 632 1382 602 1382
790 775 821 775 821 805 790 805
121 1003 154 1003 154 1033 121 1033
455 311 492 311 492 341 455 341
128 762 153 762 153 792 128 792
662 798 692 798 692 828 662 828
792 1170 828 1170 828 1200 792 1200
667 1341 704 1341 704 1371 667 1371
256 871 287 871 287 902 256 902
796 952 830 952 830 983 796 983
187 1185 222 1185 222 1216 187 1216
321 608 358 608 358 639 321 639
185 876 223 876 223 907 185 907
528 1347 566 1347 566 1378 528 1378
323 1328 362 1328 362 1359 323 1359
594 1284 636 1284 636 1315 594 1315
118 416 144 416 144 447 118 447
731 688 757 688 757 719 731 719
259 1016 290 1016 290 1047 259 1047
186 423 222 423 222 454 186 454
597 1228 639 1228 639 1259 597 1259
137 1248 145 1248 145 1279 137 1279
396 367 413 367 413 398 396 398
796 1017 827 1017 827 1048 796 1048
388 470 420 470 420 501 388 501
732 552 765 552 765 583 732 583
253 611 286 611 286 642 253 642
183 454 219 454 219 485 183 485
660 1084 699 1084 699 1115 660 1115
251 904 291 904 291 935 251 935
591 886 633 886 633 917 591 917
811 888 821 888 821 920 811 920
43 478 60 478 60 510 43 510
539 1250 559 1250 559 1282 539 1282
278 1351 300 1351 300 1383 278 1383
465 378 491 378 491 410 465 410
730 406 757 406 757 438 730 438
788 487 820 487 820 519 788 519
594 735 628 735 628 767 594 767
388 335 424 335 424 367 388 367
321 377 363 377 363 409 321 409
111 446 155 446 155 478 111 478
121 312 136 312 136 344 121 344
804 983 820 983 820 1015 804 1015
380 814 405 814 405 846 380 846
67 520 95 520 95 552 67 552
329 894 358 894 358 926 329 926
121 642 156 642 156 674 121 674
325 1073 360 1073 360 1105 325 1105
658 574 694 574 694 606 658 606
663 908 701 908 701 940 663 940
119 1324 157 1324 157 1356 119 1356
186 791 224 791 224 823 186 823
664 980 704 980 704 1012 664 1012
519 310 561 310 561 342 519 342
522 813 571 813 571 845 522 845
742 1013 757 1013 757 1046 742 1046
66 336 83 336 83 369 66 369
332 1297 356 1297 356 1330 332 1330
65 554 94 554 94 587 65 587
188 1028 219 1028 219 1061 188 1061
322 312 354 312 354 345 322 345
596 765 629 765 629 798 596 798
656 709 694 709 694 742 656 742
800 746 813 746 813 779 800 779
804 1051 823 1051 823 1084 804 1084
735 779 755 779 755 812 735 812
186 904 217 904 217 937 186 937
185 509 218 509 218 542 185 542
531 1201 567 1201 567 1234 531 1234
796 1200 836 1200 836 1233 796 1233
660 1278 704 1278 704 1311 660 1311
124 1214 152 1214 152 1247 124 1247
598 918 636 918 636 951 598 951
743 634 762 634 762 668 743 668
664 1240 694 1240 694 1274 664 1274
391 654 427 654 427 688 391 688
322 950 359 950 359 984 322 984
118 1087 160 1087 160 1121 118 1121
787 341 830 341 830 375 787 375
801 1069 820 1069 820 1103 801 1103
68 455 93 455 93 489 68 489
254 579 286 579 286 613 254 613
663 1160 700 1160 700 1194 663 1194
656 741 696 741 696 775 656 775
208 385 220 385 220 420 208 420
389 567 422 567 422 602 389 602
591 433 629 433 629 468 591 468
595 1191 636 1191 636 1226 595 1226
339 444 346 444 346 479 339 479
195 938 209 938 209 973 195 973
67 419 91 419 91 454 67 454
531 1021 556 1021 556 1056 531 1056
119 608 151 608 151 643 119 643
598 1154 634 1154 634 1189 598 1189
721 369 760 369 760 404 721 404
194 1276 211 1276 211 1312 194 1312
279 1248 301 1248 301 1284 279 1284
330 722 353 722 353 758 330 758
190 1094 219 1094 219 1130 190 1130
407 832 437 832 437 868 407 868
655 221 695 221 695 257 655 257
415 1031 433 1031 433 1067 415 1067
257 983 288 983 288 1019 257 1019
116 477 152 477 152 513 116 513
458 467 494 467 494 503 458 503
184 1126 224 1126 224 1162 184 1162
592 1315 634 1315 634 1351 592 1351
594 306 619 306 619 342 594 342
794 663 820 663 820 699 794 699
791 851 829 851 829 887 791 887
792 1275 837 1275 837 1311 792 1311
254 431 282 431 282 468 254 468
601 529 633 529 633 566 601 566
659 461 693 461 693 498 659 498
593 646 627 646 627 683 593 683
119 786 158 786 158 823 119 823
192 1054 212 1054 212 1091 192 1091
125 1057 148 1057 148 1094 125 1094
467 535 491 535 491 572 467 572
531 747 555 747 555 784 531 784
666 349 694 349 694 386 666 386
789 519 819 519 819 556 789 556
596 981 628 981 628 1018 596 1018
328 1223 366 1223 366 1260 328 1260
387 503 430 503 430 540 387 540
125 376 142 376 142 414 125 414
191 971 217 971 217 1009 191 1009
256 392 288 392 288 430 256 430
122 701 156 701 156 739 122 739
129 1124 146 1124 146 1162 129 1162
598 824 630 824 630 862 598 862
320 222 357 222 357 260 320 260
519 604 561 604 561 642 519 642
606 344 628 344 628 383 606 383
531 1282 558 1282 558 1321 531 1321
408 900 436 900 436 939 408 939
254 643 286 643 286 682 254 682
120 727 158 727 158 766 120 766
527 898 568 898 568 937 527 937
532 488 549 488 549 527 532 527
800 1309 827 1309 827 1348 800 1348
254 751 285 751 285 790 254 790
251 545 291 545 291 584 251 584
743 654 750 654 750 694 743 694
466 343 480 343 480 383 466 383
254 792 293 792 293 832 254 832
661 1041 702 1041 702 1081 661 1081
335 683 350 683 350 723 335 723
799 1234 819 1234 819 1274 799 1274
788 704 828 704 828 744 788 744
655 388 699 388 699 428 655 428
43 511 57 511 57 552 43 552
467 504 482 504 482 545 467 545
260 681 283 681 283 722 260 722
726 434 765 434 765 475 726 475
521 643 560 643 560 684 521 684
522 346 563 346 563 387 522 387
320 1137 362 1137 362 1178 320 1178
332 405 353 405 353 446 332 446
801 1127 824 1127 824 1168 801 1168
320 481 363 481 363 522 320 522
600 492 616 492 616 534 600 534
251 349 289 349 289 391 251 391
663 870 695 870 695 912 663 912
525 862 566 862 566 904 525 904
788 591 831 591 831 633 788 633
327 1258 370 1258 370 1301 327 1301
666 935 693 935 693 978 666 978
522 420 559 420 559 463 522 463
187 625 226 625 226 668 187 668
249 309 291 309 291 352 249 352
387 423 429 423 429 466 387 466
184 1236 228 1236 228 1279 184 1279
329 344 345 344 345 387 329 387
531 1158 575 1158 575 1201 531 1201
331 831 347 831 347 875 331 875
792 802 821 802 821 846 792 846
263 1125 280 1125 280 1169 263 1169
595 359 613 359 613 403 595 403
664 308 682 308 682 353 664 353
528 1114 566 1114 566 1159 528 1159
185 1339 230 1339 230 1384 185 1384
595 1072 638 1072 638 1117 595 1117
113 513 156 513 156 559 113 559
728 807 765 807 765 853 728 853
323 1023 363 1023 363 1070 323 1070
195 665 203 665 203 712 195 712
259 827 288 827 288 874 259 874
728 586 766 586 766 633 728 633
118 890 163 890 163 937 118 937
324 1178 369 1178 369 1225 324 1225
255 467 285 467 285 515 255 515
526 527 557 527 557 575 526 575
728 503 755 503 755 551 728 551
118 931 154 931 154 980 118 980
112 559 152 559 152 608 112 608
794 1325 822 1325 822 1375 794 1375
189 824 218 824 218 874 189 874
744 1107 753 1107 753 1158 744 1158
254 932 289 932 289 983 254 983
321 524 356 524 356 580 321 580
