621 985 643 985 643 996 621 996
201 1286 224 1286 224 1297 201 1297
846 639 855 639 855 651 846 651
68 369 93 369 93 381 68 381
411 1079 432 1079 432 1092 411 1092
498 1207 504 1207 504 1221 498 1221
612 1326 637 1326 637 1340 612 1340
479 972 505 972 505 986 479 986
271 1242 298 1242 298 1256 271 1256
622 539 649 539 649 553 622 553
277 830 292 830 292 844 277 844
479 913 513 913 513 928 479 928
826 1313 841 1313 841 1328 826 1328
66 1009 94 1009 94 1024 66 1024
692 1158 706 1158 706 1173 692 1173
621 777 644 777 644 792 621 792
691 720 718 720 718 735 691 735
210 1047 225 1047 225 1063 210 1063
196 1335 237 1335 237 1351 196 1351
128 758 162 758 162 774 128 774
139 491 156 491 156 508 139 508
65 894 92 894 92 911 65 911
212 422 228 422 228 439 212 439
826 816 843 816 843 833 826 833
616 1305 632 1305 632 1323 616 1323
65 1080 92 1080 92 1098 65 1098
691 934 709 934 709 952 691 952
485 1224 497 1224 497 1243 485 1243
622 441 652 441 652 460 622 460
472 893 514 893 514 912 472 912
409 1281 435 1281 435 1300 409 1300
59 1029 96 1029 96 1048 59 1048
487 660 502 660 502 680 487 680
556 1143 574 1143 574 1163 556 1163
134 1316 153 1316 153 1336 134 1336
274 506 300 506 300 526 274 526
280 774 293 774 293 795 280 795
278 949 294 949 294 970 278 970
65 314 94 314 94 335 65 335
128 1339 164 1339 164 1360 128 1360
486 1249 502 1249 502 1270 486 1270
765 549 782 549 782 570 765 570
691 1042 708 1042 708 1063 691 1063
624 1043 642 1043 642 1064 624 1064
278 1361 296 1361 296 1382 278 1382
138 1028 158 1028 158 1049 138 1049
65 961 94 961 94 982 65 982
198 917 236 917 236 938 198 938
220 768 225 768 225 789 220 789
634 424 645 424 645 445 634 445
209 900 227 900 227 921 209 921
129 1053 163 1053 163 1074 129 1074
421 538 437 538 437 560 421 560
830 1121 847 1121 847 1143 830 1143
482 946 504 946 504 968 482 968
202 1236 233 1236 233 1258 202 1258
203 494 235 494 235 516 203 516
199 1070 230 1070 230 1092 199 1092
407 1303 438 1303 438 1325 407 1325
61 648 98 648 98 670 61 670
683 696 722 696 722 718 683 718
199 850 241 850 241 872 199 872
828 1257 843 1257 843 1280 828 1280
630 398 648 398 648 421 630 421
825 909 844 909 844 932 825 932
557 1314 570 1314 570 1337 557 1337
281 1215 295 1215 295 1238 281 1238
71 773 87 773 87 796 71 796
554 965 571 965 571 988 554 988
70 1131 87 1131 87 1154 70 1154
829 1063 849 1063 849 1086 829 1086
481 1323 506 1323 506 1346 481 1346
480 1351 509 1351 509 1374 480 1374
63 833 96 833 96 856 63 856
210 1177 224 1177 224 1200 210 1200
690 879 707 879 707 902 690 902
690 569 717 569 717 592 690 592
270 845 303 845 303 868 270 868
829 759 842 759 842 783 829 783
559 534 574 534 574 558 559 558
687 1283 705 1283 705 1307 687 1307
75 449 88 449 88 473 75 473
133 699 163 699 163 723 133 723
616 1355 627 1355 627 1380 616 1380
692 768 708 768 708 793 692 793
140 840 157 840 157 865 140 865
138 1289 159 1289 159 1314 138 1314
475 1031 506 1031 506 1056 475 1056
129 1078 165 1078 165 1103 129 1103
280 481 298 481 298 506 280 506
68 592 90 592 90 617 68 617
133 894 160 894 160 919 133 919
131 648 169 648 169 673 131 673
490 735 501 735 501 760 490 760
211 1258 224 1258 224 1283 211 1283
144 428 160 428 160 453 144 453
71 936 88 936 88 961 71 961
545 940 576 940 576 965 545 965
694 1064 707 1064 707 1090 694 1090
70 621 89 621 89 647 70 647
279 453 300 453 300 479 279 479
551 1082 576 1082 576 1108 551 1108
269 1111 304 1111 304 1137 269 1137
63 912 101 912 101 938 63 938
69 1251 89 1251 89 1277 69 1277
210 319 230 319 230 345 210 345
201 786 232 786 232 812 201 812
408 1349 443 1349 443 1375 408 1375
685 593 721 593 721 619 685 619
59 983 98 983 98 1009 59 1009
214 1017 229 1017 229 1044 214 1044
542 1018 577 1018 577 1045 542 1045
137 1151 151 1151 151 1178 137 1178
212 594 229 594 229 621 212 621
76 1347 100 1347 100 1374 76 1374
411 366 442 366 442 393 411 393
125 919 164 919 164 946 125 946
623 1274 633 1274 633 1301 623 1301
683 904 710 904 710 931 683 931
412 510 446 510 446 537 412 537
475 549 509 549 509 576 475 576
545 731 583 731 583 758 545 758
489 990 499 990 499 1018 489 1018
142 672 156 672 156 700 142 700
418 1164 433 1164 433 1192 418 1192
695 541 711 541 711 569 695 569
484 484 505 484 505 512 484 512
138 620 160 620 160 648 138 648
552 1213 583 1213 583 1241 552 1241
145 1349 161 1349 161 1377 145 1377
204 442 239 442 239 470 204 470
691 1254 702 1254 702 1283 691 1283
556 795 571 795 571 824 556 824
484 758 504 758 504 787 484 787
67 1154 92 1154 92 1183 67 1183
618 1096 648 1096 648 1125 618 1125
130 313 170 313 170 342 130 342
556 989 566 989 566 1018 556 1018
343 462 368 462 368 491 343 491
833 463 862 463 862 492 833 492
681 1343 710 1343 710 1372 681 1372
63 563 95 563 95 592 63 592
683 1124 716 1124 716 1153 683 1153
59 337 97 337 97 366 59 366
61 1227 105 1227 105 1256 61 1256
415 1326 425 1326 425 1355 415 1355
422 434 436 434 436 463 422 463
273 971 302 971 302 1000 273 1000
214 470 231 470 231 500 214 500
820 784 849 784 849 814 820 814
415 849 444 849 444 879 415 879
700 402 717 402 717 432 700 432
624 1125 647 1125 647 1155 624 1155
825 1145 848 1145 848 1175 825 1175
685 1090 714 1090 714 1120 685 1120
132 1179 165 1179 165 1209 132 1209
828 432 862 432 862 462 828 462
406 1096 442 1096 442 1126 406 1126
61 1099 99 1099 99 1129 61 1129
834 537 845 537 845 568 834 568
490 862 504 862 504 893 490 893
204 870 230 870 230 901 204 901
825 364 856 364 856 395 825 395
268 1184 304 1184 304 1215 268 1215
696 736 711 736 711 767 696 767
73 1049 89 1049 89 1080 73 1080
134 993 161 993 161 1024 134 1024
614 1243 643 1243 643 1274 614 1274
128 723 166 723 166 754 128 754
689 1182 708 1182 708 1213 689 1213
553 563 579 563 579 594 553 594
825 568 852 568 852 599 825 599
201 985 230 985 230 1016 201 1016
822 932 851 932 851 963 822 963
482 1091 513 1091 513 1122 482 1122
616 460 651 460 651 491 616 491
758 360 782 360 782 392 758 392
822 1086 854 1086 854 1118 822 1118
821 650 857 650 857 682 821 682
60 670 106 670 106 702 60 702
483 319 511 319 511 351 483 351
66 474 94 474 94 506 66 506
822 969 852 969 852 1001 822 1001
124 1257 161 1257 161 1289 124 1289
207 621 230 621 230 653 207 653
822 1280 849 1280 849 1312 822 1312
479 406 511 406 511 438 479 438
131 587 165 587 165 619 131 619
131 562 166 562 166 594 131 594
410 881 446 881 446 913 410 913
823 395 860 395 860 427 823 427
413 963 452 963 452 995 413 995
614 797 654 797 654 829 614 829
266 1260 307 1260 307 1292 266 1292
349 352 366 352 366 385 349 385
207 1343 236 1343 236 1376 207 1376
477 1171 509 1171 509 1204 477 1204
269 795 302 795 302 828 269 828
61 736 99 736 99 769 61 769
128 776 168 776 168 809 128 809
207 1093 230 1093 230 1126 207 1126
131 862 160 862 160 895 131 895
206 1200 236 1200 236 1233 206 1233
756 571 787 571 787 604 756 604
272 1293 304 1293 304 1326 272 1326
61 703 98 703 98 736 61 736
202 383 240 383 240 416 202 416
267 1326 305 1326 305 1359 267 1359
555 759 569 759 569 793 555 793
553 1244 575 1244 575 1278 553 1278
203 346 232 346 232 380 203 380
137 454 166 454 166 488 137 488
64 796 93 796 93 830 64 830
548 1047 581 1047 581 1081 548 1081
269 738 310 738 310 772 269 772
821 1001 862 1001 862 1035 821 1035
818 605 863 605 863 639 818 639
413 726 442 726 442 760 413 760
685 656 719 656 719 690 685 690
202 733 237 733 237 767 202 767
697 330 714 330 714 364 697 364
66 1315 97 1315 97 1349 66 1349
63 385 98 385 98 419 63 419
408 1043 444 1043 444 1077 408 1077
551 373 588 373 588 407 551 407
269 327 313 327 313 361 269 361
557 1108 572 1108 572 1143 557 1143
632 321 650 321 650 356 632 356
274 610 307 610 307 645 274 645
618 830 654 830 654 865 618 865
616 906 653 906 653 941 616 941
419 760 437 760 437 795 419 795
687 1307 706 1307 706 1342 687 1342
824 682 853 682 853 717 824 717
547 1278 577 1278 577 1313 547 1313
624 596 656 596 656 631 624 631
65 857 97 857 97 892 65 892
474 1055 510 1055 510 1090 474 1090
196 1299 233 1299 233 1334 196 1334
613 1063 653 1063 653 1098 613 1098
618 560 660 560 660 595 618 595
208 692 232 692 232 728 208 728
693 431 726 431 726 467 693 467
404 1242 440 1242 440 1278 404 1278
407 1126 443 1126 443 1162 407 1162
273 364 311 364 311 400 273 400
267 527 306 527 306 563 267 563
276 871 299 871 299 907 276 907
209 812 236 812 236 848 209 848
274 650 303 650 303 686 274 686
835 1021 840 1021 840 1058 835 1058
767 477 778 477 778 514 767 514
486 512 503 512 503 549 486 549
832 873 838 873 838 910 832 910
560 447 571 447 571 484 560 484
556 410 583 410 583 447 556 447
545 1338 579 1338 579 1375 545 1375
681 841 716 841 716 878 681 878
335 423 374 423 374 460 335 460
209 516 231 516 231 554 209 554
687 956 714 956 714 994 687 994
199 654 236 654 236 692 199 692
475 620 515 620 515 658 475 658
647 703 653 703 653 741 647 741
344 313 374 313 374 351 344 351
480 832 513 832 513 870 480 870
406 689 452 689 452 727 406 727
479 443 508 443 508 482 479 482
756 513 789 513 789 552 756 552
829 321 849 321 849 360 829 360
632 356 643 356 643 396 632 396
483 580 504 580 504 620 483 620
131 340 159 340 159 380 131 380
63 1277 96 1277 96 1317 63 1317
684 623 723 623 723 663 684 663
553 894 568 894 568 934 553 934
203 552 234 552 234 592 203 592
758 394 790 394 790 434 758 434
819 1177 855 1177 855 1217 819 1217
270 407 308 407 308 447 270 447
340 492 378 492 378 532 340 532
688 365 733 365 733 405 688 405
691 1213 703 1213 703 1253 691 1253
477 1129 512 1129 512 1169 477 1169
404 1000 444 1000 444 1040 404 1040
827 492 849 492 849 533 827 533
618 871 649 871 649 912 618 912
339 382 371 382 371 423 339 423
620 942 657 942 657 983 620 983
268 279 310 279 310 320 268 320
703 464 709 464 709 505 703 505
547 595 585 595 585 636 547 636
772 315 779 315 779 357 772 357
279 907 294 907 294 949 279 949
68 1185 91 1185 91 1227 68 1227
824 719 853 719 853 761 824 761
618 491 656 491 656 533 618 533
816 1218 854 1218 854 1260 816 1260
132 806 158 806 158 848 132 848
63 417 91 417 91 459 63 459
128 1213 162 1213 162 1256 128 1256
617 997 653 997 653 1040 617 1040
683 794 727 794 727 837 683 837
685 282 727 282 727 325 685 325
555 636 579 636 579 680 555 680
817 1332 860 1332 860 1376 817 1376
274 566 299 566 299 610 274 610
819 838 858 838 858 882 819 882
209 1129 225 1129 225 1173 209 1173
406 1192 442 1192 442 1236 406 1236
264 1062 301 1062 301 1106 264 1106
127 946 167 946 167 990 127 990
548 824 589 824 589 868 548 868
485 787 505 787 505 832 485 832
411 391 453 391 453 436 411 436
553 685 572 685 572 730 553 730
418 462 441 462 441 507 418 507
630 1333 637 1333 637 1379 630 1379
561 850 569 850 569 896 561 896
691 493 716 493 716 539 691 539
411 914 442 914 442 960 411 960
131 1105 163 1105 163 1151 131 1151
692 994 705 994 705 1041 692 1041
271 1139 301 1139 301 1186 271 1186
474 1272 508 1272 508 1319 474 1319
620 734 657 734 657 782 620 782
411 315 442 315 442 363 411 363
610 1194 648 1194 648 1243 610 1243
489 352 506 352 506 402 489 402
761 427 789 427 789 477 761 477
272 688 305 688 305 738 272 738
131 383 173 383 173 433 131 433
64 512 98 512 98 562 64 562
130 512 172 512 172 563 130 563
551 1164 575 1164 575 1217 551 1217
213 929 220 929 220 983 213 983
479 680 512 680 512 734 479 734
557 471 584 471 584 530 557 530
553 313 582 313 582 372 553 372
412 562 446 562 446 631 412 631
