624 564 645 564 645 575 624 575
834 980 859 980 859 992 834 992
572 898 577 898 577 911 572 911
767 1004 796 1004 796 1017 767 1017
622 479 649 479 649 492 622 492
622 745 651 745 651 758 622 758
575 1158 583 1158 583 1172 575 1172
357 1107 372 1107 372 1121 357 1121
333 479 350 479 350 493 333 493
768 962 794 962 794 976 768 976
773 423 783 423 783 438 773 438
628 436 643 436 643 451 628 451
638 1177 653 1177 653 1192 638 1192
203 634 220 634 220 649 203 649
691 698 722 698 722 713 691 713
234 1098 244 1098 244 1113 234 1113
206 295 221 295 221 310 206 310
274 293 291 293 291 308 274 308
200 1072 210 1072 210 1087 200 1087
564 483 574 483 574 498 564 498
425 672 436 672 436 687 425 687
284 1076 301 1076 301 1091 284 1091
227 1023 245 1023 245 1038 227 1038
56 338 82 338 82 353 56 353
550 579 580 579 580 594 550 594
637 876 659 876 659 892 637 892
130 394 158 394 158 410 130 410
415 392 433 392 433 409 415 409
756 519 785 519 785 536 756 536
693 863 720 863 720 880 693 880
708 758 716 758 716 775 708 775
773 983 788 983 788 1000 773 1000
632 456 640 456 640 474 632 474
281 732 299 732 299 750 281 750
209 716 233 716 233 734 209 734
68 1213 96 1213 96 1231 68 1231
199 447 228 447 228 465 199 465
272 798 306 798 306 816 272 816
548 463 587 463 587 481 548 481
209 367 220 367 220 385 209 385
144 1200 161 1200 161 1218 144 1218
498 1354 515 1354 515 1372 498 1372
698 711 716 711 716 729 698 729
633 692 643 692 643 711 633 711
140 621 151 621 151 640 140 640
712 1388 729 1388 729 1407 712 1407
418 649 437 649 437 668 418 668
360 507 384 507 384 526 360 526
203 834 230 834 230 853 203 853
483 534 510 534 510 553 483 553
560 759 577 759 577 778 560 778
567 1310 582 1310 582 1329 567 1329
287 1373 303 1373 303 1392 287 1392
349 724 367 724 367 743 349 743
358 452 383 452 383 471 358 471
268 469 295 469 295 488 268 488
559 737 574 737 574 757 559 757
853 1259 871 1259 871 1279 853 1279
76 557 95 557 95 577 76 577
346 917 374 917 374 937 346 937
228 966 239 966 239 986 228 986
693 1191 725 1191 725 1211 693 1211
72 1191 89 1191 89 1212 72 1212
62 582 81 582 81 603 62 603
476 353 509 353 509 374 476 374
335 455 346 455 346 476 335 476
274 368 293 368 293 389 274 389
761 463 788 463 788 484 761 484
275 887 304 887 304 908 275 908
490 1373 527 1373 527 1394 490 1394
267 349 306 349 306 370 267 370
267 912 307 912 307 933 267 933
499 1333 513 1333 513 1354 499 1354
838 1282 859 1282 859 1303 838 1303
138 998 163 998 163 1019 138 1019
222 1041 249 1041 249 1062 222 1062
195 473 234 473 234 494 195 494
124 568 169 568 169 589 124 589
352 1045 367 1045 367 1067 352 1067
421 366 440 366 440 388 421 388
761 330 791 330 791 352 761 352
52 360 86 360 86 382 52 382
629 668 645 668 645 691 629 691
134 328 153 328 153 351 134 351
276 1247 305 1247 305 1270 276 1270
203 501 232 501 232 524 203 524
203 568 220 568 220 591 203 591
702 1258 720 1258 720 1281 702 1281
65 486 85 486 85 509 65 509
200 391 227 391 227 414 200 414
766 1072 797 1072 797 1095 766 1095
625 1322 658 1322 658 1345 625 1345
623 999 658 999 658 1022 623 1022
826 333 861 333 861 356 826 356
341 834 379 834 379 857 341 857
270 1275 310 1275 310 1298 270 1298
769 816 785 816 785 839 769 839
61 921 90 921 90 944 61 944
759 397 794 397 794 420 759 420
698 636 715 636 715 660 698 660
351 808 368 808 368 832 351 832
497 1109 515 1109 515 1133 497 1133
826 953 867 953 867 977 826 977
285 1223 301 1223 301 1247 285 1247
352 1222 380 1222 380 1246 352 1246
207 1299 235 1299 235 1323 207 1323
624 1386 658 1386 658 1410 624 1410
342 940 378 940 378 964 342 964
775 1095 787 1095 787 1120 775 1120
419 582 432 582 432 607 419 607
232 1114 247 1114 247 1139 232 1139
281 672 296 672 296 697 281 697
287 1392 310 1392 310 1417 287 1417
765 1048 791 1048 791 1073 765 1073
218 903 249 903 249 928 218 928
357 479 391 479 391 504 357 504
196 658 233 658 233 683 196 683
624 1113 665 1113 665 1138 624 1138
565 912 578 912 578 937 565 937
327 498 354 498 354 523 327 523
75 1305 102 1305 102 1330 75 1330
407 556 439 556 439 581 407 581
350 1282 385 1282 385 1307 350 1307
827 455 862 455 862 480 827 480
131 896 167 896 167 921 131 921
356 888 369 888 369 913 356 913
137 539 156 539 156 564 137 564
829 642 859 642 859 667 829 667
760 623 794 623 794 648 760 648
621 579 656 579 656 604 621 604
691 735 727 735 727 760 691 760
345 1247 385 1247 385 1272 345 1272
261 493 306 493 306 518 261 518
209 418 221 418 221 444 209 444
350 668 363 668 363 694 350 694
700 440 715 440 715 466 700 466
209 805 224 805 224 831 209 831
701 1025 718 1025 718 1051 701 1051
143 1388 162 1388 162 1414 143 1414
202 736 225 736 225 762 202 762
128 732 160 732 160 758 128 758
688 883 728 883 728 909 688 909
547 390 587 390 587 416 547 416
497 849 506 849 506 875 497 875
489 325 505 325 505 351 489 351
413 802 450 802 450 828 413 828
61 1124 104 1124 104 1150 61 1150
358 1349 372 1349 372 1376 358 1376
489 647 504 647 504 674 489 674
842 1158 858 1158 858 1185 842 1185
470 416 518 416 518 443 470 443
561 504 576 504 576 531 561 531
842 898 857 898 857 925 842 925
283 1007 299 1007 299 1034 283 1034
195 857 235 857 235 884 195 884
637 1084 651 1084 651 1111 637 1111
625 368 641 368 641 395 625 395
486 476 503 476 503 503 486 503
491 817 509 817 509 844 491 844
129 356 157 356 157 383 129 383
757 489 791 489 791 516 757 516
829 1063 864 1063 864 1090 829 1090
554 1130 592 1130 592 1157 554 1157
689 809 731 809 731 836 689 836
470 505 514 505 514 532 470 532
490 444 503 444 503 472 490 472
638 967 652 967 652 995 638 995
360 1194 375 1194 375 1222 360 1222
284 853 300 853 300 881 284 881
697 777 717 777 717 805 697 805
492 975 515 975 515 1003 492 1003
225 988 248 988 248 1016 225 1016
345 858 369 858 369 886 345 886
70 452 82 452 82 480 70 480
558 944 586 944 586 972 558 972
59 651 92 651 92 679 59 679
840 1307 876 1307 876 1335 840 1335
339 785 382 785 382 813 339 813
771 436 783 436 783 465 771 465
199 964 216 964 216 993 199 993
555 634 575 634 575 663 555 663
74 1332 104 1332 104 1361 74 1361
195 684 235 684 235 713 195 713
207 1358 247 1358 247 1387 207 1387
832 530 861 530 861 559 832 559
833 924 863 924 863 953 833 953
412 694 450 694 450 723 412 723
689 603 727 603 727 632 689 632
550 705 588 705 588 734 550 734
574 1063 583 1063 583 1092 574 1092
846 1229 861 1229 861 1258 846 1258
640 1218 662 1218 662 1247 640 1247
196 933 221 933 221 962 196 962
693 664 721 664 721 693 693 693
695 987 730 987 730 1016 695 1016
699 830 716 830 716 860 699 860
491 910 510 910 510 940 491 940
494 1177 513 1177 513 1207 494 1207
324 419 355 419 355 449 324 449
275 933 308 933 308 963 275 963
346 1124 380 1124 380 1154 346 1154
831 1130 869 1130 869 1160 831 1160
821 670 868 670 868 700 821 700
210 1000 215 1000 215 1030 210 1030
629 712 647 712 647 742 629 742
213 1327 240 1327 240 1357 213 1357
63 791 99 791 99 821 63 821
679 327 722 327 722 357 679 357
569 1174 585 1174 585 1205 569 1205
361 417 381 417 381 448 361 448
634 1247 658 1247 658 1278 634 1278
619 402 648 402 648 433 619 433
833 810 863 810 863 841 833 841
65 381 78 381 78 412 65 412
200 901 215 901 215 932 200 932
698 952 727 952 727 983 698 983
138 964 168 964 168 995 138 995
620 529 652 529 652 560 620 560
352 1160 384 1160 384 1191 352 1191
202 1188 242 1188 242 1219 202 1219
697 1087 716 1087 716 1119 697 1119
566 1245 585 1245 585 1277 566 1277
768 1335 795 1335 795 1367 768 1367
408 446 439 446 439 478 408 478
560 1207 594 1207 594 1239 560 1239
404 411 445 411 445 443 404 443
76 1092 94 1092 94 1124 76 1124
132 506 160 506 160 538 132 538
261 312 301 312 301 344 261 344
69 985 91 985 91 1017 69 1017
342 749 374 749 374 781 342 781
554 821 589 821 589 853 554 853
424 765 443 765 443 798 424 798
700 1050 720 1050 720 1083 700 1083
697 1220 725 1220 725 1253 697 1253
276 815 308 815 308 848 276 848
626 934 658 934 658 967 626 967
832 991 874 991 874 1024 832 1024
220 1066 251 1066 251 1099 220 1099
130 802 167 802 167 835 130 835
66 1358 112 1358 112 1391 66 1391
77 1385 90 1385 90 1419 77 1419
221 931 247 931 247 965 221 965
618 494 651 494 651 528 618 528
336 296 370 296 370 330 336 330
341 693 376 693 376 727 341 727
831 703 869 703 869 737 831 737
337 339 378 339 378 373 337 373
218 1385 233 1385 233 1419 218 1419
556 668 576 668 576 702 556 702
418 832 445 832 445 866 418 866
768 1373 797 1373 797 1407 768 1407
136 1064 170 1064 170 1098 136 1098
405 330 442 330 442 364 405 364
62 1269 104 1269 104 1303 62 1303
848 1374 862 1374 862 1408 848 1408
338 217 369 217 369 251 338 251
347 1069 379 1069 379 1103 347 1103
619 611 653 611 653 645 619 645
49 612 94 612 94 646 49 646
198 1034 220 1034 220 1069 198 1069
763 842 794 842 794 877 763 877
627 1139 664 1139 664 1174 627 1174
419 909 444 909 444 944 419 944
66 1055 93 1055 93 1090 66 1090
485 874 517 874 517 909 485 909
413 613 452 613 452 648 413 648
484 1208 524 1208 524 1243 484 1243
558 1381 599 1381 599 1416 558 1416
137 1260 179 1260 179 1295 137 1295
133 1225 175 1225 175 1260 133 1260
844 776 852 776 852 812 844 812
410 480 443 480 443 516 410 516
198 590 231 590 231 626 198 626
65 1150 104 1150 104 1186 65 1186
686 407 727 407 727 443 686 443
152 1137 161 1137 161 1173 152 1173
282 1096 312 1096 312 1132 282 1132
276 1037 309 1037 309 1073 276 1073
352 1378 387 1378 387 1414 352 1414
413 729 450 729 450 765 413 765
552 422 590 422 590 458 552 458
763 877 802 877 802 913 763 913
205 1261 246 1261 246 1297 205 1297
832 1339 876 1339 876 1375 832 1375
686 467 731 467 731 503 686 503
59 413 86 413 86 449 59 449
207 1222 238 1222 238 1258 207 1258
271 697 303 697 303 733 271 733
620 758 652 758 652 794 620 794
282 1337 314 1337 314 1373 282 1373
553 858 586 858 586 894 553 894
67 1231 100 1231 100 1267 67 1267
277 1299 316 1299 316 1335 277 1335
624 798 650 798 650 835 624 835
201 762 233 762 233 799 201 799
622 837 656 837 656 874 622 874
557 1092 589 1092 589 1129 557 1129
349 1311 384 1311 384 1348 349 1348
129 412 166 412 166 449 129 449
760 734 798 734 798 771 760 771
555 1335 593 1335 593 1372 555 1372
827 566 868 566 868 603 827 603
506 1053 514 1053 514 1091 506 1091
824 412 861 412 861 450 824 450
276 1136 317 1136 317 1174 276 1174
629 1343 659 1343 659 1381 629 1381
273 753 308 753 308 791 273 791
478 939 528 939 528 977 478 977
765 1158 798 1158 798 1196 765 1196
477 376 511 376 511 414 477 414
129 1296 170 1296 170 1334 129 1334
625 1187 667 1187 667 1225 625 1225
825 737 869 737 869 775 825 775
138 1097 164 1097 164 1136 138 1136
60 1016 97 1016 97 1055 60 1055
565 1271 586 1271 586 1310 565 1310
61 513 88 513 88 552 61 552
628 893 657 893 657 932 628 932
194 527 234 527 234 566 194 566
130 922 176 922 176 961 130 961
274 432 293 432 293 472 274 472
554 977 592 977 592 1017 554 1017
759 690 801 690 801 730 759 730
622 324 645 324 645 364 622 364
838 1090 864 1090 864 1130 838 1130
407 516 443 516 443 556 407 556
550 536 589 536 589 576 550 576
486 1137 525 1137 525 1177 486 1177
488 552 505 552 505 592 488 592
481 677 510 677 510 717 481 717
693 1151 729 1151 729 1191 693 1191
762 1198 800 1198 800 1238 762 1238
757 358 791 358 791 399 757 399
341 1008 376 1008 376 1049 341 1049
761 1121 802 1121 802 1162 761 1162
547 598 586 598 586 639 547 639
550 780 589 780 589 821 550 821
755 649 794 649 794 690 755 690
554 1018 595 1018 595 1059 554 1059
825 600 870 600 870 641 825 641
59 947 104 947 104 988 59 988
141 1154 161 1154 161 1196 141 1196
131 579 155 579 155 621 131 621
685 362 721 362 721 404 685 404
335 530 381 530 381 572 335 572
779 1289 792 1289 792 1331 779 1331
758 534 794 534 794 576 758 576
829 484 861 484 861 526 829 526
60 821 100 821 100 863 60 863
493 1289 518 1289 518 1332 493 1332
697 1343 734 1343 734 1386 697 1386
128 762 166 762 166 805 128 805
128 641 170 641 170 684 128 684
277 577 306 577 306 620 277 620
761 578 796 578 796 621 761 621
480 771 524 771 524 814 480 814
277 394 293 394 293 438 277 438
493 1068 511 1068 511 1112 493 1112
697 506 721 506 721 550 697 550
338 626 382 626 382 670 338 670
284 1174 300 1174 300 1218 284 1218
759 770 795 770 795 814 759 814
757 914 793 914 793 958 757 958
274 964 304 964 304 1008 274 1008
624 1279 668 1279 668 1323 624 1323
135 1021 170 1021 170 1066 135 1066
834 1185 867 1185 867 1230 834 1230
262 622 311 622 311 667 262 667
478 722 515 722 515 768 478 768
193 320 233 320 233 366 193 366
342 963 376 963 376 1009 342 1009
765 1244 801 1244 801 1291 765 1291
481 1004 526 1004 526 1051 481 1051
496 1241 519 1241 519 1289 496 1289
481 597 510 597 510 645 481 645
124 680 168 680 168 728 124 728
130 452 163 452 163 500 130 500
694 551 723 551 723 600 694 600
57 739 95 739 95 788 57 788
331 577 384 577 384 626 331 626
58 687 102 687 102 737 58 737
824 358 863 358 863 409 824 409
830 844 871 844 871 896 830 896
136 1334 167 1334 167 1387 136 1387
700 1099 725 1099 725 1152 700 1152
484 1362 513 1362 513 1415 484 1415
62 863 92 863 92 916 62 916
272 519 304 519 304 573 272 573
134 836 165 836 165 891 134 891
696 1289 730 1289 730 1344 696 1344
549 327 587 327 587 382 549 382
630 1024 661 1024 661 1081 630 1081
