705 617 720 617 720 626 705 626
355 572 390 572 390 581 355 581
624 1155 650 1155 650 1167 624 1167
684 1281 714 1281 714 1293 684 1293
359 1184 387 1184 387 1198 359 1198
160 594 189 594 189 609 160 609
815 1315 847 1315 847 1331 815 1331
235 1078 254 1078 254 1095 235 1095
815 485 837 485 837 502 815 502
888 1199 908 1199 908 1216 888 1216
764 1267 776 1267 776 1285 764 1285
612 859 661 859 661 877 612 877
359 368 378 368 378 386 359 386
881 418 901 418 901 436 881 436
749 817 782 817 782 835 749 835
415 356 452 356 452 374 415 374
173 1296 191 1296 191 1315 173 1315
235 704 256 704 256 723 235 723
431 1029 451 1029 451 1048 431 1048
168 441 189 441 189 460 168 460
695 1097 714 1097 714 1117 695 1117
883 788 904 788 904 808 883 808
167 862 188 862 188 882 167 882
427 640 447 640 447 660 427 660
169 568 185 568 185 589 169 589
238 1268 254 1268 254 1289 238 1289
493 452 510 452 510 473 493 473
877 438 899 438 899 459 877 459
873 297 909 297 909 318 873 318
548 1013 586 1013 586 1034 548 1034
299 387 318 387 318 408 299 408
680 628 713 628 713 649 680 649
230 1288 258 1288 258 1309 230 1309
230 878 258 878 258 899 230 899
817 593 831 593 831 615 817 615
627 914 645 914 645 936 627 936
358 1132 387 1132 387 1154 358 1154
167 463 198 463 198 485 167 485
287 484 323 484 323 506 287 506
548 536 592 536 592 558 548 558
892 1307 907 1307 907 1329 892 1329
496 931 514 931 514 953 496 953
880 363 898 363 898 385 880 385
234 1136 262 1136 262 1158 234 1158
487 955 517 955 517 977 487 977
749 1169 787 1169 787 1191 749 1191
297 365 319 365 319 387 297 387
428 819 450 819 450 841 428 841
625 515 648 515 648 537 625 537
236 729 265 729 265 751 236 751
812 821 843 821 843 843 812 843
880 584 900 584 900 607 880 607
752 375 774 375 774 398 752 398
687 682 715 682 715 705 687 705
238 478 273 478 273 501 238 501
549 858 587 858 587 881 549 881
881 809 900 809 900 833 881 833
553 1275 585 1275 585 1299 553 1299
421 408 458 408 458 432 421 432
169 1063 190 1063 190 1087 169 1087
816 1069 845 1069 845 1093 816 1093
417 304 450 304 450 328 417 328
877 1222 917 1222 917 1246 877 1246
820 799 839 799 839 823 820 823
817 299 838 299 838 323 817 323
872 605 904 605 904 629 872 629
421 1135 459 1135 459 1159 421 1159
874 501 911 501 911 526 874 526
628 584 645 584 645 609 628 609
816 679 835 679 835 704 816 704
753 444 777 444 777 469 753 469
417 328 455 328 455 353 417 353
814 426 832 426 832 451 814 451
222 1310 267 1310 267 1335 222 1335
432 581 445 581 445 607 432 607
691 1022 709 1022 709 1048 691 1048
427 668 446 668 446 694 427 694
627 1203 646 1203 646 1229 627 1229
485 471 514 471 514 497 485 497
753 1306 785 1306 785 1332 753 1332
480 565 519 565 519 591 480 591
154 613 197 613 197 639 154 639
236 1019 253 1019 253 1045 236 1045
811 357 846 357 846 383 811 383
870 629 912 629 912 655 870 655
433 1196 448 1196 448 1222 433 1222
428 1223 455 1223 455 1249 428 1249
746 568 779 568 779 594 746 594
621 1273 655 1273 655 1299 621 1299
744 707 782 707 782 733 744 733
882 1023 914 1023 914 1050 882 1050
811 735 846 735 846 762 811 762
420 692 459 692 459 719 420 719
172 1222 187 1222 187 1249 172 1249
819 506 835 506 835 533 819 533
168 803 184 803 184 830 168 830
887 994 903 994 903 1021 887 1021
430 971 446 971 446 998 430 998
760 1285 777 1285 777 1312 760 1312
756 1103 776 1103 776 1130 756 1130
161 305 187 305 187 332 161 332
160 336 192 336 192 363 160 363
240 851 255 851 255 879 240 879
233 644 249 644 249 672 233 672
238 822 257 822 257 850 238 850
754 929 775 929 775 957 754 957
557 440 579 440 579 468 557 468
243 450 268 450 268 478 243 478
822 617 851 617 851 645 822 645
420 758 457 758 457 786 420 786
808 845 848 845 848 873 808 873
359 302 377 302 377 330 359 330
875 527 902 527 902 555 875 555
288 337 325 337 325 365 288 365
352 1157 391 1157 391 1185 352 1185
612 646 654 646 654 674 612 674
629 828 645 828 645 856 629 856
886 1139 903 1139 903 1167 886 1167
810 326 842 326 842 354 810 354
616 935 658 935 658 963 616 963
219 306 263 306 263 334 219 334
882 728 898 728 898 757 882 757
816 706 838 706 838 735 816 735
620 798 647 798 647 827 620 827
548 824 583 824 583 853 548 853
678 744 714 744 714 773 678 773
872 556 916 556 916 585 872 585
490 330 508 330 508 359 490 359
625 487 646 487 646 516 625 516
491 866 513 866 513 895 491 895
616 376 650 376 650 405 616 405
355 762 392 762 392 791 355 791
219 900 263 900 263 929 219 929
171 961 188 961 188 990 171 990
419 435 447 435 447 464 419 464
425 842 455 842 455 871 425 871
549 605 582 605 582 634 549 634
223 372 261 372 261 401 223 401
559 674 573 674 573 704 559 704
364 503 380 503 380 533 364 533
824 1098 840 1098 840 1128 824 1128
686 943 705 943 705 973 686 973
754 501 776 501 776 531 754 531
403 217 431 217 431 247 403 247
548 504 580 504 580 534 548 534
680 868 714 868 714 898 680 898
808 646 848 646 848 676 808 676
640 1002 649 1002 649 1033 640 1033
756 994 777 994 777 1025 756 1025
618 407 650 407 650 438 618 438
619 1034 651 1034 651 1065 619 1065
874 383 904 383 904 414 874 414
166 993 198 993 198 1024 166 1024
812 1038 844 1038 844 1069 812 1069
227 670 259 670 259 701 227 701
809 448 843 448 843 479 809 479
160 828 194 828 194 859 160 859
682 1118 719 1118 719 1149 682 1149
744 469 782 469 782 500 744 500
483 979 523 979 523 1010 483 1010
366 1100 384 1100 384 1132 366 1132
877 900 911 900 911 932 877 932
352 533 387 533 387 565 352 565
877 1166 914 1166 914 1198 877 1198
882 926 906 926 906 958 882 958
481 499 517 499 517 531 481 531
618 770 657 770 657 802 618 802
550 1163 591 1163 591 1195 550 1195
288 721 332 721 332 753 288 753
239 1161 253 1161 253 1193 239 1193
235 336 249 336 249 368 235 368
421 786 447 786 447 818 421 818
234 1233 262 1233 262 1265 234 1265
813 765 843 765 843 797 813 797
352 583 386 583 386 615 352 615
159 889 195 889 195 921 159 921
744 737 781 737 781 769 744 769
806 958 844 958 844 990 806 990
874 753 912 753 912 785 874 785
246 504 265 504 265 537 246 537
820 1244 840 1244 840 1277 820 1277
687 647 709 647 709 680 687 680
424 1161 449 1161 449 1194 424 1194
352 331 383 331 383 364 352 364
159 403 191 403 191 436 159 436
165 1087 199 1087 199 1120 165 1120
874 864 909 864 909 897 874 897
223 259 260 259 260 292 223 292
558 795 576 795 576 828 558 828
494 531 512 531 512 564 494 564
889 1242 907 1242 907 1275 889 1275
819 1277 849 1277 849 1310 819 1310
554 405 585 405 585 438 554 438
486 706 521 706 521 739 486 739
681 529 718 529 718 562 681 562
419 552 458 552 458 585 419 585
166 487 184 487 184 521 166 521
291 541 324 541 324 575 291 575
289 303 325 303 325 337 289 337
161 1251 197 1251 197 1285 161 1285
872 836 912 836 912 870 872 870
807 564 849 564 849 598 807 598
752 596 769 596 769 630 752 630
168 366 187 366 187 400 168 400
815 921 841 921 841 955 815 955
429 373 444 373 444 407 429 407
560 470 580 470 580 504 560 504
751 629 773 629 773 663 751 663
814 532 837 532 837 566 814 566
683 491 713 491 713 525 683 525
226 583 263 583 263 617 226 617
874 699 911 699 911 733 874 733
421 996 458 996 458 1030 421 1030
546 1300 592 1300 592 1334 546 1334
358 388 380 388 380 423 358 423
747 958 781 958 781 993 747 993
812 1130 848 1130 848 1165 812 1165
355 925 392 925 392 960 355 960
288 411 327 411 327 446 288 446
616 1171 658 1171 658 1206 616 1206
296 506 310 506 310 541 296 541
487 675 516 675 516 710 487 710
614 608 652 608 652 643 614 643
878 1271 922 1271 922 1306 878 1306
616 968 655 968 655 1003 616 1003
549 367 589 367 589 402 549 402
553 326 588 326 588 362 553 362
225 1044 262 1044 262 1080 225 1080
291 447 317 447 317 483 291 483
681 404 718 404 718 440 681 440
751 1066 782 1066 782 1103 751 1103
422 603 455 603 455 640 422 640
229 1098 262 1098 262 1135 229 1135
620 676 654 676 654 713 620 713
688 903 711 903 711 940 688 940
494 828 512 828 512 865 494 865
751 1192 776 1192 776 1229 751 1229
749 529 779 529 779 566 749 566
676 368 718 368 718 405 676 405
548 1196 598 1196 598 1233 548 1233
236 1196 252 1196 252 1234 236 1234
428 1051 452 1051 452 1089 428 1089
157 729 197 729 197 767 157 767
418 1257 463 1257 463 1295 418 1295
874 1102 921 1102 921 1140 874 1140
480 412 529 412 529 450 480 450
745 331 783 331 783 369 745 369
485 894 526 894 526 932 485 932
359 425 384 425 384 463 359 463
753 1131 787 1131 787 1169 753 1169
680 704 716 704 716 742 680 742
354 1296 395 1296 395 1334 354 1334
616 1067 661 1067 661 1105 616 1105
753 1228 781 1228 781 1267 753 1267
621 875 653 875 653 914 621 914
620 1231 653 1231 653 1270 620 1270
354 618 392 618 392 657 354 657
233 401 250 401 250 440 233 440
745 404 782 404 782 443 745 443
160 925 200 925 200 964 160 964
234 751 252 751 252 791 234 791
487 593 511 593 511 633 487 633
354 835 391 835 391 875 354 875
415 465 459 465 459 505 415 505
686 1193 717 1193 717 1233 686 1233
559 751 591 751 591 791 559 791
557 1074 582 1074 582 1115 557 1115
752 1024 780 1024 780 1065 752 1065
419 1295 454 1295 454 1336 419 1336
159 1024 202 1024 202 1065 159 1065
556 633 575 633 575 674 556 674
560 1234 585 1234 585 1275 560 1275
622 1292 652 1292 652 1333 622 1333
683 774 713 774 713 815 683 815
745 663 783 663 783 704 745 704
222 540 265 540 265 581 222 581
690 1148 710 1148 710 1189 690 1189
683 1293 718 1293 718 1334 683 1334
550 1035 585 1035 585 1077 550 1077
419 714 465 714 465 756 419 756
883 959 900 959 900 1001 883 1001
291 576 321 576 321 618 291 618
749 834 781 834 781 876 749 876
814 1202 850 1202 850 1244 814 1244
871 321 908 321 908 363 871 363
807 382 845 382 845 424 807 424
158 768 198 768 198 810 158 810
360 1200 386 1200 386 1243 360 1243
681 450 715 450 715 493 681 493
811 993 847 993 847 1036 811 1036
416 508 456 508 456 551 416 551
616 541 654 541 654 584 616 584
225 614 254 614 254 657 225 657
747 770 787 770 787 813 747 813
154 685 197 685 197 728 154 728
228 788 272 788 272 831 228 831
547 925 591 925 591 968 547 968
683 565 715 565 715 609 683 609
290 622 326 622 326 666 290 666
484 741 525 741 525 785 484 785
228 929 266 929 266 973 228 973
612 442 657 442 657 486 612 486
159 1128 208 1128 208 1172 159 1172
552 1117 586 1117 586 1161 552 1161
870 656 907 656 907 700 870 700
155 638 196 638 196 682 155 682
348 961 398 961 398 1005 348 1005
428 1090 452 1090 452 1135 428 1135
162 522 190 522 190 567 162 567
553 968 587 968 587 1013 553 1013
353 663 395 663 395 709 353 709
681 974 716 974 716 1020 681 1020
355 463 394 463 394 509 355 509
353 711 394 711 394 757 353 757
813 1163 859 1163 859 1209 813 1209
875 1055 914 1055 914 1101 875 1101
550 558 591 558 591 604 550 604
419 926 463 926 463 972 419 972
677 325 723 325 723 371 677 371
221 973 267 973 267 1020 221 1020
682 1233 724 1233 724 1280 682 1280
879 460 897 460 897 507 879 507
618 328 645 328 645 375 618 375
552 702 588 702 588 749 552 749
621 1107 657 1107 657 1154 621 1154
566 878 575 878 575 926 566 926
488 628 510 628 510 676 488 676
351 876 392 876 392 924 351 924
681 1048 723 1048 723 1096 681 1096
359 1053 385 1053 385 1102 359 1102
745 879 781 879 781 928 745 928
166 1175 202 1175 202 1225 166 1225
289 670 330 670 330 720 289 720
355 1008 396 1008 396 1058 355 1058
614 719 653 719 653 770 614 770
352 1245 393 1245 393 1296 352 1296
506 785 515 785 515 836 506 836
680 815 717 815 717 867 680 867
416 874 457 874 457 936 416 936
