491 484 516 484 516 490 491 490
126 1356 142 1356 142 1366 126 1366
603 1272 641 1272 641 1283 603 1283
894 1202 918 1202 918 1215 894 1215
694 356 706 356 706 370 694 370
893 587 921 587 921 602 893 602
760 464 785 464 785 479 760 479
896 1385 924 1385 924 1400 896 1400
608 1056 640 1056 640 1071 608 1071
401 760 432 760 432 776 401 776
566 656 580 656 580 673 566 673
338 886 356 886 356 904 338 904
617 1330 637 1330 637 1348 617 1348
341 1319 363 1319 363 1337 341 1337
550 328 579 328 579 346 550 346
692 293 711 293 711 311 692 311
410 1148 429 1148 429 1166 410 1166
618 932 638 932 638 950 618 950
738 927 760 927 760 945 738 945
690 415 705 415 705 434 690 434
407 779 426 779 426 798 407 798
409 364 429 364 429 383 409 383
339 598 359 598 359 617 339 617
267 923 288 923 288 942 267 942
619 564 640 564 640 583 619 583
743 902 758 902 758 922 743 922
476 1031 497 1031 497 1051 476 1051
755 657 777 657 777 677 755 677
286 505 302 505 302 525 286 525
496 630 514 630 514 650 496 650
549 845 569 845 569 865 549 865
116 1206 152 1206 152 1226 116 1226
617 1033 634 1033 634 1053 617 1053
774 901 792 901 792 921 774 921
288 668 304 668 304 689 288 689
405 1242 431 1242 431 1263 405 1263
893 1284 926 1284 926 1305 893 1305
829 330 865 330 865 351 829 351
198 616 218 616 218 637 198 637
539 385 578 385 578 406 539 406
688 1257 708 1257 708 1279 688 1279
828 380 861 380 861 402 828 402
884 1008 929 1008 929 1030 884 1030
287 643 302 643 302 665 287 665
746 981 761 981 761 1003 746 1003
776 1010 796 1010 796 1032 776 1032
488 567 520 567 520 589 488 589
469 876 501 876 501 898 469 898
188 437 232 437 232 459 188 459
894 1332 923 1332 923 1355 894 1355
820 667 859 667 859 690 820 690
476 970 492 970 492 993 476 993
407 920 426 920 426 943 407 943
199 755 219 755 219 778 199 778
775 982 797 982 797 1005 775 1005
258 633 270 633 270 657 258 657
268 374 289 374 289 398 268 398
561 593 588 593 588 617 561 617
122 831 149 831 149 855 122 855
604 1378 646 1378 646 1402 604 1402
396 1301 439 1301 439 1325 396 1325
899 1306 917 1306 917 1330 899 1330
254 655 270 655 270 680 254 680
902 523 920 523 920 548 902 548
270 1103 289 1103 289 1128 270 1128
831 642 852 642 852 667 831 667
621 1351 643 1351 643 1376 621 1376
619 538 642 538 642 563 619 563
752 681 778 681 778 706 752 706
611 1211 641 1211 641 1236 611 1236
537 1017 576 1017 576 1042 537 1042
338 1012 358 1012 358 1037 338 1037
413 1219 435 1219 435 1244 413 1244
737 1005 767 1005 767 1030 737 1030
467 374 503 374 503 399 467 399
618 871 633 871 633 897 618 897
754 397 789 397 789 423 754 423
606 1003 644 1003 644 1029 606 1029
548 776 566 776 566 802 548 802
124 679 148 679 148 705 124 705
466 943 503 943 503 969 466 969
333 1375 373 1375 373 1401 333 1401
689 1196 705 1196 705 1223 689 1223
199 555 216 555 216 582 199 582
413 1332 430 1332 430 1359 413 1359
690 474 710 474 710 501 690 501
760 550 781 550 781 577 760 577
548 1043 572 1043 572 1070 548 1070
243 610 281 610 281 637 243 637
677 1048 716 1048 716 1075 677 1075
196 1381 238 1381 238 1408 196 1408
616 1179 638 1179 638 1206 616 1206
894 951 917 951 917 978 894 978
491 533 515 533 515 560 491 560
247 442 278 442 278 469 247 469
260 403 295 403 295 430 260 430
890 1357 925 1357 925 1384 890 1384
745 709 784 709 784 736 745 736
193 348 219 348 219 376 193 376
615 730 643 730 643 758 615 758
277 444 306 444 306 472 277 472
736 949 767 949 767 977 736 977
470 1139 510 1139 510 1167 470 1167
535 950 587 950 587 978 535 978
551 407 569 407 569 435 551 435
759 816 781 816 781 844 759 844
277 474 306 474 306 502 277 502
334 712 371 712 371 740 334 740
468 1165 510 1165 510 1193 468 1193
410 296 426 296 426 324 410 324
409 543 426 543 426 571 409 571
621 295 641 295 641 323 621 323
532 586 555 586 555 614 532 614
684 886 709 886 709 914 684 914
338 813 356 813 356 842 338 842
822 483 856 483 856 512 822 512
886 976 922 976 922 1005 886 1005
891 1219 927 1219 927 1248 891 1248
334 390 371 390 371 419 334 419
753 482 792 482 792 511 753 511
747 580 791 580 791 609 747 609
549 437 571 437 571 467 549 467
253 716 279 716 279 746 253 746
248 683 274 683 274 713 248 713
338 248 377 248 377 278 338 278
248 509 277 509 277 539 248 539
120 567 152 567 152 597 120 597
258 542 269 542 269 573 258 573
251 474 275 474 275 505 251 505
831 350 857 350 857 381 831 381
771 921 805 921 805 952 771 952
285 731 322 731 322 762 285 762
259 298 298 298 298 329 259 329
259 1031 302 1031 302 1062 259 1062
687 677 716 677 716 708 687 708
882 841 925 841 925 872 882 872
114 706 161 706 161 737 114 737
127 859 149 859 149 891 127 891
689 502 714 502 714 534 689 534
531 552 556 552 556 584 531 584
540 1073 571 1073 571 1105 540 1105
118 1131 155 1131 155 1163 118 1163
334 1340 374 1340 374 1372 334 1372
287 529 303 529 303 561 287 561
564 560 582 560 582 592 564 592
682 1222 712 1222 712 1254 682 1254
193 723 227 723 227 755 193 755
611 443 650 443 650 475 611 475
762 781 786 781 786 814 762 814
401 800 427 800 427 833 401 833
405 944 432 944 432 977 405 977
265 1128 296 1128 296 1161 265 1161
479 245 521 245 521 278 479 278
610 362 655 362 655 395 610 395
480 290 495 290 495 323 480 323
310 212 338 212 338 245 310 245
474 1197 505 1197 505 1230 474 1230
824 567 856 567 856 600 824 600
400 724 438 724 438 757 400 757
749 1325 794 1325 794 1358 749 1358
885 549 931 549 931 582 885 582
562 620 587 620 587 653 562 653
890 679 923 679 923 712 890 712
402 1362 436 1362 436 1395 402 1395
541 803 576 803 576 836 541 836
682 610 720 610 720 643 682 643
117 1370 159 1370 159 1403 117 1403
688 1335 709 1335 709 1369 688 1369
755 515 786 515 786 549 755 549
336 1284 368 1284 368 1318 336 1318
613 506 654 506 654 540 613 540
399 1113 441 1113 441 1147 399 1147
289 606 301 606 301 640 289 640
612 1141 641 1141 641 1175 612 1175
611 898 643 898 643 932 611 932
191 580 227 580 227 614 191 614
190 1234 227 1234 227 1268 190 1268
330 1255 370 1255 370 1289 330 1289
622 1106 636 1106 636 1141 622 1141
535 518 551 518 551 553 535 553
495 592 521 592 521 627 495 627
484 495 515 495 515 530 484 530
117 639 152 639 152 674 117 674
190 215 230 215 230 250 190 250
185 1195 229 1195 229 1230 185 1230
899 450 922 450 922 485 899 485
261 887 296 887 296 922 261 922
469 1333 505 1333 505 1368 469 1368
613 757 650 757 650 792 613 792
465 400 506 400 506 435 465 435
601 1236 643 1236 643 1271 601 1271
186 519 233 519 233 554 186 554
563 522 588 522 588 557 563 557
689 1369 719 1369 719 1404 689 1404
279 694 311 694 311 729 279 729
407 505 440 505 440 540 407 540
681 436 720 436 720 471 681 471
679 918 721 918 721 953 679 953
470 993 502 993 502 1029 470 1029
890 602 925 602 925 638 890 638
120 742 159 742 159 778 120 778
187 915 227 915 227 951 187 951
747 1201 788 1201 788 1237 747 1237
676 814 726 814 726 850 676 850
775 947 797 947 797 983 775 983
121 1229 152 1229 152 1265 121 1265
331 1041 368 1041 368 1077 331 1077
463 711 508 711 508 747 463 747
250 574 276 574 276 611 250 611
190 240 222 240 222 277 190 277
753 1242 788 1242 788 1279 753 1279
539 912 577 912 577 949 539 949
397 323 436 323 436 360 397 360
888 1243 929 1243 929 1280 888 1280
680 377 725 377 725 414 680 414
825 403 871 403 871 440 825 440
470 436 497 436 497 473 470 473
891 873 918 873 918 910 891 910
446 211 474 211 474 248 446 248
752 1130 783 1130 783 1167 752 1167
120 933 156 933 156 970 120 970
752 1165 791 1165 791 1202 752 1202
329 1217 368 1217 368 1254 329 1254
753 616 793 616 793 653 753 653
610 587 647 587 647 624 610 624
677 1124 718 1124 718 1161 677 1161
196 643 220 643 220 681 196 681
259 851 297 851 297 889 259 889
322 522 370 522 370 560 322 560
324 1086 374 1086 374 1124 324 1124
690 850 708 850 708 888 690 888
895 1026 919 1026 919 1064 895 1064
683 317 709 317 709 355 683 355
332 1175 361 1175 361 1213 332 1213
119 1265 155 1265 155 1303 119 1303
193 1296 235 1296 235 1334 193 1334
549 290 567 290 567 329 549 329
759 425 786 425 786 464 759 464
890 1113 924 1113 924 1152 890 1152
399 1077 441 1077 441 1116 399 1116
895 912 914 912 914 951 895 951
898 410 924 410 924 449 898 449
886 760 924 760 924 799 886 799
889 482 938 482 938 521 889 521
464 1289 514 1289 514 1328 464 1328
686 641 719 641 719 680 686 680
343 211 380 211 380 250 343 250
112 1035 161 1035 161 1074 112 1074
254 946 306 946 306 985 254 985
617 326 644 326 644 366 617 366
332 842 368 842 368 882 332 882
681 538 720 538 720 578 681 578
112 602 152 602 152 642 112 642
327 744 368 744 368 784 327 784
605 1078 652 1078 652 1118 605 1118
610 659 658 659 658 699 610 699
410 470 430 470 430 510 410 510
196 679 226 679 226 719 196 719
406 1174 436 1174 436 1214 406 1214
463 1360 498 1360 498 1400 463 1400
757 1361 797 1361 797 1401 757 1401
465 789 508 789 508 829 465 829
116 1306 162 1306 162 1346 116 1346
399 435 448 435 448 475 399 475
204 1261 231 1261 231 1302 204 1302
331 624 362 624 362 665 331 665
117 525 155 525 155 566 117 566
256 330 301 330 301 371 256 371
893 796 920 796 920 837 893 837
114 892 154 892 154 933 114 933
117 1165 158 1165 158 1206 117 1206
537 341 582 341 582 382 537 382
479 1053 494 1053 494 1094 479 1094
612 471 637 471 637 512 612 512
833 600 853 600 853 642 833 642
617 963 638 963 638 1005 617 1005
825 735 855 735 855 777 825 777
330 555 366 555 366 597 330 597
679 1163 719 1163 719 1205 679 1205
117 785 158 785 158 827 117 827
618 694 637 694 637 736 618 736
682 769 710 769 710 811 682 811
896 365 925 365 925 407 896 407
465 746 512 746 512 788 465 788
827 689 853 689 853 732 827 732
824 439 862 439 862 482 824 482
676 961 723 961 723 1004 676 1004
536 618 553 618 553 661 536 661
124 428 148 428 148 471 124 471
540 868 578 868 578 911 540 911
397 574 440 574 440 617 397 617
185 384 229 384 229 427 185 427
271 985 287 985 287 1028 271 1028
329 915 358 915 358 958 329 958
120 383 151 383 151 426 120 426
331 669 367 669 367 712 331 712
881 634 921 634 921 677 881 677
890 327 930 327 930 370 890 370
751 737 791 737 791 780 751 780
680 1075 713 1075 713 1119 680 1119
747 845 789 845 789 889 747 889
674 1005 717 1005 717 1049 674 1049
462 901 509 901 509 945 462 945
536 975 584 975 584 1019 536 1019
182 1102 232 1102 232 1146 182 1146
622 392 636 392 636 436 622 436
283 563 305 563 305 607 283 607
331 295 356 295 356 339 331 339
325 775 356 775 356 819 325 819
328 474 367 474 367 518 328 518
186 779 235 779 235 823 186 823
402 837 431 837 431 882 402 882
327 424 371 424 371 469 327 469
397 876 444 876 444 921 397 921
256 756 305 756 305 801 256 801
540 734 573 734 573 779 540 779
683 1288 719 1288 719 1333 683 1333
603 1285 648 1285 648 1330 603 1330
123 332 148 332 148 378 123 378
127 1073 153 1073 153 1119 127 1119
748 1036 789 1036 789 1082 748 1082
605 793 650 793 650 839 605 839
544 468 572 468 572 514 544 514
605 838 645 838 645 884 605 884
482 323 491 323 491 370 482 370
891 1067 922 1067 922 1114 891 1114
680 568 712 568 712 615 680 615
330 343 366 343 366 390 330 390
261 801 299 801 299 848 261 848
887 1153 929 1153 929 1200 887 1200
398 1251 449 1251 449 1298 398 1298
397 387 436 387 436 434 397 434
334 961 360 961 360 1008 334 1008
273 1058 288 1058 288 1106 273 1106
885 710 927 710 927 758 885 758
187 1334 232 1334 232 1382 187 1382
395 1031 440 1031 440 1079 395 1079
181 996 230 996 230 1044 181 1044
625 626 633 626 633 674 625 674
198 825 225 825 225 873 198 873
396 672 439 672 439 720 396 720
750 1279 794 1279 794 1327 750 1327
331 1126 369 1126 369 1175 331 1175
191 296 230 296 230 345 191 345
465 828 509 828 509 877 465 877
187 948 229 948 229 997 187 997
464 659 508 659 508 708 464 708
186 1145 229 1145 229 1194 186 1194
393 982 444 982 444 1031 393 1031
747 1082 798 1082 798 1131 747 1131
119 472 158 472 158 523 119 523
824 512 856 512 856 563 824 563
185 465 230 465 230 516 185 516
753 295 799 295 799 346 753 346
537 679 578 679 578 731 537 731
757 346 797 346 797 399 757 399
391 620 440 620 440 673 391 673
679 713 720 713 720 768 679 768
187 1043 232 1043 232 1098 187 1098
478 1081 489 1081 489 1138 478 1138
470 1235 506 1235 506 1293 470 1293
114 968 154 968 154 1030 114 1030
