340 818 352 818 352 831 340 831
198 439 227 439 227 452 198 452
406 486 429 486 429 500 406 500
335 725 362 725 362 739 335 739
261 1343 294 1343 294 1358 261 1358
270 559 288 559 288 575 270 575
224 1384 235 1384 235 1401 224 1401
546 556 575 556 575 573 546 573
124 1161 166 1161 166 1178 124 1178
132 422 158 422 158 440 132 440
475 1245 491 1245 491 1264 475 1264
827 368 846 368 846 387 827 387
124 1329 157 1329 157 1348 124 1348
269 947 292 947 292 966 269 966
753 649 781 649 781 668 753 668
884 457 921 457 921 476 884 476
333 934 370 934 370 953 333 953
125 851 169 851 169 870 125 870
557 758 566 758 566 778 557 778
137 379 153 379 153 399 137 399
680 1134 706 1134 706 1154 680 1154
205 965 224 965 224 986 205 986
197 390 227 390 227 411 197 411
680 872 714 872 714 893 680 893
607 724 652 724 652 745 607 745
137 1141 156 1141 156 1162 137 1162
759 416 779 416 779 437 759 437
825 1031 847 1031 847 1052 825 1052
127 782 164 782 164 803 127 803
191 984 238 984 238 1005 191 1005
332 912 364 912 364 933 332 933
128 450 164 450 164 471 128 471
827 1299 843 1299 843 1321 827 1321
826 655 846 655 846 677 826 677
129 829 159 829 159 851 129 851
131 607 152 607 152 629 131 629
687 846 708 846 708 868 687 868
264 579 298 579 298 601 264 601
478 1195 498 1195 498 1218 478 1218
679 929 715 929 715 952 679 952
759 625 778 625 778 648 759 648
817 343 857 343 857 366 817 366
485 1219 500 1219 500 1242 485 1242
620 452 637 452 637 475 620 475
687 1336 707 1336 707 1359 687 1359
747 1231 783 1231 783 1254 747 1254
330 1100 367 1100 367 1123 330 1123
608 1001 646 1001 646 1024 608 1024
193 413 233 413 233 436 193 436
683 457 708 457 708 481 683 481
472 535 506 535 506 559 472 559
125 1117 161 1117 161 1141 125 1141
413 360 428 360 428 384 413 384
686 958 702 958 702 982 686 982
201 1231 218 1231 218 1255 201 1255
687 1361 706 1361 706 1385 687 1385
817 844 848 844 848 868 817 868
205 365 223 365 223 390 205 390
688 1110 706 1110 706 1135 688 1135
825 821 846 821 846 846 825 846
338 533 366 533 366 558 338 558
607 1295 639 1295 639 1320 607 1320
405 331 438 331 438 356 405 356
124 547 165 547 165 572 124 572
340 1164 355 1164 355 1189 340 1189
549 1204 567 1204 567 1229 549 1229
131 324 162 324 162 349 131 349
131 658 164 658 164 683 131 683
193 712 229 712 229 737 193 737
260 1101 296 1101 296 1126 260 1126
817 416 868 416 868 441 817 441
746 672 783 672 783 697 746 697
333 560 373 560 373 585 333 585
893 709 910 709 910 735 893 735
470 815 502 815 502 841 470 841
678 1155 711 1155 711 1181 678 1181
542 446 577 446 577 472 542 472
464 986 500 986 500 1012 464 1012
673 485 716 485 716 511 673 511
273 661 288 661 288 687 273 687
137 349 156 349 156 376 137 376
618 908 637 908 637 935 618 935
337 654 360 654 360 681 337 681
471 886 504 886 504 913 471 913
268 970 303 970 303 997 268 997
540 873 578 873 578 900 540 900
673 982 714 982 714 1009 673 1009
750 534 794 534 794 561 750 561
749 558 799 558 799 585 749 585
274 1122 288 1122 288 1149 274 1149
552 528 570 528 570 555 552 555
271 499 290 499 290 526 271 526
549 1015 570 1015 570 1042 549 1042
817 1319 850 1319 850 1346 817 1346
196 821 232 821 232 848 196 848
539 986 581 986 581 1013 539 1013
270 878 287 878 287 905 270 905
342 395 360 395 360 422 342 422
264 692 298 692 298 719 264 719
142 398 156 398 156 426 142 426
619 651 636 651 636 679 619 679
136 867 157 867 157 895 136 895
483 1126 505 1126 505 1154 483 1154
209 683 235 683 235 711 209 711
890 477 917 477 917 505 890 505
272 632 288 632 288 660 272 660
687 733 706 733 706 761 687 761
258 1040 295 1040 295 1068 258 1068
422 456 431 456 431 484 422 484
558 414 572 414 572 442 558 442
337 783 352 783 352 811 337 811
331 1064 367 1064 367 1092 331 1092
138 798 154 798 154 827 138 827
618 972 635 972 635 1001 618 1001
894 394 912 394 912 423 894 423
138 897 157 897 157 926 138 926
197 1327 227 1327 227 1356 197 1356
821 389 864 389 864 418 821 418
818 1232 868 1232 868 1261 818 1261
124 716 156 716 156 745 124 745
888 504 932 504 932 533 888 533
551 618 568 618 568 648 551 648
262 1310 299 1310 299 1340 262 1340
822 969 843 969 843 999 822 999
554 384 577 384 577 414 554 414
685 556 708 556 708 586 685 586
262 432 299 432 299 462 262 462
535 1045 578 1045 578 1075 535 1075
605 1025 649 1025 649 1055 605 1055
814 682 859 682 859 712 814 712
137 519 150 519 150 549 137 549
349 588 368 588 368 618 349 618
132 685 154 685 154 715 132 715
756 504 783 504 783 534 756 534
605 335 649 335 649 365 605 365
468 375 514 375 514 405 468 405
265 524 294 524 294 555 265 555
749 978 780 978 780 1009 749 1009
125 628 168 628 168 659 125 659
202 1143 221 1143 221 1174 202 1174
201 1171 222 1171 222 1202 201 1202
269 600 292 600 292 631 269 631
818 1093 856 1093 856 1124 818 1124
122 1227 161 1227 161 1258 122 1258
608 1177 648 1177 648 1208 608 1208
461 1371 507 1371 507 1402 461 1402
268 1360 289 1360 289 1392 268 1392
334 831 363 831 363 863 334 863
335 498 371 498 371 530 335 530
192 1041 233 1041 233 1073 192 1073
257 1273 308 1273 308 1305 257 1305
267 1151 292 1151 292 1183 267 1183
199 934 230 934 230 966 199 966
815 994 847 994 847 1026 815 1026
196 454 230 454 230 486 196 486
765 471 777 471 777 503 765 503
345 955 361 955 361 987 345 987
339 1191 361 1191 361 1223 339 1223
468 1091 502 1091 502 1123 468 1123
472 695 507 695 507 727 472 727
129 971 164 971 164 1003 129 1003
470 1058 506 1058 506 1090 470 1090
474 952 497 952 497 985 474 985
406 423 433 423 433 456 406 456
261 464 299 464 299 497 261 497
747 859 786 859 786 892 747 892
747 1376 791 1376 791 1409 747 1409
270 1068 294 1068 294 1101 270 1101
819 590 849 590 849 623 819 623
544 1167 576 1167 576 1200 544 1200
544 647 583 647 583 680 544 680
609 1362 650 1362 650 1395 609 1395
469 1267 511 1267 511 1300 469 1300
125 1005 166 1005 166 1039 125 1039
134 748 152 748 152 782 134 782
338 422 360 422 360 456 338 456
192 534 229 534 229 568 192 568
195 612 232 612 232 646 195 646
468 1304 507 1304 507 1338 468 1338
268 301 293 301 293 335 268 335
749 349 777 349 777 383 749 383
886 420 916 420 916 454 886 454
194 1298 229 1298 229 1332 194 1332
813 870 851 870 851 904 813 904
821 1166 864 1166 864 1200 821 1200
611 474 644 474 644 509 611 509
129 1041 162 1041 162 1076 129 1076
608 1210 643 1210 643 1245 608 1245
609 1141 645 1141 645 1176 609 1176
541 688 581 688 581 723 541 723
817 1263 858 1263 858 1298 817 1298
816 742 863 742 863 777 816 777
188 1202 238 1202 238 1237 188 1237
206 329 224 329 224 364 206 364
264 906 294 906 294 941 264 941
820 1200 860 1200 860 1235 820 1235
813 902 853 902 853 938 813 938
819 301 861 301 861 337 819 337
394 551 439 551 439 587 394 587
676 1299 721 1299 721 1335 676 1335
190 1119 239 1119 239 1155 190 1155
353 619 361 619 361 655 353 655
827 1126 841 1126 841 1162 827 1162
473 1336 500 1336 500 1372 473 1372
744 378 780 378 780 414 744 414
128 575 166 575 166 611 128 611
885 774 927 774 927 810 885 810
331 990 373 990 373 1026 331 1026
400 847 446 847 446 883 400 883
886 561 924 561 924 598 886 598
537 1087 577 1087 577 1124 537 1124
469 406 509 406 509 443 469 443
606 939 648 939 648 976 606 976
471 495 514 495 514 532 471 532
555 717 570 717 570 754 555 754
338 1222 361 1222 361 1259 338 1259
265 1000 292 1000 292 1037 265 1037
819 620 850 620 850 657 819 657
338 1026 369 1026 369 1063 338 1063
475 1154 509 1154 509 1191 475 1191
261 797 297 797 297 834 261 834
123 1292 159 1292 159 1329 123 1329
673 1183 715 1183 715 1220 673 1220
400 721 445 721 445 758 400 758
824 710 849 710 849 748 824 748
197 647 229 647 229 685 197 685
816 1057 854 1057 854 1095 816 1095
677 1372 723 1372 723 1410 677 1410
616 737 645 737 645 775 616 775
548 346 579 346 579 384 548 384
401 763 438 763 438 801 401 801
263 723 303 723 303 761 263 761
329 1258 376 1258 376 1296 329 1296
683 1221 706 1221 706 1259 683 1259
477 773 502 773 502 811 477 811
198 1354 224 1354 224 1392 198 1392
124 1252 156 1252 156 1290 124 1290
193 1079 235 1079 235 1117 193 1117
747 1299 790 1299 790 1337 747 1337
403 385 436 385 436 424 403 424
547 781 581 781 581 820 547 820
749 442 785 442 785 481 749 481
678 893 716 893 716 932 678 932
686 805 707 805 707 844 686 844
339 353 361 353 361 392 339 392
604 1323 642 1323 642 1362 604 1362
258 220 301 220 301 259 258 259
609 775 644 775 644 815 609 815
328 684 368 684 368 724 328 724
755 585 786 585 786 625 755 625
334 456 367 456 367 496 334 496
798 198 832 198 832 238 798 238
611 512 647 512 647 552 611 552
468 333 506 333 506 373 468 373
144 1075 168 1075 168 1115 144 1115
330 747 365 747 365 787 330 787
467 607 512 607 512 647 467 647
330 1124 383 1124 383 1164 330 1164
551 572 571 572 571 613 551 613
193 570 229 570 229 611 193 611
467 913 503 913 503 954 467 954
681 419 719 419 719 460 681 460
468 567 506 567 506 608 468 608
194 740 234 740 234 781 194 781
603 366 647 366 647 407 603 407
398 804 442 804 442 845 398 845
741 819 790 819 790 860 741 860
207 1000 215 1000 215 1041 207 1041
544 1123 571 1123 571 1164 544 1164
678 1262 711 1262 711 1303 678 1303
817 933 855 933 855 974 817 974
465 447 505 447 505 488 465 488
470 733 511 733 511 774 470 774
606 1054 648 1054 648 1095 606 1095
678 586 722 586 722 627 678 627
746 1100 794 1100 794 1141 746 1141
546 901 570 901 570 943 546 943
400 587 432 587 432 629 400 629
265 760 300 760 300 802 265 802
194 851 236 851 236 893 194 893
551 1232 572 1232 572 1274 551 1274
128 928 163 928 163 970 128 970
536 943 576 943 576 985 536 985
677 765 723 765 723 807 677 807
540 1274 579 1274 579 1316 540 1316
608 681 651 681 651 723 608 723
547 821 571 821 571 864 547 864
745 1139 781 1139 781 1182 745 1182
195 778 231 778 231 821 195 821
265 339 303 339 303 382 265 382
881 733 922 733 922 776 881 776
816 492 859 492 859 535 816 535
263 384 307 384 307 427 263 427
398 677 444 677 444 720 398 720
699 379 707 379 707 423 699 423
901 525 912 525 912 569 901 569
329 861 367 861 367 905 329 905
746 930 785 930 785 974 746 974
467 843 507 843 507 887 467 887
677 336 719 336 719 380 677 380
396 632 441 632 441 676 396 676
193 486 232 486 232 530 193 530
821 441 855 441 855 486 821 486
748 1053 788 1053 788 1098 748 1098
611 817 643 817 643 862 611 862
193 894 236 894 236 939 193 939
745 1255 788 1255 788 1300 745 1300
466 649 503 649 503 695 466 695
748 1009 784 1009 784 1055 748 1055
676 1063 714 1063 714 1109 676 1109
605 861 648 861 648 907 605 907
745 888 790 888 790 934 745 934
611 1248 642 1248 642 1295 611 1295
607 407 641 407 641 454 607 454
820 773 854 773 854 820 820 820
610 602 652 602 652 649 610 649
465 1014 511 1014 511 1061 465 1061
256 1229 304 1229 304 1276 256 1276
399 885 448 885 448 932 399 932
834 199 867 199 867 247 834 247
260 833 304 833 304 882 260 882
745 769 793 769 793 818 745 818
886 601 920 601 920 650 886 650
121 1342 161 1342 161 1392 121 1392
676 681 718 681 718 731 676 731
132 473 167 473 167 523 132 523
815 540 855 540 855 590 815 590
607 1089 647 1089 647 1140 607 1140
749 298 784 298 784 349 749 349
142 1171 150 1171 150 1223 142 1223
893 336 914 336 914 389 893 389
885 652 925 652 925 707 885 707
813 1346 857 1346 857 1401 813 1401
611 545 647 545 647 601 611 601
681 623 718 623 718 679 681 679
