846 1272 855 1272 855 1280 846 1280
410 614 432 614 432 625 410 625
748 498 778 498 778 510 748 510
545 617 575 617 575 629 545 629
689 599 700 599 700 612 689 612
141 725 157 725 157 739 141 739
276 724 292 724 292 739 276 739
344 912 365 912 365 928 344 928
343 728 361 728 361 744 343 744
744 411 787 411 787 428 744 428
278 1034 294 1034 294 1051 278 1051
748 1343 773 1343 773 1360 748 1360
760 320 770 320 770 338 760 338
679 819 707 819 707 838 679 838
477 566 510 566 510 585 477 585
471 353 505 353 505 372 471 372
682 320 717 320 717 339 682 339
336 354 371 354 371 373 336 373
335 465 363 465 363 484 335 484
744 636 776 636 776 655 744 655
415 482 429 482 429 502 415 502
490 958 508 958 508 978 490 978
541 1192 574 1192 574 1212 541 1212
554 809 570 809 570 829 554 829
550 724 570 724 570 744 550 744
815 425 847 425 847 445 815 445
808 638 848 638 848 658 808 658
408 561 434 561 434 581 408 581
541 634 571 634 571 654 541 654
824 507 835 507 835 528 824 528
206 496 222 496 222 517 206 517
546 1075 567 1075 567 1096 546 1096
479 981 503 981 503 1002 479 1002
230 346 244 346 244 367 230 367
825 364 841 364 841 385 825 385
481 1121 497 1121 497 1142 481 1142
553 415 571 415 571 436 553 436
746 1294 774 1294 774 1315 746 1315
612 1069 642 1069 642 1090 612 1090
552 562 565 562 565 583 552 583
618 461 636 461 636 482 618 482
419 778 437 778 437 800 419 800
544 437 572 437 572 459 544 459
280 977 292 977 292 999 280 999
214 979 230 979 230 1001 214 1001
198 926 230 926 230 948 198 948
484 932 499 932 499 955 484 955
615 761 631 761 631 784 615 784
752 1272 768 1272 768 1295 752 1295
141 501 159 501 159 524 141 524
612 401 638 401 638 424 612 424
131 920 161 920 161 943 131 943
610 918 642 918 642 941 610 941
689 656 700 656 700 679 689 679
75 569 93 569 93 592 75 592
346 439 362 439 362 462 346 462
73 905 92 905 92 928 73 928
610 817 641 817 641 840 610 840
473 324 507 324 507 347 473 347
753 1032 767 1032 767 1056 753 1056
618 560 633 560 633 584 618 584
549 1168 565 1168 565 1192 549 1192
550 939 566 939 566 963 550 963
686 398 706 398 706 422 686 422
678 487 711 487 711 511 678 511
474 466 508 466 508 490 474 490
265 817 301 817 301 841 265 841
812 856 853 856 853 880 812 880
412 926 429 926 429 950 412 950
199 1039 233 1039 233 1063 199 1063
747 1091 781 1091 781 1115 747 1115
335 932 371 932 371 956 335 956
198 1065 236 1065 236 1089 198 1089
485 587 497 587 497 612 485 612
139 1155 156 1155 156 1180 139 1180
136 1237 155 1237 155 1262 136 1262
552 385 572 385 572 410 552 410
341 979 367 979 367 1004 341 1004
748 549 776 549 776 574 748 574
819 1331 849 1331 849 1356 819 1356
477 372 510 372 510 397 477 397
604 636 643 636 643 661 604 661
281 1083 296 1083 296 1108 281 1108
71 355 88 355 88 380 71 380
412 861 431 861 431 886 412 886
818 1050 840 1050 840 1075 818 1075
271 1171 296 1171 296 1196 271 1196
612 1272 638 1272 638 1297 612 1297
281 840 293 840 293 865 281 865
754 897 771 897 771 922 754 922
749 1179 771 1179 771 1204 749 1204
752 1117 776 1117 776 1142 752 1142
338 327 366 327 366 352 338 352
268 413 297 413 297 438 268 438
201 465 234 465 234 490 201 490
821 948 838 948 838 974 821 974
275 786 295 786 295 812 275 812
685 339 707 339 707 365 685 365
480 906 504 906 504 932 480 932
814 1207 847 1207 847 1233 814 1233
679 965 714 965 714 991 679 991
745 924 782 924 782 950 745 950
759 419 768 419 768 445 759 445
278 1145 290 1145 290 1171 278 1171
277 661 293 661 293 687 277 687
620 1246 636 1246 636 1272 620 1272
128 394 160 394 160 420 128 420
265 1197 300 1197 300 1223 265 1223
471 1330 507 1330 507 1356 471 1356
334 485 370 485 370 511 334 511
400 380 444 380 444 406 400 406
416 802 430 802 430 829 416 829
208 1085 229 1085 229 1112 208 1112
814 1235 846 1235 846 1262 814 1262
613 973 646 973 646 1000 613 1000
540 1103 575 1103 575 1130 540 1130
345 407 359 407 359 434 345 434
138 1210 157 1210 157 1237 138 1237
546 586 570 586 570 613 546 613
612 609 640 609 640 636 612 636
548 358 579 358 579 385 548 385
604 1090 644 1090 644 1117 604 1117
755 607 768 607 768 634 755 634
482 847 495 847 495 874 482 874
341 752 361 752 361 779 341 779
69 960 95 960 95 987 69 987
477 399 505 399 505 426 477 426
675 871 705 871 705 898 675 898
199 681 230 681 230 708 199 708
402 582 434 582 434 609 402 609
128 944 163 944 163 971 128 971
402 352 439 352 439 379 402 379
825 882 839 882 839 910 825 910
277 471 295 471 295 499 277 499
336 1004 370 1004 370 1032 336 1032
476 1006 510 1006 510 1034 476 1034
265 1055 299 1055 299 1083 265 1083
198 952 233 952 233 980 198 980
607 735 643 735 643 763 607 763
131 322 167 322 167 350 131 350
538 458 579 458 579 486 538 486
140 660 155 660 155 688 140 688
619 1042 635 1042 635 1070 619 1070
343 853 361 853 361 881 343 881
475 769 502 769 502 797 475 797
615 1216 646 1216 646 1244 615 1244
607 1334 643 1334 643 1362 607 1362
264 439 303 439 303 467 264 467
674 458 715 458 715 486 674 486
347 377 360 377 360 405 347 405
748 1205 776 1205 776 1233 748 1233
748 339 779 339 779 367 748 367
691 939 700 939 700 968 691 968
408 501 434 501 434 530 408 530
543 743 582 743 582 772 543 772
126 1180 167 1180 167 1209 126 1209
538 1212 580 1212 580 1241 538 1241
348 950 359 950 359 979 348 979
340 594 365 594 365 623 340 623
480 1221 506 1221 506 1250 480 1250
225 316 253 316 253 345 225 345
271 866 299 866 299 895 271 895
408 949 437 949 437 978 408 978
610 784 640 784 640 813 610 813
744 1312 777 1312 777 1341 744 1341
201 430 243 430 243 459 201 459
756 574 769 574 769 604 756 604
610 581 641 581 641 611 610 611
403 716 436 716 436 746 403 746
812 684 846 684 846 714 812 714
746 689 780 689 780 719 746 719
614 942 639 942 639 972 614 972
543 829 575 829 575 859 543 859
612 371 644 371 644 401 612 401
545 659 581 659 581 689 545 689
812 757 849 757 849 787 812 787
332 882 373 882 373 912 332 912
687 682 699 682 699 712 687 712
758 748 770 748 770 778 758 778
210 812 222 812 222 842 210 842
228 375 252 375 252 405 228 405
476 875 504 875 504 905 476 905
543 961 575 961 575 991 543 991
742 1052 776 1052 776 1082 742 1082
812 1130 846 1130 846 1160 812 1160
674 838 710 838 710 868 674 868
608 663 645 663 645 693 608 693
824 474 835 474 835 505 824 505
824 443 841 443 841 474 824 474
207 1157 226 1157 226 1188 207 1188
406 746 434 746 434 777 406 777
133 1081 167 1081 167 1112 133 1112
750 818 773 818 773 849 750 849
810 529 851 529 851 560 810 560
620 424 632 424 632 456 620 456
418 529 430 529 430 561 418 561
212 736 224 736 224 768 212 768
412 829 431 829 431 861 412 861
135 784 163 784 163 816 135 816
474 1143 504 1143 504 1175 474 1175
545 324 576 324 576 356 545 356
812 792 845 792 845 824 812 824
544 690 578 690 578 722 544 722
472 697 508 697 508 729 472 729
405 1067 451 1067 451 1099 405 1099
140 890 156 890 156 922 140 922
819 604 837 604 837 636 819 636
679 754 707 754 707 786 679 786
680 366 712 366 712 398 680 398
269 999 303 999 303 1031 269 1031
553 773 565 773 565 805 553 805
687 786 699 786 699 818 687 818
481 1252 494 1252 494 1284 481 1284
73 929 92 929 92 961 73 961
405 320 434 320 434 352 405 352
267 748 303 748 303 780 267 780
198 843 234 843 234 875 198 875
611 880 650 880 650 912 611 912
825 654 839 654 839 687 825 687
337 559 370 559 370 592 337 592
142 816 160 816 160 849 142 849
210 1188 229 1188 229 1221 210 1221
410 412 430 412 430 445 410 445
201 709 234 709 234 742 201 742
71 596 97 596 97 630 71 630
812 910 843 910 843 944 812 944
336 624 368 624 368 658 336 658
542 1037 575 1037 575 1071 542 1071
544 1323 579 1323 579 1357 544 1357
681 904 708 904 708 938 681 938
268 688 300 688 300 722 268 722
411 446 429 446 429 480 411 480
813 566 852 566 852 600 813 600
539 903 580 903 580 937 539 937
826 1017 838 1017 838 1052 826 1052
477 430 509 430 509 465 477 465
476 532 510 532 510 567 476 567
743 654 777 654 777 689 743 689
268 626 305 626 305 661 268 661
331 780 374 780 374 815 331 815
480 613 498 613 498 648 480 648
684 422 712 422 712 457 684 457
134 686 165 686 165 721 134 721
745 721 777 721 777 756 745 756
610 522 644 522 644 557 610 557
678 616 714 616 714 651 678 651
345 656 360 656 360 692 345 692
819 821 844 821 844 857 819 857
66 766 98 766 98 802 66 802
542 490 578 490 578 526 542 526
280 1109 294 1109 294 1145 280 1145
336 817 370 817 370 853 336 853
335 691 370 691 370 727 335 727
134 748 170 748 170 784 134 784
265 371 311 371 311 407 265 407
754 1233 770 1233 770 1269 754 1269
208 1002 224 1002 224 1038 208 1038
610 485 647 485 647 521 610 521
540 526 577 526 577 562 540 562
139 421 157 421 157 458 139 458
746 369 782 369 782 406 746 406
265 940 302 940 302 977 265 977
546 1130 571 1130 571 1167 546 1167
472 1080 510 1080 510 1117 472 1117
268 902 308 902 308 939 268 939
746 1144 780 1144 780 1181 746 1181
62 316 99 316 99 353 62 353
675 513 714 513 714 550 675 550
753 511 767 511 767 549 753 549
822 386 843 386 843 424 822 424
407 982 438 982 438 1020 407 1020
204 1221 236 1221 236 1259 204 1259
200 560 232 560 232 598 200 598
607 1298 643 1298 643 1336 607 1336
479 491 502 491 502 529 479 529
814 1077 841 1077 841 1115 814 1115
745 952 778 952 778 990 745 990
129 1113 163 1113 163 1151 129 1151
541 1255 578 1255 578 1293 541 1293
814 322 851 322 851 360 814 360
72 672 96 672 96 711 72 711
473 1285 507 1285 507 1324 473 1324
813 1166 849 1166 849 1205 813 1205
607 696 644 696 644 735 607 735
72 428 94 428 94 467 72 467
69 633 97 633 97 672 69 672
616 1000 646 1000 646 1039 616 1039
270 541 306 541 306 580 270 580
541 1295 580 1295 580 1334 541 1334
761 778 768 778 768 817 761 817
134 851 167 851 167 890 134 890
677 714 714 714 714 753 677 753
815 1291 853 1291 853 1330 815 1330
129 353 162 353 162 393 129 393
331 281 372 281 372 321 331 321
613 840 644 840 644 880 613 880
543 862 577 862 577 903 543 903
745 991 781 991 781 1032 745 1032
809 716 847 716 847 757 809 757
264 279 303 279 303 320 264 320
404 1025 445 1025 445 1066 404 1066
608 282 649 282 649 323 608 323
130 1315 159 1315 159 1356 130 1356
199 389 231 389 231 430 199 430
132 524 168 524 168 565 132 565
607 327 646 327 646 368 607 368
78 523 94 523 94 564 78 564
540 995 575 995 575 1036 540 1036
810 975 848 975 848 1017 810 1017
677 553 714 553 714 595 677 595
271 499 298 499 298 542 271 542
59 382 100 382 100 425 59 425
71 990 99 990 99 1033 71 1033
271 582 304 582 304 625 271 625
402 887 440 887 440 930 402 930
204 517 224 517 224 560 204 560
202 877 231 877 231 920 202 920
132 458 170 458 170 501 132 501
199 605 238 605 238 648 199 648
130 621 170 621 170 665 130 665
203 768 230 768 230 812 203 812
472 1175 507 1175 507 1219 472 1219
204 636 236 636 236 680 204 680
752 852 776 852 776 897 752 897
59 803 95 803 95 848 59 848
264 324 305 324 305 369 264 369
605 1120 650 1120 650 1165 605 1165
209 1110 229 1110 229 1156 209 1156
340 513 362 513 362 559 340 559
752 445 775 445 775 491 752 491
607 1167 648 1167 648 1213 607 1213
61 853 98 853 98 900 61 900
474 1030 510 1030 510 1078 474 1078
475 648 514 648 514 696 475 696
127 1266 164 1266 164 1316 127 1316
71 469 107 469 107 521 71 521
126 1029 164 1029 164 1081 126 1081
59 716 99 716 99 769 59 769
130 568 165 568 165 622 130 622
472 796 513 796 513 855 472 855
219 1259 227 1259 227 1329 219 1329
