98 369 117 369 117 380 98 380
844 436 872 436 872 449 844 449
159 681 186 681 186 694 159 694
505 1071 534 1071 534 1084 505 1084
218 911 230 911 230 924 218 924
217 892 230 892 230 905 217 905
82 486 108 486 108 499 82 499
571 530 598 530 598 546 571 546
155 859 178 859 178 875 155 875
92 1274 110 1274 110 1291 92 1291
773 508 801 508 801 525 773 525
157 1199 187 1199 187 1216 157 1216
499 1192 539 1192 539 1209 499 1209
379 876 387 876 387 893 379 893
97 969 108 969 108 986 97 986
840 512 875 512 875 529 840 529
165 1341 176 1341 176 1359 165 1359
863 1331 876 1331 876 1349 863 1349
228 784 247 784 247 802 228 802
503 1357 547 1357 547 1375 503 1375
224 827 260 827 260 845 224 845
650 1088 663 1088 663 1107 650 1107
780 566 806 566 806 585 780 585
436 952 463 952 463 971 436 971
149 419 185 419 185 438 149 438
286 992 329 992 329 1011 286 1011
235 1098 248 1098 248 1117 235 1117
85 916 120 916 120 935 85 935
428 579 464 579 464 598 428 598
766 455 811 455 811 474 766 474
229 414 243 414 243 434 229 434
163 1006 179 1006 179 1026 163 1026
154 1324 188 1324 188 1344 154 1344
580 1155 601 1155 601 1175 580 1175
577 835 600 835 600 855 577 855
436 1089 472 1089 472 1109 436 1109
499 359 510 359 510 380 499 380
224 804 251 804 251 825 224 825
649 1027 667 1027 667 1048 649 1048
97 427 120 427 120 448 97 448
841 458 877 458 877 479 841 479
160 926 173 926 173 947 160 947
706 376 725 376 725 397 706 397
848 410 866 410 866 432 848 432
444 1169 463 1169 463 1191 444 1191
444 1394 464 1394 464 1416 444 1416
636 326 656 326 656 348 636 348
240 899 267 899 267 921 240 921
571 1045 603 1045 603 1067 571 1067
490 596 530 596 530 618 490 618
373 1234 394 1234 394 1256 373 1256
712 789 734 789 734 812 712 812
295 678 322 678 322 701 295 701
361 522 390 522 390 545 361 545
62 374 92 374 92 397 62 397
152 982 187 982 187 1005 152 1005
773 429 803 429 803 452 773 452
84 1015 116 1015 116 1038 84 1038
566 470 600 470 600 493 566 493
247 955 262 955 262 978 247 978
226 361 245 361 245 384 226 384
294 330 316 330 316 353 294 353
639 792 670 792 670 815 639 815
295 1357 328 1357 328 1380 295 1380
567 1070 610 1070 610 1093 567 1093
298 857 317 857 317 881 298 881
86 1334 123 1334 123 1358 86 1358
86 1394 125 1394 125 1418 86 1418
234 1071 247 1071 247 1095 234 1095
95 1119 112 1119 112 1143 95 1143
841 542 871 542 871 566 841 566
705 988 744 988 744 1012 705 1012
713 1217 737 1217 737 1242 713 1242
441 1337 468 1337 468 1362 441 1362
780 724 809 724 809 749 780 749
710 1271 742 1271 742 1296 710 1296
849 1173 891 1173 891 1198 849 1198
235 1326 248 1326 248 1351 235 1351
644 508 661 508 661 533 644 533
854 1121 879 1121 879 1146 854 1146
847 943 874 943 874 968 847 968
81 1249 122 1249 122 1274 81 1274
150 536 185 536 185 561 150 561
149 1060 188 1060 188 1085 149 1085
565 1176 609 1176 609 1201 565 1201
353 493 399 493 399 518 353 518
222 1220 268 1220 268 1245 222 1245
301 1043 317 1043 317 1069 301 1069
231 756 250 756 250 782 231 782
443 1023 463 1023 463 1049 443 1049
369 890 391 890 391 916 369 916
704 461 735 461 735 487 704 487
776 1036 815 1036 815 1062 776 1062
839 480 878 480 878 506 839 506
221 1151 261 1151 261 1177 221 1177
645 479 658 479 658 505 645 505
852 695 871 695 871 721 852 721
145 566 187 566 187 592 145 592
217 862 228 862 228 889 217 889
373 1165 389 1165 389 1192 373 1192
502 609 519 609 519 636 502 636
151 1360 191 1360 191 1387 151 1387
68 401 82 401 82 428 68 428
163 1267 177 1267 177 1294 163 1294
374 1105 389 1105 389 1132 374 1132
368 391 388 391 388 418 368 418
437 973 460 973 460 1000 437 1000
577 1200 606 1200 606 1227 577 1227
571 977 601 977 601 1004 571 1004
157 1295 188 1295 188 1322 157 1322
232 1120 247 1120 247 1147 232 1147
161 747 176 747 176 774 161 774
302 651 319 651 319 678 302 678
90 847 109 847 109 874 90 874
636 378 671 378 671 405 636 405
443 801 456 801 456 829 443 829
714 761 729 761 729 789 714 789
714 733 732 733 732 761 714 761
718 1123 737 1123 737 1151 718 1151
710 1152 746 1152 746 1180 710 1180
148 478 186 478 186 506 148 506
289 707 328 707 328 735 289 735
151 1388 192 1388 192 1416 151 1416
784 399 794 399 794 427 784 427
374 1035 387 1035 387 1063 374 1063
93 939 114 939 114 967 93 967
361 657 395 657 395 685 361 685
706 1298 745 1298 745 1326 706 1326
868 1149 878 1149 878 1178 868 1178
443 732 459 732 459 761 443 761
512 1208 533 1208 533 1237 512 1237
855 1301 888 1301 888 1330 855 1330
286 386 320 386 320 415 286 415
785 970 802 970 802 999 785 999
501 991 525 991 525 1020 501 1020
225 1041 253 1041 253 1070 225 1070
360 592 393 592 393 621 360 621
845 916 881 916 881 945 845 945
497 668 534 668 534 697 497 697
280 356 329 356 329 385 280 385
576 616 596 616 596 645 576 645
445 1141 465 1141 465 1170 445 1170
303 961 324 961 324 990 303 990
499 634 522 634 522 663 499 663
567 438 601 438 601 467 567 467
358 457 392 457 392 486 358 486
155 1087 191 1087 191 1116 155 1116
292 770 329 770 329 799 292 799
652 724 667 724 667 754 652 754
639 651 671 651 671 681 639 681
152 1029 188 1029 188 1059 152 1059
579 1371 617 1371 617 1401 579 1401
481 329 523 329 523 359 481 359
75 1041 121 1041 121 1071 75 1071
430 1198 478 1198 478 1228 430 1228
160 505 176 505 176 535 160 535
378 844 399 844 399 874 378 874
292 546 320 546 320 576 292 576
705 1012 747 1012 747 1042 705 1042
353 324 396 324 396 354 353 354
573 546 594 546 594 577 573 577
226 1349 253 1349 253 1380 226 1380
152 948 181 948 181 979 152 979
162 1119 191 1119 191 1150 162 1150
291 1011 321 1011 321 1042 291 1042
361 918 395 918 395 949 361 949
636 535 670 535 670 566 636 566
73 453 114 453 114 484 73 484
291 1204 320 1204 320 1235 291 1235
362 688 393 688 393 719 362 719
492 524 526 524 526 555 492 555
93 984 108 984 108 1016 93 1016
242 922 265 922 265 954 242 954
294 884 324 884 324 916 294 916
843 834 882 834 882 866 843 866
428 607 469 607 469 639 428 639
215 384 261 384 261 416 215 416
501 556 530 556 530 588 501 588
635 446 669 446 669 478 635 478
221 1382 265 1382 265 1414 221 1414
785 1003 802 1003 802 1035 785 1035
853 1269 883 1269 883 1301 853 1301
566 759 601 759 601 791 566 791
639 1113 678 1113 678 1145 639 1145
491 741 531 741 531 773 491 773
432 1363 477 1363 477 1395 432 1395
97 1216 118 1216 118 1249 97 1249
491 489 521 489 521 522 491 522
773 365 803 365 803 398 773 398
701 398 741 398 741 431 701 431
720 1240 734 1240 734 1273 720 1273
93 682 108 682 108 715 93 715
718 950 733 950 733 983 718 983
373 1260 392 1260 392 1293 373 1293
647 931 672 931 672 964 647 964
567 691 606 691 606 724 567 724
88 1144 114 1144 114 1178 88 1178
151 777 179 777 179 811 151 811
289 575 327 575 327 609 289 609
630 349 676 349 676 383 630 383
501 1276 547 1276 547 1310 501 1310
371 1133 392 1133 392 1167 371 1167
296 736 330 736 330 770 296 770
641 849 675 849 675 883 641 883
81 762 116 762 116 796 81 796
710 880 747 880 747 914 710 914
85 1358 124 1358 124 1392 85 1392
573 725 601 725 601 759 573 759
436 1303 468 1303 468 1337 436 1337
575 1334 611 1334 611 1368 575 1368
433 999 472 999 472 1033 433 1033
433 1114 472 1114 472 1148 433 1148
648 756 666 756 666 791 648 791
500 954 523 954 523 989 500 989
94 330 119 330 119 365 94 365
858 1048 883 1048 883 1083 858 1083
849 1015 882 1015 882 1050 849 1050
851 1198 885 1198 885 1233 851 1233
86 877 122 877 122 912 86 912
369 1293 405 1293 405 1328 369 1328
362 770 400 770 400 805 362 805
437 1229 475 1229 475 1264 437 1264
216 478 258 478 258 513 216 513
845 1349 888 1349 888 1384 845 1384
218 1245 263 1245 263 1280 218 1280
575 1094 609 1094 609 1129 575 1129
359 621 394 621 394 656 359 656
641 1050 681 1050 681 1085 641 1085
660 968 669 968 669 1004 660 1004
710 696 736 696 736 732 710 732
638 566 668 566 668 602 638 602
712 1180 747 1180 747 1216 712 1216
572 1299 612 1299 612 1335 572 1335
573 792 600 792 600 828 573 828
83 1179 116 1179 116 1215 83 1215
427 450 464 450 464 486 427 486
357 420 399 420 399 456 357 456
101 386 121 386 121 422 101 422
714 913 742 913 742 949 714 949
425 413 470 413 470 449 425 449
426 833 477 833 477 869 426 869
358 354 389 354 389 391 358 391
571 857 603 857 603 894 571 894
219 438 252 438 252 475 219 475
567 495 603 495 603 532 567 532
703 804 744 804 744 841 703 841
842 725 885 725 885 762 842 762
512 912 523 912 523 949 512 949
581 1228 599 1228 599 1265 581 1265
434 373 456 373 456 410 434 410
854 1378 885 1378 885 1415 854 1415
709 1088 746 1088 746 1125 709 1125
359 953 406 953 406 990 359 990
298 920 318 920 318 958 298 958
766 328 799 328 799 366 766 366
498 774 531 774 531 812 498 812
218 620 251 620 251 658 218 658
221 1181 259 1181 259 1219 221 1219
443 1050 466 1050 466 1088 443 1088
710 424 735 424 735 462 710 462
296 1069 327 1069 327 1107 296 1107
290 465 325 465 325 503 290 503
841 612 881 612 881 650 841 650
287 507 327 507 327 545 287 545
439 1264 468 1264 468 1302 439 1302
638 406 668 406 668 444 638 444
295 1380 329 1380 329 1418 295 1418
296 1318 330 1318 330 1356 296 1356
774 587 813 587 813 625 774 625
78 508 118 508 118 546 78 546
81 600 122 600 122 638 81 638
503 1239 545 1239 545 1277 503 1277
506 699 525 699 525 738 506 738
157 594 191 594 191 633 157 633
703 487 739 487 739 526 703 526
709 1043 747 1043 747 1082 709 1082
158 435 178 435 178 474 158 474
841 566 876 566 876 605 841 605
776 839 815 839 815 878 776 878
567 1005 607 1005 607 1044 567 1044
780 1154 823 1154 823 1193 780 1193
149 327 176 327 176 367 149 367
85 717 113 717 113 757 85 757
365 1193 399 1193 399 1233 365 1233
567 577 603 577 603 617 567 617
710 1329 749 1329 749 1369 710 1369
292 1280 332 1280 332 1320 292 1320
566 942 610 942 610 982 566 982
837 372 883 372 883 412 837 412
785 1065 804 1065 804 1105 785 1105
436 761 462 761 462 801 436 801
777 469 806 469 806 509 777 509
506 1026 535 1026 535 1066 506 1066
509 1314 540 1314 540 1354 509 1354
360 808 398 808 398 848 360 848
780 1290 818 1290 818 1330 780 1330
775 1326 821 1326 821 1366 775 1366
224 320 247 320 247 360 224 360
219 574 253 574 253 614 219 614
777 1370 812 1370 812 1410 777 1410
698 526 738 526 738 566 698 566
216 1284 259 1284 259 1324 216 1324
714 611 729 611 729 652 714 652
492 383 524 383 524 424 492 424
565 650 599 650 599 691 565 691
775 748 813 748 813 789 775 789
578 1113 598 1113 598 1154 578 1154
369 1065 390 1065 390 1106 369 1106
646 886 674 886 674 927 646 927
642 1187 673 1187 673 1228 642 1228
703 653 742 653 742 694 703 694
428 915 473 915 473 956 428 956
501 819 529 819 529 861 501 861
638 812 671 812 671 854 638 854
364 1373 405 1373 405 1415 364 1415
642 1144 679 1144 679 1186 642 1186
841 797 881 797 881 839 841 839
845 1080 889 1080 889 1122 845 1122
441 871 470 871 470 913 441 913
851 1233 888 1233 888 1275 851 1275
775 793 818 793 818 836 775 836
635 602 679 602 679 645 635 645
433 684 465 684 465 727 433 727
424 642 471 642 471 685 424 685
159 634 175 634 175 678 159 678
160 1152 177 1152 177 1196 160 1196
361 547 390 547 390 591 361 591
636 680 679 680 679 724 636 724
837 326 881 326 881 370 837 370
289 1234 333 1234 333 1278 289 1278
428 530 463 530 463 575 428 575
708 834 744 834 744 879 708 879
836 755 885 755 885 800 836 800
572 895 601 895 601 940 572 940
155 812 184 812 184 857 155 857
778 1108 824 1108 824 1153 778 1153
643 977 662 977 662 1023 643 1023
775 524 811 524 811 570 775 570
361 989 394 989 394 1035 361 1035
841 866 884 866 884 912 841 912
717 1364 742 1364 742 1410 717 1410
362 723 393 723 393 769 362 769
522 1368 531 1368 531 1415 522 1415
154 699 184 699 184 746 154 746
696 323 743 323 743 370 696 370
775 880 812 880 812 927 775 927
841 648 889 648 889 695 841 695
773 925 825 925 825 972 773 972
286 604 328 604 328 652 286 652
217 705 259 705 259 753 217 753
573 387 598 387 598 435 573 435
149 366 181 366 181 414 149 414
365 1326 400 1326 400 1375 365 1375
286 415 323 415 323 464 286 464
499 861 536 861 536 910 499 910
776 1199 820 1199 820 1248 776 1248
76 1067 123 1067 123 1116 76 1116
152 1219 190 1219 190 1268 152 1268
771 620 816 620 816 670 771 670
82 548 113 548 113 598 82 598
427 325 462 325 462 377 427 377
286 1108 332 1108 332 1160 286 1160
149 874 185 874 185 926 149 926
79 639 117 639 117 692 79 692
83 798 120 798 120 852 83 852
502 1086 540 1086 540 1140 502 1140
565 348 597 348 597 403 565 403
224 983 264 983 264 1038 224 1038
288 803 330 803 330 860 288 860
489 425 524 425 524 488 489 488
