629 432 657 432 657 440 629 440
628 514 655 514 655 527 628 527
899 1318 925 1318 925 1333 899 1333
267 1305 297 1305 297 1321 267 1321
896 1172 923 1172 923 1189 896 1189
820 441 854 441 854 459 820 459
890 582 926 582 926 600 890 600
547 296 566 296 566 315 547 315
548 1144 570 1144 570 1163 548 1163
622 490 659 490 659 509 622 509
346 1357 365 1357 365 1377 346 1377
546 670 568 670 568 690 546 690
261 795 284 795 284 815 261 815
261 1023 294 1023 294 1044 261 1044
401 296 422 296 422 317 401 317
620 788 644 788 644 809 620 809
829 685 845 685 845 707 829 707
195 812 215 812 215 834 195 834
833 386 847 386 847 408 833 408
897 296 922 296 922 318 897 318
684 435 709 435 709 457 684 457
552 1259 569 1259 569 1281 552 1281
759 708 780 708 780 730 759 730
765 1225 788 1225 788 1247 765 1247
202 1293 223 1293 223 1317 202 1317
400 354 423 354 423 378 400 378
400 902 427 902 427 926 400 926
539 1197 580 1197 580 1221 539 1221
207 1354 223 1354 223 1378 207 1378
620 1147 637 1147 637 1171 620 1171
116 297 150 297 150 321 116 321
828 756 850 756 850 781 828 781
609 924 649 924 649 949 609 949
548 845 570 845 570 870 548 870
474 1330 511 1330 511 1355 474 1355
674 540 711 540 711 565 674 565
820 368 859 368 859 393 820 393
690 368 708 368 708 394 690 394
548 695 570 695 570 721 548 721
181 388 214 388 214 414 181 414
186 458 226 458 226 484 186 484
889 319 927 319 927 345 889 345
767 1350 790 1350 790 1376 767 1376
393 671 440 671 440 697 393 697
688 687 706 687 706 714 688 714
757 735 792 735 792 762 757 762
886 697 922 697 922 724 886 724
267 994 292 994 292 1021 267 1021
898 1007 927 1007 927 1034 898 1034
681 463 715 463 715 490 681 490
894 893 932 893 932 920 894 920
344 1328 368 1328 368 1356 344 1356
903 1379 932 1379 932 1407 903 1407
823 781 855 781 855 809 823 809
187 836 220 836 220 864 187 864
615 1067 656 1067 656 1095 615 1095
194 523 217 523 217 551 194 551
894 1088 937 1088 937 1116 894 1116
328 1168 373 1168 373 1196 328 1196
607 895 658 895 658 923 607 923
767 994 783 994 783 1023 767 1023
400 510 424 510 424 539 400 539
889 351 924 351 924 380 889 380
326 857 361 857 361 886 326 886
542 1165 587 1165 587 1194 542 1194
813 808 860 808 860 837 813 837
551 1080 568 1080 568 1109 551 1109
205 1264 222 1264 222 1293 205 1293
900 766 918 766 918 795 900 795
407 1029 427 1029 427 1058 407 1058
465 974 503 974 503 1003 465 1003
252 458 293 458 293 487 252 487
475 468 490 468 490 498 475 498
619 725 636 725 636 755 619 755
624 535 659 535 659 565 624 565
816 653 859 653 859 683 816 683
257 1274 305 1274 305 1304 257 1304
472 1387 521 1387 521 1417 472 1417
830 558 846 558 846 588 830 588
402 763 418 763 418 793 402 793
128 357 148 357 148 387 128 387
623 448 653 448 653 478 623 478
758 1318 791 1318 791 1348 758 1348
836 410 844 410 844 441 836 441
461 856 500 856 500 887 461 887
889 510 930 510 930 541 889 541
615 1384 660 1384 660 1415 615 1415
555 1281 572 1281 572 1312 555 1312
899 444 921 444 921 475 899 475
255 912 294 912 294 943 255 943
242 344 295 344 295 375 242 375
759 634 776 634 776 665 759 665
264 525 282 525 282 556 264 556
825 335 849 335 849 366 825 366
468 1068 509 1068 509 1099 468 1099
183 864 226 864 226 895 183 895
183 732 228 732 228 763 183 763
189 1232 236 1232 236 1263 189 1263
395 959 445 959 445 990 395 990
890 477 923 477 923 509 890 509
188 672 221 672 221 704 188 704
541 956 577 956 577 988 541 988
536 1385 594 1385 594 1417 536 1417
394 866 437 866 437 898 394 898
334 1133 366 1133 366 1166 334 1166
462 697 496 697 496 730 462 730
820 297 865 297 865 330 820 330
339 623 358 623 358 656 339 656
330 590 354 590 354 623 330 623
761 1378 796 1378 796 1411 761 1411
470 1265 511 1265 511 1298 470 1298
888 376 930 376 930 409 888 409
462 529 507 529 507 562 462 562
392 320 441 320 441 353 392 353
128 322 141 322 141 355 128 355
755 809 784 809 784 842 755 842
181 705 222 705 222 738 181 738
608 1352 659 1352 659 1385 608 1385
395 540 429 540 429 574 395 574
254 675 293 675 293 709 254 709
539 407 580 407 580 441 539 441
392 795 435 795 435 829 392 829
183 639 227 639 227 673 183 673
762 844 777 844 777 878 762 878
825 621 849 621 849 655 825 655
761 1025 791 1025 791 1059 761 1059
542 872 574 872 574 906 542 906
400 1061 436 1061 436 1095 400 1095
328 1059 367 1059 367 1093 328 1093
766 1159 783 1159 783 1194 766 1194
546 319 566 319 566 354 546 354
545 1313 580 1313 580 1348 545 1348
410 1328 448 1328 448 1363 410 1363
330 1222 371 1222 371 1257 330 1257
612 1171 648 1171 648 1206 612 1206
413 1186 426 1186 426 1221 413 1221
397 632 430 632 430 667 397 667
474 1352 511 1352 511 1387 474 1387
892 921 930 921 930 956 892 956
464 608 503 608 503 643 464 643
543 1106 584 1106 584 1141 543 1141
610 753 652 753 652 788 610 788
185 493 231 493 231 528 185 528
606 981 654 981 654 1016 606 1016
263 1322 300 1322 300 1358 263 1358
821 588 859 588 859 624 821 624
394 830 435 830 435 866 394 866
609 334 650 334 650 370 609 370
749 1190 797 1190 797 1226 749 1226
465 494 503 494 503 530 465 530
890 834 930 834 930 870 890 870
676 296 724 296 724 332 676 332
197 1379 230 1379 230 1416 197 1416
336 419 371 419 371 456 336 456
328 925 366 925 366 962 328 962
193 1320 233 1320 233 1357 193 1357
187 923 230 923 230 960 187 960
476 1183 504 1183 504 1220 476 1220
186 893 216 893 216 930 186 930
473 1141 504 1141 504 1178 473 1178
892 542 923 542 923 579 892 579
477 1292 511 1292 511 1329 477 1329
679 716 714 716 714 753 679 753
332 1186 368 1186 368 1223 332 1223
544 630 582 630 582 667 544 667
190 599 231 599 231 636 190 636
458 764 509 764 509 801 458 801
613 241 644 241 644 278 613 278
259 638 293 638 293 675 259 675
535 769 578 769 578 807 535 807
752 920 796 920 796 958 752 958
404 988 431 988 431 1026 404 1026
329 702 363 702 363 740 329 740
324 296 360 296 360 334 324 334
915 857 923 857 923 896 915 896
468 296 507 296 507 335 468 335
673 563 713 563 713 602 673 602
186 1047 227 1047 227 1086 186 1086
323 885 366 885 366 924 323 924
252 1043 297 1043 297 1082 252 1082
249 757 297 757 297 796 249 796
405 927 420 927 420 966 405 966
618 949 633 949 633 988 618 988
338 1097 360 1097 360 1136 338 1136
749 413 793 413 793 452 749 452
750 667 795 667 795 706 750 706
763 1280 785 1280 785 1319 763 1319
340 1377 366 1377 366 1416 340 1416
682 393 716 393 716 432 682 432
257 551 291 551 291 590 257 590
326 386 361 386 361 425 326 425
251 819 295 819 295 858 251 858
538 1347 586 1347 586 1386 538 1386
608 295 648 295 648 335 608 335
826 879 869 879 869 919 826 919
746 334 792 334 792 374 746 374
676 495 701 495 701 535 676 535
686 642 703 642 703 683 686 683
758 372 784 372 784 413 758 413
189 417 215 417 215 458 189 458
890 1271 933 1271 933 1312 890 1312
890 793 939 793 939 834 890 834
328 543 369 543 369 584 328 584
466 1100 516 1100 516 1141 466 1141
683 601 709 601 709 642 683 642
750 289 785 289 785 330 750 330
477 1222 513 1222 513 1263 477 1263
751 499 794 499 794 540 751 540
612 811 658 811 658 852 612 852
194 1002 217 1002 217 1044 194 1044
899 1229 928 1229 928 1271 899 1271
824 708 855 708 855 750 824 750
190 1191 231 1191 231 1233 190 1233
461 728 508 728 508 770 461 770
610 614 652 614 652 656 610 656
395 424 440 424 440 466 395 466
535 1038 581 1038 581 1080 535 1080
755 1248 794 1248 794 1291 755 1291
679 330 719 330 719 373 679 373
333 1282 375 1282 375 1325 333 1325
199 1086 218 1086 218 1129 199 1129
338 1015 369 1015 369 1058 338 1058
818 458 855 458 855 501 818 501
396 1149 441 1149 441 1192 396 1192
466 886 513 886 513 929 466 929
535 724 583 724 583 767 535 767
617 1206 643 1206 643 1250 617 1250
902 1338 929 1338 929 1382 902 1382
753 766 782 766 782 810 753 810
464 384 504 384 504 428 464 428
179 343 223 343 223 387 179 387
749 233 788 233 788 278 749 278
327 456 367 456 367 501 327 501
255 487 295 487 295 532 255 532
818 841 866 841 866 886 818 886
746 546 795 546 795 591 746 591
187 555 223 555 223 600 187 600
749 878 785 878 785 923 749 923
248 299 285 299 285 344 248 344
464 930 510 930 510 975 464 975
257 1076 304 1076 304 1121 257 1121
547 484 568 484 568 530 547 530
548 1211 582 1211 582 1257 548 1257
256 592 299 592 299 638 256 638
262 1122 298 1122 298 1168 262 1168
325 659 362 659 362 705 325 705
177 298 226 298 226 344 177 344
623 847 638 847 638 894 623 894
757 1130 787 1130 787 1177 757 1177
536 989 580 989 580 1036 536 1036
467 334 514 334 514 381 467 381
887 723 938 723 938 770 887 770
901 1187 928 1187 928 1234 901 1234
897 1369 927 1369 927 1416 897 1416
539 531 579 531 579 578 539 578
460 420 513 420 513 467 460 467
751 589 788 589 788 637 751 637
187 957 224 957 224 1005 187 1005
251 419 297 419 297 467 251 467
909 398 918 398 918 446 909 446
190 765 222 765 222 813 190 813
256 712 295 712 295 760 256 760
252 376 298 376 298 424 252 424
124 390 154 390 154 439 124 439
252 860 301 860 301 909 252 909
259 945 294 945 294 994 259 994
617 1250 654 1250 654 1299 617 1299
324 498 360 498 360 547 324 547
324 746 369 746 369 796 324 796
899 1038 936 1038 936 1088 899 1088
399 1279 444 1279 444 1330 399 1330
324 338 362 338 362 389 324 389
267 1222 293 1222 293 1273 267 1273
896 955 924 955 924 1006 896 1006
466 558 496 558 496 609 466 609
538 577 578 577 578 628 538 628
613 1096 648 1096 648 1148 613 1148
268 1356 298 1356 298 1408 268 1408
539 906 582 906 582 959 539 959
557 440 566 440 566 494 557 494
403 461 421 461 421 516 403 516
611 1299 655 1299 655 1354 611 1354
542 352 589 352 589 407 542 407
401 1092 434 1092 434 1147 401 1147
397 1220 436 1220 436 1275 397 1275
351 1240 360 1240 360 1296 351 1296
555 790 563 790 563 846 555 846
386 575 439 575 439 631 386 631
190 1134 227 1134 227 1191 190 1191
816 500 856 500 856 557 816 557
401 378 419 378 419 436 401 436
460 797 509 797 509 856 460 856
770 936 781 936 781 995 770 995
397 702 436 702 436 762 397 762
609 662 650 662 650 723 609 723
461 1003 508 1003 508 1066 461 1066
641 553 649 553 649 617 641 617
274 1158 284 1158 284 1222 274 1222
767 429 780 429 780 495 767 495
632 999 640 999 640 1066 632 1066
753 1060 801 1060 801 1128 753 1128
626 361 635 361 635 430 626 430
