363 1130 391 1130 391 1142 363 1142
770 1291 798 1291 798 1304 770 1304
292 1175 322 1175 322 1188 292 1188
358 1385 389 1385 389 1400 358 1400
832 349 869 349 869 364 832 364
645 405 657 405 657 421 645 421
841 1242 860 1242 860 1258 841 1258
429 1284 459 1284 459 1301 429 1301
766 1239 799 1239 799 1256 766 1256
760 1013 800 1013 800 1030 760 1030
212 1196 262 1196 262 1214 212 1214
840 366 861 366 861 384 840 384
87 799 116 799 116 817 87 817
838 761 868 761 868 779 838 779
844 783 863 783 863 802 844 802
296 307 314 307 314 326 296 326
433 893 454 893 454 912 433 912
361 614 393 614 393 633 361 633
86 863 123 863 123 882 86 882
834 1111 871 1111 871 1130 834 1130
436 309 455 309 455 328 436 328
574 461 594 461 594 480 574 480
640 1101 661 1101 661 1121 640 1121
774 689 795 689 795 709 774 709
495 885 528 885 528 905 495 905
699 709 730 709 730 729 699 729
291 762 323 762 323 782 291 782
157 1383 197 1383 197 1403 157 1403
571 877 591 877 591 898 571 898
497 693 531 693 531 714 497 714
767 809 803 809 803 830 767 830
763 1068 800 1068 800 1089 763 1089
155 712 186 712 186 733 155 733
494 755 530 755 530 776 494 776
500 908 522 908 522 929 500 929
836 491 867 491 867 512 836 512
765 341 799 341 799 362 765 362
639 731 660 731 660 753 639 753
493 1380 525 1380 525 1402 493 1402
636 1246 669 1246 669 1268 636 1268
288 1063 322 1063 322 1085 288 1085
95 1099 107 1099 107 1122 95 1122
844 855 862 855 862 878 844 878
633 570 671 570 671 593 633 593
419 837 472 837 472 860 419 860
286 630 321 630 321 653 286 653
421 1348 464 1348 464 1371 421 1371
631 309 674 309 674 332 631 332
222 645 252 645 252 669 222 669
220 924 253 924 253 948 220 948
645 1218 662 1218 662 1242 645 1242
429 552 461 552 461 576 429 576
360 1197 393 1197 393 1221 360 1221
282 1321 321 1321 321 1345 282 1345
141 443 195 443 195 467 141 467
226 1130 243 1130 243 1155 226 1155
566 1019 591 1019 591 1044 566 1044
215 403 248 403 248 428 215 428
82 1075 122 1075 122 1100 82 1100
146 1361 192 1361 192 1386 146 1386
152 689 192 689 192 714 152 714
299 923 318 923 318 948 299 948
569 618 588 618 588 643 569 643
561 646 597 646 597 671 561 671
230 1336 241 1336 241 1362 230 1362
770 915 788 915 788 941 770 941
842 463 861 463 861 489 842 489
761 946 801 946 801 972 761 972
832 1336 866 1336 866 1362 832 1362
301 999 317 999 317 1025 301 1025
705 343 724 343 724 369 705 369
436 738 455 738 455 764 436 764
94 1005 114 1005 114 1031 94 1031
703 1113 723 1113 723 1139 703 1139
151 859 184 859 184 885 151 885
220 894 253 894 253 920 220 920
492 352 528 352 528 378 492 378
287 1195 327 1195 327 1221 287 1221
639 888 659 888 659 915 639 915
82 1255 116 1255 116 1282 82 1282
773 312 794 312 794 339 773 339
425 969 459 969 459 996 425 996
769 1136 794 1136 794 1164 769 1164
290 1378 327 1378 327 1406 290 1406
490 1192 531 1192 531 1220 490 1220
779 776 795 776 795 804 779 804
364 758 387 758 387 786 364 786
432 1372 456 1372 456 1400 432 1400
847 884 860 884 860 912 847 912
159 659 180 659 180 687 159 687
157 419 178 419 178 447 157 447
846 1301 873 1301 873 1329 846 1329
148 1329 186 1329 186 1357 148 1357
425 1253 466 1253 466 1281 425 1281
298 446 314 446 314 475 298 475
772 581 789 581 789 610 772 610
704 308 724 308 724 337 704 337
841 391 862 391 862 420 841 420
503 1048 527 1048 527 1077 503 1077
297 329 321 329 321 358 297 358
565 905 592 905 592 934 565 934
296 417 313 417 313 446 296 446
768 1364 800 1364 800 1393 768 1393
358 682 393 682 393 711 358 711
774 739 795 739 795 769 774 769
641 1159 663 1159 663 1189 641 1189
700 987 731 987 731 1017 700 1017
561 803 597 803 597 833 561 833
218 752 258 752 258 782 218 782
81 436 124 436 124 466 81 466
631 1124 674 1124 674 1154 631 1154
631 1189 675 1189 675 1219 631 1219
624 1269 670 1269 670 1299 624 1299
160 346 178 346 178 376 160 376
838 685 860 685 860 715 838 715
783 882 815 882 815 912 783 912
214 670 257 670 257 700 214 700
759 1259 804 1259 804 1289 759 1289
423 1145 469 1145 469 1175 423 1175
159 1240 177 1240 177 1270 159 1270
218 1211 249 1211 249 1241 218 1241
492 1307 523 1307 523 1337 492 1337
152 1086 186 1086 186 1116 152 1116
353 1257 392 1257 392 1287 353 1287
635 644 666 644 666 675 635 675
624 963 677 963 677 994 624 994
440 1041 457 1041 457 1073 440 1073
437 486 456 486 456 518 437 518
81 471 118 471 118 503 81 503
492 1075 530 1075 530 1107 492 1107
489 560 530 560 530 592 489 592
757 363 805 363 805 395 757 395
703 829 723 829 723 861 703 861
434 1079 454 1079 454 1111 434 1111
499 977 526 977 526 1009 499 1009
422 1113 468 1113 468 1145 422 1145
157 1122 180 1122 180 1154 157 1154
89 1332 116 1332 116 1364 89 1364
221 1101 255 1101 255 1133 221 1133
491 1012 531 1012 531 1044 491 1044
423 418 458 418 458 451 423 451
492 1223 536 1223 536 1256 492 1256
228 577 246 577 246 610 228 610
162 1054 182 1054 182 1087 162 1087
92 1124 113 1124 113 1157 92 1157
430 763 462 763 462 796 430 796
835 1168 878 1168 878 1201 835 1201
440 520 456 520 456 554 440 554
775 1202 792 1202 792 1236 775 1236
839 313 863 313 863 347 839 347
766 714 814 714 814 748 766 748
290 693 327 693 327 727 290 727
630 799 670 799 670 833 630 833
286 1085 333 1085 333 1119 286 1119
228 611 242 611 242 645 228 645
704 861 723 861 723 895 704 895
359 575 395 575 395 609 359 609
426 615 467 615 467 649 426 649
489 524 535 524 535 558 489 558
300 1028 315 1028 315 1063 300 1063
433 1173 467 1173 467 1208 433 1208
497 938 521 938 521 973 497 973
764 971 797 971 797 1006 764 1006
563 1048 600 1048 600 1083 563 1083
760 831 804 831 804 866 760 866
829 1133 876 1133 876 1168 829 1168
687 579 735 579 735 614 687 614
568 424 596 424 596 460 568 460
355 1089 387 1089 387 1125 355 1125
628 220 668 220 668 256 628 256
762 1168 802 1168 802 1204 762 1204
286 657 328 657 328 693 286 693
214 1363 260 1363 260 1399 214 1399
776 1029 793 1029 793 1065 776 1065
82 546 118 546 118 582 82 582
426 857 462 857 462 893 426 893
223 1005 261 1005 261 1041 223 1041
559 668 598 668 598 704 559 704
628 480 668 480 668 516 628 516
828 513 871 513 871 549 828 549
433 379 456 379 456 415 433 415
838 916 866 916 866 952 838 952
288 723 319 723 319 759 288 759
766 1327 803 1327 803 1363 766 1363
358 915 395 915 395 951 358 951
419 576 464 576 464 612 419 612
283 1343 329 1343 329 1379 283 1379
159 978 180 978 180 1015 159 1015
697 404 731 404 731 441 697 441
220 1159 256 1159 256 1196 220 1196
565 384 603 384 603 421 565 421
628 368 670 368 670 405 628 405
557 935 610 935 610 972 557 972
559 1132 613 1132 613 1169 559 1169
90 884 113 884 113 921 90 921
834 1198 867 1198 867 1235 834 1235
634 330 670 330 670 367 634 367
765 647 809 647 809 684 765 684
771 610 794 610 794 648 771 648
361 1218 384 1218 384 1256 361 1256
152 1204 182 1204 182 1242 152 1242
358 1052 389 1052 389 1090 358 1090
290 784 322 784 322 822 290 822
152 772 186 772 186 810 152 810
85 582 123 582 123 620 85 620
760 440 807 440 807 478 760 478
364 310 383 310 383 348 364 348
153 520 193 520 193 558 153 558
287 475 329 475 329 513 287 513
695 369 742 369 742 407 695 407
366 828 387 828 387 866 366 866
567 346 592 346 592 384 567 384
839 1361 867 1361 867 1399 839 1399
567 485 613 485 613 523 567 523
153 377 187 377 187 416 153 416
290 1278 309 1278 309 1317 290 1317
833 424 865 424 865 463 833 463
219 712 257 712 257 751 219 751
828 645 876 645 876 684 828 684
490 1337 523 1337 523 1377 490 1377
561 307 607 307 607 347 561 347
689 614 740 614 740 654 689 654
358 528 398 528 398 568 358 568
85 821 125 821 125 861 85 861
832 1268 879 1268 879 1308 832 1308
638 920 657 920 657 960 638 960
93 505 114 505 114 545 93 545
226 531 250 531 250 571 226 571
363 639 388 639 388 679 363 679
770 396 802 396 802 436 770 436
493 1150 530 1150 530 1190 493 1190
561 833 599 833 599 873 561 873
696 897 736 897 736 937 696 937
82 761 128 761 128 801 82 801
155 304 179 304 179 345 155 345
564 760 602 760 602 801 564 801
492 593 532 593 532 634 492 634
424 450 465 450 465 491 424 491
424 699 466 699 466 740 424 740
564 1086 608 1086 608 1127 564 1127
214 1243 259 1243 259 1284 214 1284
491 377 537 377 537 418 491 418
564 526 611 526 611 567 564 567
706 1017 724 1017 724 1059 706 1059
434 334 455 334 455 376 434 376
497 308 521 308 521 350 497 350
696 1190 735 1190 735 1232 696 1232
154 932 194 932 194 974 154 974
630 1305 677 1305 677 1347 630 1347
626 1004 675 1004 675 1046 626 1046
505 1101 524 1101 524 1143 505 1143
702 489 733 489 733 531 702 531
634 680 667 680 667 722 634 722
214 304 256 304 256 346 214 346
84 917 127 917 127 959 84 959
81 1285 131 1285 131 1327 81 1327
828 715 866 715 866 757 828 757
81 395 126 395 126 437 81 437
161 735 181 735 181 778 161 778
496 426 538 426 538 469 496 469
830 960 872 960 872 1003 830 1003
282 1230 327 1230 327 1273 282 1273
640 757 655 757 655 800 640 800
571 976 590 976 590 1019 571 1019
499 712 525 712 525 755 499 755
150 1013 197 1013 197 1056 150 1056
833 606 872 606 872 650 833 650
148 887 187 887 187 931 148 931
285 581 329 581 329 625 285 625
350 1285 399 1285 399 1329 350 1329
425 997 476 997 476 1041 425 1041
706 536 724 536 724 580 706 580
833 807 872 807 872 851 833 851
632 428 675 428 675 472 632 472
80 1030 135 1030 135 1074 80 1074
90 958 114 958 114 1002 90 1002
426 922 464 922 464 966 426 966
362 869 387 869 387 914 362 914
836 1067 871 1067 871 1112 836 1112
632 596 671 596 671 641 632 641
694 441 739 441 739 486 694 486
423 1208 472 1208 472 1253 423 1253
434 794 456 794 456 839 434 839
431 1301 454 1301 454 1346 431 1346
762 1088 806 1088 806 1133 762 1133
634 516 672 516 672 561 634 561
694 780 732 780 732 825 694 825
220 788 260 788 260 833 220 833
356 354 401 354 401 400 356 400
80 714 126 714 126 760 80 760
150 812 196 812 196 858 150 858
90 668 113 668 113 714 90 714
152 1278 182 1278 182 1324 152 1324
631 1350 671 1350 671 1396 631 1396
352 1329 394 1329 394 1375 352 1375
355 709 398 709 398 755 355 755
354 1002 393 1002 393 1049 354 1049
692 1143 737 1143 737 1190 692 1190
355 1143 392 1143 392 1191 355 1191
493 475 530 475 530 523 493 523
423 648 461 648 461 696 423 696
290 1121 330 1121 330 1169 290 1169
295 869 328 869 328 918 295 918
697 937 737 937 737 986 697 986
355 788 396 788 396 837 355 837
489 832 535 832 535 881 489 881
214 491 263 491 263 540 214 540
572 568 589 568 589 617 572 617
631 838 671 838 671 887 631 887
761 481 804 481 804 530 761 530
490 1257 532 1257 532 1306 490 1306
80 354 126 354 126 403 80 403
154 1155 191 1155 191 1205 154 1205
765 530 804 530 804 580 765 580
633 1048 673 1048 673 1098 633 1098
84 624 125 624 125 674 84 674
83 1202 118 1202 118 1252 83 1252
212 1287 256 1287 256 1337 212 1337
299 950 316 950 316 1001 299 1001
360 479 398 479 398 530 360 530
218 1046 256 1046 256 1097 218 1097
832 553 873 553 873 604 832 604
220 951 255 951 255 1002 220 1002
148 554 184 554 184 605 148 605
567 706 603 706 603 758 567 758
494 638 528 638 528 691 494 691
79 302 125 302 125 355 79 355
215 347 253 347 253 400 215 400
700 654 724 654 724 708 700 708
707 1234 722 1234 722 1288 707 1288
216 435 258 435 258 489 216 489
693 728 739 728 739 783 693 783
826 1008 874 1008 874 1063 826 1063
150 606 187 606 187 661 150 661
217 835 260 835 260 892 217 892
710 1053 735 1053 735 1110 710 1110
298 361 313 361 313 419 298 419
493 775 532 775 532 833 493 833
355 945 391 945 391 1004 355 1004
286 524 326 524 326 583 286 583
373 407 380 407 380 467 373 467
165 455 175 455 175 516 165 516
