421 1297 449 1297 449 1311 421 1311
633 1338 652 1338 652 1354 633 1354
854 1333 869 1333 869 1349 854 1349
783 358 803 358 803 375 783 375
680 840 706 840 706 857 680 857
720 1114 734 1114 734 1132 720 1132
206 297 225 297 225 315 206 315
831 561 851 561 851 579 831 579
681 884 710 884 710 902 681 902
780 299 795 299 795 317 780 317
275 1223 310 1223 310 1242 275 1242
687 982 702 982 702 1001 687 1001
629 677 650 677 650 696 629 696
62 435 87 435 87 455 62 455
413 333 434 333 434 353 413 353
205 645 227 645 227 665 205 665
693 460 713 460 713 480 693 480
279 856 300 856 300 876 279 876
769 1198 790 1198 790 1218 769 1218
418 973 441 973 441 993 418 993
623 1196 658 1196 658 1216 623 1216
852 1309 868 1309 868 1330 852 1330
814 1020 839 1020 839 1041 814 1041
681 1034 707 1034 707 1055 681 1055
746 297 775 297 775 318 746 318
820 1073 834 1073 834 1094 820 1094
425 1109 443 1109 443 1130 425 1130
764 376 785 376 785 397 764 397
821 1363 846 1363 846 1384 821 1384
634 1262 652 1262 652 1284 634 1284
207 1354 227 1354 227 1376 207 1376
818 1217 840 1217 840 1239 818 1239
72 1386 95 1386 95 1408 72 1408
680 861 706 861 706 883 680 883
686 900 701 900 701 922 686 922
137 958 159 958 159 980 137 980
823 303 858 303 858 325 823 325
547 1130 598 1130 598 1152 547 1152
848 1355 880 1355 880 1378 848 1378
281 214 317 214 317 237 281 237
683 1006 705 1006 705 1029 683 1029
407 798 445 798 445 822 407 822
828 1339 837 1339 837 1363 828 1363
850 1257 870 1257 870 1281 850 1281
846 1195 873 1195 873 1219 846 1219
621 1384 666 1384 666 1408 621 1408
833 409 852 409 852 433 833 433
280 975 301 975 301 999 280 999
825 378 864 378 864 402 825 402
198 745 238 745 238 769 198 769
686 924 704 924 704 949 686 949
772 1324 792 1324 792 1349 772 1349
627 840 649 840 649 865 627 865
682 1084 708 1084 708 1109 682 1109
267 301 307 301 307 326 267 326
718 1088 734 1088 734 1113 718 1113
278 763 298 763 298 788 278 788
208 501 230 501 230 526 208 526
417 941 439 941 439 966 417 966
771 1294 793 1294 793 1319 771 1319
415 464 439 464 439 489 415 489
716 912 734 912 734 938 716 938
699 647 715 647 715 673 699 673
555 374 577 374 577 400 555 400
850 1279 877 1279 877 1305 850 1305
202 1040 233 1040 233 1066 202 1066
763 1350 795 1350 795 1376 763 1376
131 823 166 823 166 849 131 849
281 1321 301 1321 301 1347 281 1347
67 788 89 788 89 814 67 814
816 1192 840 1192 840 1218 816 1218
716 1059 741 1059 741 1085 716 1085
680 781 707 781 707 807 680 807
821 753 853 753 853 779 821 779
269 950 306 950 306 976 269 976
491 911 505 911 505 938 491 938
768 976 786 976 786 1003 768 1003
850 1379 877 1379 877 1406 850 1406
846 1128 874 1128 874 1155 846 1155
133 1383 171 1383 171 1410 133 1410
267 1350 314 1350 314 1377 267 1377
487 530 506 530 506 557 487 557
765 1226 791 1226 791 1253 765 1253
716 881 743 881 743 908 716 908
827 1382 848 1382 848 1410 827 1410
63 369 84 369 84 397 63 397
559 1062 580 1062 580 1090 559 1090
560 1213 584 1213 584 1241 560 1241
134 677 159 677 159 705 134 705
844 1042 873 1042 873 1070 844 1070
629 1356 658 1356 658 1384 629 1384
131 1282 166 1282 166 1310 131 1310
200 676 239 676 239 704 200 704
427 1239 445 1239 445 1267 427 1267
208 769 230 769 230 797 208 797
847 1226 879 1226 879 1254 847 1254
482 1279 520 1279 520 1307 482 1307
551 1185 593 1185 593 1213 551 1213
477 838 524 838 524 866 477 866
211 888 225 888 225 916 211 916
139 797 163 797 163 825 139 825
63 1322 98 1322 98 1350 63 1350
409 361 445 361 445 389 409 389
818 1241 845 1241 845 1270 818 1270
200 1248 244 1248 244 1277 200 1277
780 322 800 322 800 351 780 351
485 412 505 412 505 441 485 441
557 869 578 869 578 898 557 898
487 1111 519 1111 519 1140 487 1140
622 870 655 870 655 899 622 899
133 1141 166 1141 166 1170 133 1170
126 1173 167 1173 167 1202 126 1202
481 1345 523 1345 523 1374 481 1374
764 901 796 901 796 931 764 931
823 636 860 636 860 666 823 666
196 432 235 432 235 462 196 462
477 737 516 737 516 767 477 767
689 1055 703 1055 703 1085 689 1085
139 1112 163 1112 163 1142 139 1142
828 527 856 527 856 557 828 557
811 1041 840 1041 840 1071 811 1071
814 1128 843 1128 843 1158 814 1158
121 399 156 399 156 429 121 429
404 388 444 388 444 418 404 418
130 886 171 886 171 916 130 916
621 1123 663 1123 663 1153 621 1153
550 1026 593 1026 593 1056 550 1056
484 1255 533 1255 533 1285 484 1285
842 977 871 977 871 1008 842 1008
624 773 661 773 661 804 624 804
264 374 305 374 305 405 264 405
686 952 706 952 706 983 686 983
680 807 707 807 707 838 680 838
201 399 235 399 235 430 201 430
268 881 309 881 309 912 268 912
850 1162 875 1162 875 1193 850 1193
275 1377 311 1377 311 1408 275 1408
406 763 447 763 447 794 406 794
195 573 236 573 236 604 195 604
632 1283 652 1283 652 1315 632 1315
845 1010 875 1010 875 1042 845 1042
486 1376 525 1376 525 1408 486 1408
812 1094 843 1094 843 1126 812 1126
757 582 797 582 797 614 757 614
760 1047 801 1047 801 1079 760 1079
819 781 865 781 865 813 819 813
194 1378 248 1378 248 1410 194 1410
128 329 157 329 157 362 128 362
711 850 745 850 745 883 711 883
413 1035 448 1035 448 1068 413 1068
477 382 518 382 518 415 477 415
759 1376 804 1376 804 1409 759 1409
287 240 311 240 311 273 287 273
553 1094 587 1094 587 1127 553 1127
827 845 863 845 863 878 827 878
415 1266 453 1266 453 1299 415 1299
195 323 237 323 237 356 195 356
197 606 239 606 239 639 197 639
719 983 732 983 732 1016 719 1016
209 916 229 916 229 949 209 949
816 1159 845 1159 845 1192 816 1192
271 503 304 503 304 536 271 536
815 1302 850 1302 850 1335 815 1335
273 1188 310 1188 310 1221 273 1221
765 1165 803 1165 803 1198 765 1198
487 937 509 937 509 971 487 971
825 814 860 814 860 848 825 848
490 1184 527 1184 527 1218 490 1218
134 851 172 851 172 885 134 885
619 740 658 740 658 774 619 774
756 618 799 618 799 652 756 652
630 211 662 211 662 245 630 245
198 463 233 463 233 497 198 497
413 903 449 903 449 937 413 937
57 905 98 905 98 939 57 939
267 691 312 691 312 725 267 725
206 1113 238 1113 238 1148 206 1148
62 1197 95 1197 95 1232 62 1232
481 706 514 706 514 741 481 741
59 987 96 987 96 1022 59 1022
273 1157 310 1157 310 1192 273 1192
134 980 172 980 172 1015 134 1015
489 765 503 765 503 800 489 800
621 702 652 702 652 737 621 737
605 210 630 210 630 246 605 246
712 771 742 771 742 807 712 807
620 342 655 342 655 378 620 378
630 245 667 245 667 281 630 281
551 529 589 529 589 565 551 565
266 429 307 429 307 465 266 465
269 819 312 819 312 855 269 855
550 1342 595 1342 595 1378 550 1378
277 1282 313 1282 313 1318 277 1318
126 523 165 523 165 559 126 559
759 787 801 787 801 823 759 823
544 339 590 339 590 375 544 375
496 669 504 669 504 706 496 706
279 788 299 788 299 825 279 825
767 748 794 748 794 785 767 785
709 731 744 731 744 768 709 768
408 822 446 822 446 859 408 859
482 1308 522 1308 522 1345 482 1345
130 707 172 707 172 744 130 744
760 1133 803 1133 803 1170 760 1170
132 917 165 917 165 954 132 954
620 640 656 640 656 677 620 677
760 820 797 820 797 857 760 857
269 726 310 726 310 763 269 763
617 1084 663 1084 663 1121 617 1121
762 1255 808 1255 808 1292 762 1292
624 1307 670 1307 670 1344 624 1344
547 297 594 297 594 334 547 334
711 1018 745 1018 745 1055 711 1055
480 598 524 598 524 635 480 635
59 1068 103 1068 103 1105 59 1105
132 1347 165 1347 165 1385 132 1385
481 801 519 801 519 839 481 839
474 559 515 559 515 597 474 597
480 1217 525 1217 525 1255 480 1255
816 978 838 978 838 1016 816 1016
60 862 91 862 91 900 60 900
65 569 103 569 103 607 65 607
130 1203 173 1203 173 1241 130 1241
194 848 241 848 241 886 194 886
415 1129 464 1129 464 1167 415 1167
199 1006 236 1006 236 1045 199 1045
621 608 658 608 658 647 621 647
560 981 576 981 576 1020 560 1020
849 1081 872 1081 872 1120 849 1120
249 215 280 215 280 254 249 254
338 332 371 332 371 371 338 371
692 423 727 423 727 462 692 462
479 1142 518 1142 518 1181 479 1181
414 1169 455 1169 455 1208 414 1208
127 592 168 592 168 631 127 631
55 395 97 395 97 434 55 434
617 423 662 423 662 462 617 462
571 1370 580 1370 580 1409 571 1409
59 750 93 750 93 789 59 789
621 376 664 376 664 415 621 415
127 1309 171 1309 171 1348 127 1348
617 802 663 802 663 841 617 841
821 880 868 880 868 919 821 919
131 636 164 636 164 676 131 676
274 1244 317 1244 317 1284 274 1284
133 1070 164 1070 164 1110 133 1110
59 327 93 327 93 367 59 367
829 483 864 483 864 523 829 523
690 387 730 387 730 427 690 427
624 1219 664 1219 664 1259 624 1259
829 919 853 919 853 960 829 960
814 1269 838 1269 838 1310 814 1310
127 553 164 553 164 594 127 594
760 933 797 933 797 974 760 974
409 626 450 626 450 667 409 667
270 1088 311 1088 311 1129 270 1129
754 1004 799 1004 799 1045 754 1045
58 714 103 714 103 755 58 755
57 1021 102 1021 102 1062 57 1062
199 701 245 701 245 742 199 742
267 907 315 907 315 948 267 948
117 360 170 360 170 401 117 401
558 900 576 900 576 941 558 941
414 538 440 538 440 579 414 579
618 1037 653 1037 653 1078 618 1078
59 1282 94 1282 94 1323 59 1323
410 994 447 994 447 1035 410 1035
824 328 853 328 853 369 824 369
552 1147 583 1147 583 1188 552 1188
409 859 452 859 452 901 409 901
405 1067 451 1067 451 1109 405 1109
716 942 737 942 737 984 716 984
339 460 370 460 370 502 339 502
620 955 656 955 656 997 620 997
686 346 730 346 730 388 686 388
553 1295 597 1295 597 1337 553 1337
753 447 800 447 800 489 753 489
405 495 453 495 453 537 405 537
475 870 527 870 527 912 475 912
75 1155 82 1155 82 1198 75 1198
346 415 357 415 357 458 346 458
764 856 786 856 786 899 764 899
481 632 516 632 516 675 481 675
619 464 662 464 662 507 619 507
619 1156 667 1156 667 1199 619 1199
275 464 301 464 301 507 275 507
57 525 95 525 95 568 57 568
476 486 515 486 515 529 476 529
823 664 864 664 864 707 823 707
271 1121 301 1121 301 1164 271 1164
823 589 864 589 864 632 823 632
59 939 100 939 100 982 59 982
627 297 649 297 649 341 627 341
479 337 508 337 508 381 479 381
759 401 794 401 794 445 759 445
759 536 795 536 795 580 759 580
819 711 858 711 858 755 819 755
546 565 591 565 591 609 546 609
688 677 733 677 733 721 688 721
716 803 740 803 740 847 716 847
199 1147 238 1147 238 1191 199 1191
200 1319 246 1319 246 1363 200 1363
54 818 101 818 101 862 54 862
507 1078 516 1078 516 1123 507 1123
197 798 242 798 242 843 197 843
267 542 313 542 313 587 267 587
475 1032 521 1032 521 1077 475 1077
268 326 315 326 315 371 268 371
120 431 171 431 171 476 120 476
821 436 867 436 867 481 821 481
267 1000 314 1000 314 1045 267 1045
619 997 667 997 667 1042 619 1042
762 492 793 492 793 537 762 537
548 659 587 659 587 704 548 704
204 529 225 529 225 575 204 575
206 356 232 356 232 402 206 402
411 662 440 662 440 708 411 708
686 545 727 545 727 591 686 591
280 1041 307 1041 307 1087 280 1087
198 1275 238 1275 238 1321 198 1321
412 1316 459 1316 459 1362 412 1362
410 417 449 417 449 464 410 464
126 1236 167 1236 167 1283 126 1283
618 564 661 564 661 611 618 611
545 819 589 819 589 866 545 866
420 1202 443 1202 443 1249 420 1249
269 646 308 646 308 693 269 693
546 400 591 400 591 447 546 447
415 1362 463 1362 463 1409 415 1409
757 707 800 707 800 755 757 755
347 501 364 501 364 549 347 549
207 1196 234 1196 234 1244 207 1244
61 665 105 665 105 713 61 713
684 598 732 598 732 647 684 647
410 577 445 577 445 626 410 626
55 459 96 459 96 508 55 508
550 605 589 605 589 655 550 655
132 476 151 476 151 527 132 527
763 1082 794 1082 794 1133 763 1133
616 905 661 905 661 956 616 956
758 653 792 653 792 704 758 704
129 1019 168 1019 168 1070 129 1070
687 295 727 295 727 347 687 347
214 1064 221 1064 221 1116 214 1116
552 1245 588 1245 588 1297 552 1297
192 951 237 951 237 1003 192 1003
620 508 655 508 655 561 620 561
339 366 367 366 367 419 339 419
552 937 580 937 580 990 552 990
405 707 454 707 454 761 405 761
269 591 316 591 316 646 269 646
686 486 725 486 725 542 686 542
57 607 96 607 96 666 57 666
473 969 520 969 520 1030 473 1030
552 700 585 700 585 762 552 762
757 317 765 317 765 379 757 379
