816 1090 854 1090 854 1102 816 1102
226 557 249 557 249 569 226 569
686 771 710 771 710 783 686 783
549 1140 578 1140 578 1153 549 1153
137 447 164 447 164 460 137 460
189 620 223 620 223 634 189 634
814 678 842 678 842 693 814 693
343 1038 371 1038 371 1053 343 1053
470 1340 516 1340 516 1355 470 1355
148 776 159 776 159 792 148 792
621 1343 635 1343 635 1359 621 1359
485 857 496 857 496 874 485 874
479 799 510 799 510 816 479 816
411 430 440 430 440 448 411 448
547 910 580 910 580 928 547 928
140 629 168 629 168 647 140 647
231 699 245 699 245 718 231 718
412 904 438 904 438 923 412 923
198 468 211 468 211 488 198 488
227 533 250 533 250 553 227 553
823 1041 839 1041 839 1061 823 1061
145 1340 163 1340 163 1360 145 1360
193 495 216 495 216 515 193 515
351 626 367 626 367 646 351 646
145 1145 165 1145 165 1165 145 1165
74 682 96 682 96 702 74 702
215 1223 237 1223 237 1243 215 1243
208 1076 231 1076 231 1096 208 1096
555 1295 579 1295 579 1315 555 1315
76 1110 100 1110 100 1130 76 1130
223 636 256 636 256 656 223 656
540 1241 593 1241 593 1261 540 1261
685 792 707 792 707 813 685 813
555 1086 578 1086 578 1107 555 1107
817 1066 845 1066 845 1087 817 1087
205 1130 236 1130 236 1151 205 1151
212 1272 229 1272 229 1293 212 1293
143 649 163 649 163 670 143 670
687 381 709 381 709 402 687 402
549 536 576 536 576 557 549 557
345 647 373 647 373 668 345 668
199 639 221 639 221 661 199 661
348 988 371 988 371 1010 348 1010
757 1266 781 1266 781 1288 757 1288
488 906 502 906 502 928 488 928
689 978 706 978 706 1000 689 1000
751 771 773 771 773 793 751 793
555 513 573 513 573 535 555 535
554 453 579 453 579 475 554 475
478 1315 507 1315 507 1337 478 1337
688 555 704 555 704 578 688 578
754 1140 776 1140 776 1163 754 1163
148 1292 173 1292 173 1315 148 1315
208 1296 237 1296 237 1319 208 1319
745 519 761 519 761 542 745 542
350 773 372 773 372 796 350 796
678 899 714 899 714 922 678 922
338 1012 378 1012 378 1035 338 1035
743 494 757 494 757 518 743 518
622 1070 636 1070 636 1094 622 1094
285 754 302 754 302 778 285 778
485 974 505 974 505 998 485 998
485 1286 502 1286 502 1310 485 1310
193 557 218 557 218 581 193 581
69 1250 109 1250 109 1274 69 1274
542 1110 584 1110 584 1134 542 1134
821 773 837 773 837 797 821 797
540 1158 582 1158 582 1182 540 1182
487 771 505 771 505 796 487 796
621 1252 640 1252 640 1277 621 1277
79 1308 107 1308 107 1333 79 1333
203 1246 234 1246 234 1271 203 1271
473 483 509 483 509 508 473 508
144 835 166 835 166 860 144 860
678 487 716 487 716 512 678 512
610 735 648 735 648 760 610 760
818 931 837 931 837 956 818 956
273 1152 316 1152 316 1177 273 1177
559 592 574 592 574 618 559 618
418 757 436 757 436 783 418 783
69 615 103 615 103 641 69 641
202 427 240 427 240 453 202 453
611 1361 651 1361 651 1387 611 1387
472 1203 512 1203 512 1229 472 1229
134 672 175 672 175 698 134 698
80 883 99 883 99 909 80 909
418 1365 438 1365 438 1391 418 1391
73 1045 103 1045 103 1071 73 1071
139 1363 170 1363 170 1389 139 1389
554 841 569 841 569 868 554 868
619 1137 637 1137 637 1164 619 1164
814 831 843 831 843 858 814 858
224 751 257 751 257 778 224 778
133 344 167 344 167 371 133 371
340 671 378 671 378 698 340 698
403 585 452 585 452 612 403 612
84 1280 103 1280 103 1307 84 1307
411 786 440 786 440 813 411 813
275 436 309 436 309 463 275 463
474 342 512 342 512 369 474 369
284 1043 299 1043 299 1070 284 1070
753 711 771 711 771 738 753 738
759 424 781 424 781 451 759 451
413 562 436 562 436 589 413 589
220 501 247 501 247 528 220 528
276 1069 308 1069 308 1096 276 1096
678 311 714 311 714 338 678 338
552 423 570 423 570 451 552 451
741 544 761 544 761 572 741 572
227 605 252 605 252 633 227 633
405 1047 441 1047 441 1075 405 1075
542 1182 578 1182 578 1210 542 1210
278 1250 316 1250 316 1278 278 1278
749 451 789 451 789 479 749 479
820 859 836 859 836 887 820 887
757 1162 775 1162 775 1190 757 1190
555 1356 576 1356 576 1384 555 1384
226 723 253 723 253 751 226 751
814 611 843 611 843 639 814 639
284 779 315 779 315 807 284 807
203 1100 240 1100 240 1128 203 1128
228 574 243 574 243 603 228 603
72 912 103 912 103 941 72 941
615 1200 649 1200 649 1229 615 1229
745 1078 782 1078 782 1107 745 1107
225 812 263 812 263 841 225 841
473 1057 516 1057 516 1086 473 1086
624 436 640 436 640 465 624 465
550 1056 571 1056 571 1085 550 1085
686 709 707 709 707 738 686 738
480 641 503 641 503 670 480 670
748 1235 779 1235 779 1264 748 1264
544 477 578 477 578 506 544 506
607 1225 652 1225 652 1254 607 1254
756 309 772 309 772 338 756 338
687 815 703 815 703 844 687 844
765 495 792 495 792 524 765 524
610 867 642 867 642 896 610 896
339 495 372 495 372 524 339 524
612 476 646 476 646 505 612 505
270 1213 307 1213 307 1242 270 1242
469 669 519 669 519 698 469 698
137 1311 170 1311 170 1341 137 1341
340 1325 386 1325 386 1355 340 1355
554 348 570 348 570 378 554 378
145 560 163 560 163 590 145 590
204 309 239 309 239 339 204 339
827 387 840 387 840 418 827 418
691 404 709 404 709 435 691 435
218 466 251 466 251 497 218 497
610 615 644 615 644 646 610 646
72 799 108 799 108 830 72 830
271 1315 308 1315 308 1346 271 1346
273 964 313 964 313 995 273 995
351 874 364 874 364 905 351 905
553 1263 573 1263 573 1294 553 1294
486 736 508 736 508 767 486 767
485 1356 509 1356 509 1387 485 1387
753 1322 781 1322 781 1353 753 1353
71 1135 104 1135 104 1166 71 1166
814 962 847 962 847 993 814 993
413 527 447 527 447 558 413 558
744 736 780 736 780 767 744 767
201 1320 238 1320 238 1351 201 1351
810 696 849 696 849 727 810 727
233 660 247 660 247 691 233 691
808 800 846 800 846 831 808 831
403 1077 442 1077 442 1108 403 1108
481 606 504 606 504 638 481 638
69 439 103 439 103 471 69 471
544 559 582 559 582 591 544 591
472 874 517 874 517 906 472 906
752 794 769 794 769 826 752 826
412 1330 439 1330 439 1362 412 1362
409 1255 441 1255 441 1287 409 1287
757 953 771 953 771 986 757 986
483 703 507 703 507 736 483 736
750 1289 776 1289 776 1322 750 1322
747 1106 777 1106 777 1139 747 1139
276 464 307 464 307 497 276 497
679 1003 713 1003 713 1036 679 1036
346 954 364 954 364 987 346 987
678 736 711 736 711 769 678 769
342 1108 367 1108 367 1141 342 1141
541 803 582 803 582 836 541 836
740 875 783 875 783 908 740 908
823 417 847 417 847 451 823 451
201 1192 234 1192 234 1226 201 1226
136 742 174 742 174 776 136 776
545 1318 585 1318 585 1352 545 1352
566 1209 576 1209 576 1243 566 1243
279 590 302 590 302 624 279 624
480 1089 503 1089 503 1123 480 1123
768 535 791 535 791 569 768 569
612 1312 648 1312 648 1346 612 1346
553 385 575 385 575 419 553 419
136 1108 169 1108 169 1142 136 1142
279 684 316 684 316 718 279 718
677 630 719 630 719 664 677 664
199 1356 243 1356 243 1390 199 1390
205 1040 238 1040 238 1075 205 1075
137 1079 177 1079 177 1114 137 1114
337 588 381 588 381 623 337 623
195 515 218 515 218 550 195 550
608 1162 659 1162 659 1197 608 1197
754 388 776 388 776 424 754 424
138 1209 162 1209 162 1245 138 1245
74 1073 105 1073 105 1109 74 1109
613 698 649 698 649 734 613 734
612 1038 654 1038 654 1074 612 1074
407 674 449 674 449 710 407 710
820 1110 847 1110 847 1146 820 1146
133 413 175 413 175 449 133 449
737 1348 782 1348 782 1384 737 1384
809 570 854 570 854 606 809 606
207 582 216 582 216 618 207 618
281 715 311 715 311 751 281 751
680 341 712 341 712 377 680 377
408 867 444 867 444 903 408 903
203 1009 239 1009 239 1045 203 1045
338 843 378 843 378 879 338 879
537 766 586 766 586 802 537 802
607 1277 646 1277 646 1314 607 1314
475 1167 519 1167 519 1204 475 1204
76 758 98 758 98 795 76 795
347 701 372 701 372 738 347 738
407 964 437 964 437 1001 407 1001
278 499 318 499 318 536 278 536
66 640 99 640 99 678 66 678
209 1158 231 1158 231 1196 209 1196
687 513 711 513 711 551 687 551
71 1168 99 1168 99 1206 71 1206
138 1001 168 1001 168 1039 138 1039
418 491 444 491 444 529 418 529
548 870 576 870 576 908 548 908
548 976 583 976 583 1014 548 1014
405 450 443 450 443 488 405 488
615 1001 654 1001 654 1039 615 1039
744 989 785 989 785 1027 744 1027
136 588 172 588 172 627 136 627
812 344 850 344 850 383 812 383
64 473 111 473 111 512 64 512
620 951 642 951 642 990 620 990
479 817 504 817 504 856 479 856
820 888 834 888 834 928 820 928
411 922 436 922 436 962 411 962
341 1193 367 1193 367 1233 341 1233
611 389 659 389 659 429 611 429
807 635 856 635 856 675 807 675
138 791 164 791 164 831 138 831
619 1095 651 1095 651 1135 619 1135
477 366 515 366 515 406 477 406
132 306 174 306 174 346 132 346
134 369 169 369 169 409 134 409
270 1348 312 1348 312 1388 270 1388
342 1233 374 1233 374 1274 342 1274
137 1040 169 1040 169 1081 137 1081
745 674 782 674 782 715 745 715
65 356 105 356 105 397 65 397
745 575 787 575 787 616 745 616
472 513 515 513 515 554 472 554
557 1014 574 1014 574 1056 557 1056
141 1167 168 1167 168 1209 141 1209
479 930 516 930 516 972 479 972
134 915 176 915 176 957 134 957
198 383 247 383 247 425 198 425
749 908 773 908 773 950 749 950
292 1177 318 1177 318 1219 292 1219
747 832 775 832 775 874 747 874
341 1277 379 1277 379 1319 341 1319
814 729 843 729 843 771 814 771
197 665 212 665 212 708 197 708
204 343 230 343 230 386 204 386
747 1193 777 1193 777 1236 747 1236
407 1288 450 1288 450 1331 407 1331
204 854 248 854 248 897 204 897
494 394 503 394 503 437 494 437
679 664 717 664 717 707 679 707
273 392 311 392 311 435 273 435
410 1211 440 1211 440 1254 410 1254
270 1275 314 1275 314 1318 270 1318
821 997 839 997 839 1041 821 1041
408 391 443 391 443 435 408 435
65 569 104 569 104 613 65 613
287 818 303 818 303 863 287 863
140 1247 165 1247 165 1292 140 1292
136 518 173 518 173 563 136 563
68 392 107 392 107 437 68 437
752 342 779 342 779 387 752 387
682 438 710 438 710 483 682 483
675 580 719 580 719 625 675 625
682 852 709 852 709 897 682 897
279 868 319 868 319 913 279 913
337 735 384 735 384 780 337 780
476 436 511 436 511 482 476 482
67 1202 118 1202 118 1248 67 1248
554 623 586 623 586 670 554 670
272 543 318 543 318 590 272 590
345 905 371 905 371 952 345 952
606 816 649 816 649 864 606 864
345 386 365 386 365 434 345 434
134 954 171 954 171 1002 134 1002
133 862 180 862 180 910 133 910
69 997 110 997 110 1046 69 1046
279 338 299 338 299 387 279 387
615 344 653 344 653 393 615 393
409 342 445 342 445 392 409 392
478 1000 512 1000 512 1051 478 1051
541 716 583 716 583 767 541 767
336 337 376 337 376 388 336 388
744 621 784 621 784 672 744 672
150 693 158 693 158 744 150 744
339 793 374 793 374 844 339 844
64 305 106 305 106 357 64 357
411 818 437 818 437 870 411 870
278 1097 317 1097 317 1149 278 1149
402 704 447 704 447 756 402 756
275 629 315 629 315 681 275 681
342 1055 371 1055 371 1108 342 1108
613 645 644 645 644 698 613 698
72 706 104 706 104 759 72 759
617 508 642 508 642 561 617 561
683 922 709 922 709 975 683 975
488 552 496 552 496 606 488 606
608 897 646 897 646 951 608 951
402 1166 449 1166 449 1220 402 1220
71 945 107 945 107 999 71 999
474 1231 514 1231 514 1285 474 1285
198 902 247 902 247 956 198 956
481 1124 505 1124 505 1179 481 1179
816 454 853 454 853 509 816 509
611 761 648 761 648 816 611 816
75 829 103 829 103 884 75 884
331 1146 379 1146 379 1201 331 1201
742 1023 784 1023 784 1079 742 1079
140 461 170 461 170 518 140 518
70 1336 113 1336 113 1393 70 1393
809 512 854 512 854 569 809 569
194 956 242 956 242 1014 194 1014
65 512 103 512 103 570 65 570
337 435 376 435 376 493 337 493
408 1106 434 1106 434 1166 408 1166
416 984 443 984 443 1044 416 1044
337 524 377 524 377 585 337 585
423 602 432 602 432 673 423 673
