819 1283 857 1283 857 1293 819 1293
328 669 371 669 371 679 328 679
688 481 718 481 718 498 688 498
401 1269 437 1269 437 1288 401 1288
688 630 708 630 708 650 688 650
552 653 574 653 574 673 552 673
415 1008 439 1008 439 1028 415 1028
265 624 293 624 293 644 265 644
761 722 783 722 783 742 761 742
59 1099 81 1099 81 1119 59 1119
471 1023 517 1023 517 1043 471 1043
757 294 778 294 778 315 757 315
482 641 505 641 505 662 482 662
822 765 845 765 845 786 822 786
554 1016 578 1016 578 1037 554 1037
133 763 147 763 147 785 133 785
693 421 707 421 707 443 693 443
410 357 433 357 433 379 410 379
130 1136 152 1136 152 1158 130 1158
198 611 224 611 224 633 198 633
59 1195 89 1195 89 1217 59 1217
694 1199 713 1199 713 1221 694 1221
412 695 434 695 434 717 412 717
761 1199 783 1199 783 1221 761 1221
409 1287 433 1287 433 1309 409 1309
131 661 156 661 156 683 131 683
558 1085 575 1085 575 1108 558 1108
55 1266 80 1266 80 1289 55 1289
696 362 708 362 708 385 696 385
398 1339 444 1339 444 1362 398 1362
337 823 353 823 353 847 337 847
58 659 82 659 82 683 58 683
116 1251 166 1251 166 1275 116 1275
415 1063 431 1063 431 1087 415 1087
414 753 431 753 431 777 414 777
483 920 508 920 508 944 483 944
761 867 782 867 782 891 761 891
689 1139 714 1139 714 1163 689 1163
839 293 868 293 868 317 839 317
818 356 859 356 859 380 818 380
342 289 363 289 363 314 342 314
410 1312 434 1312 434 1337 410 1337
487 1090 518 1090 518 1115 487 1115
202 687 233 687 233 712 202 712
749 1301 798 1301 798 1326 749 1326
204 540 222 540 222 566 204 566
828 447 849 447 849 473 828 473
688 852 712 852 712 878 688 878
759 592 786 592 786 618 759 618
52 1289 81 1289 81 1315 52 1315
337 883 361 883 361 909 337 909
828 1383 852 1383 852 1409 828 1409
678 1221 731 1221 731 1247 678 1247
767 663 780 663 780 690 767 690
411 631 430 631 430 658 411 658
197 763 221 763 221 790 197 790
128 1334 152 1334 152 1361 128 1361
621 333 645 333 645 360 621 360
259 702 310 702 310 729 259 729
132 599 150 599 150 627 132 627
132 1072 150 1072 150 1100 132 1100
411 1033 437 1033 437 1061 411 1061
128 1222 165 1222 165 1250 128 1250
413 1213 427 1213 427 1241 413 1241
336 794 360 794 360 822 336 822
554 811 579 811 579 839 554 839
482 664 508 664 508 692 482 692
55 1125 86 1125 86 1153 55 1153
331 353 365 353 365 381 331 381
470 1233 508 1233 508 1261 470 1261
472 696 513 696 513 724 472 724
123 689 164 689 164 717 123 717
479 571 495 571 495 599 479 599
480 848 498 848 498 876 480 876
58 331 78 331 78 359 58 359
126 903 153 903 153 931 126 931
544 494 590 494 590 522 544 522
412 720 436 720 436 749 412 749
687 506 713 506 713 535 687 535
688 387 715 387 715 416 688 416
683 1297 714 1297 714 1326 683 1326
472 1120 517 1120 517 1149 472 1149
413 939 429 939 429 968 413 968
260 373 296 373 296 402 260 402
472 949 514 949 514 978 472 978
749 933 794 933 794 962 749 962
544 882 593 882 593 911 544 911
323 634 373 634 373 663 323 663
694 948 708 948 708 978 694 978
341 1108 360 1108 360 1138 341 1138
56 844 83 844 83 874 56 874
751 391 796 391 796 421 751 421
342 532 358 532 358 562 342 562
127 787 149 787 149 817 127 817
480 293 506 293 506 323 480 323
341 1138 375 1138 375 1168 341 1168
468 331 515 331 515 361 468 361
759 782 776 782 776 813 759 813
409 289 428 289 428 320 409 320
760 464 786 464 786 495 760 495
824 901 850 901 850 932 824 932
824 935 851 935 851 966 824 966
52 685 84 685 84 716 52 716
538 711 584 711 584 742 538 742
829 381 851 381 851 412 829 412
754 691 791 691 791 722 754 722
819 1212 867 1212 867 1243 819 1243
693 1015 717 1015 717 1046 693 1046
831 1095 861 1095 861 1126 831 1126
472 1263 506 1263 506 1294 472 1294
115 1200 170 1200 170 1231 115 1231
59 588 76 588 76 620 59 620
825 691 844 691 844 723 825 723
689 328 712 328 712 360 689 360
399 1236 438 1236 438 1268 399 1268
552 780 574 780 574 812 552 812
688 1165 721 1165 721 1197 688 1197
124 1362 160 1362 160 1394 124 1394
816 1247 862 1247 862 1279 816 1279
397 380 448 380 448 412 397 412
52 876 91 876 91 909 52 909
540 677 585 677 585 710 540 710
542 911 591 911 591 944 542 944
485 1295 501 1295 501 1328 485 1328
550 1187 573 1187 573 1220 550 1220
552 370 579 370 579 403 552 403
332 909 369 909 369 942 332 942
331 1277 370 1277 370 1310 331 1310
399 549 443 549 443 582 399 582
553 1150 575 1150 575 1183 553 1183
825 866 849 866 849 899 825 899
403 319 435 319 435 352 403 352
195 794 232 794 232 827 195 827
472 1332 509 1332 509 1365 472 1365
676 913 724 913 724 946 676 946
829 413 847 413 847 447 829 447
130 286 150 286 150 320 130 320
127 325 150 325 150 359 127 359
331 315 372 315 372 349 331 349
685 879 720 879 720 913 685 913
820 474 857 474 857 508 820 508
750 1267 788 1267 788 1301 750 1301
696 1053 711 1053 711 1088 696 1088
757 744 781 744 781 779 757 779
482 1148 506 1148 506 1183 482 1183
822 789 847 789 847 824 822 824
124 932 163 932 163 967 124 967
826 1063 865 1063 865 1098 826 1098
554 405 581 405 581 440 554 440
263 844 298 844 298 879 263 879
818 512 855 512 855 547 818 547
548 841 586 841 586 876 548 876
678 702 717 702 717 737 678 737
684 292 725 292 725 327 684 327
117 623 162 623 162 658 117 658
552 580 572 580 572 615 552 615
757 1161 788 1161 788 1196 757 1196
263 538 297 538 297 573 263 573
546 946 589 946 589 981 546 981
614 403 658 403 658 438 614 438
120 197 158 197 158 233 120 233
128 360 166 360 166 396 128 396
46 920 99 920 99 956 46 956
826 319 847 319 847 355 826 355
46 1159 85 1159 85 1195 46 1195
114 233 165 233 165 269 114 269
757 498 790 498 790 535 757 535
541 614 578 614 578 651 541 651
404 864 448 864 448 901 404 901
52 1023 97 1023 97 1060 52 1060
537 237 587 237 587 274 537 274
339 1171 359 1171 359 1208 339 1208
409 410 435 410 435 447 409 447
753 893 788 893 788 930 753 930
333 846 370 846 370 883 333 883
544 974 585 974 585 1011 544 1011
761 351 797 351 797 388 761 388
122 1164 159 1164 159 1201 122 1201
751 1021 788 1021 788 1058 751 1058
262 885 303 885 303 922 262 922
118 499 167 499 167 536 118 536
256 332 309 332 309 369 256 369
546 1222 579 1222 579 1260 546 1260
46 1364 95 1364 95 1402 46 1402
340 596 358 596 358 634 340 634
828 1172 846 1172 846 1210 828 1210
332 561 366 561 366 599 332 599
402 964 438 964 438 1002 402 1002
476 722 514 722 514 760 476 760
118 1096 161 1096 161 1134 118 1134
691 739 707 739 707 778 691 778
548 331 572 331 572 370 548 370
410 775 445 775 445 814 410 814
680 586 717 586 717 625 680 625
820 966 858 966 858 1005 820 1005
678 775 720 775 720 814 678 814
401 656 444 656 444 695 401 695
682 1365 732 1365 732 1404 682 1404
554 1110 584 1110 584 1149 554 1149
475 876 507 876 507 915 475 915
472 598 506 598 506 637 472 637
478 979 513 979 513 1018 478 1018
684 974 721 974 721 1013 684 1013
49 615 89 615 89 654 49 654
467 808 517 808 517 847 467 847
47 757 97 757 97 796 47 796
554 290 570 290 570 329 554 329
122 405 157 405 157 444 122 444
53 1054 90 1054 90 1093 53 1093
260 646 303 646 303 685 260 685
603 293 666 293 666 332 603 332
826 1131 853 1131 853 1171 826 1171
821 827 854 827 854 867 821 867
130 820 164 820 164 860 130 860
752 621 797 621 797 661 752 661
553 741 584 741 584 781 553 781
757 420 789 420 789 460 757 460
193 340 226 340 226 380 193 380
122 863 155 863 155 903 122 903
400 899 445 899 445 939 400 939
189 439 242 439 242 479 189 479
195 566 228 566 228 607 195 607
814 720 853 720 853 761 814 761
334 1203 377 1203 377 1244 334 1244
49 360 98 360 98 401 49 401
262 497 307 497 307 538 262 538
195 288 224 288 224 330 195 330
749 315 794 315 794 357 749 357
682 439 729 439 729 481 682 481
759 1226 785 1226 785 1268 759 1268
685 542 723 542 723 584 685 584
817 1342 864 1342 864 1384 817 1384
466 1362 519 1362 519 1404 466 1404
471 529 510 529 510 572 471 572
260 409 302 409 302 452 260 452
334 1309 379 1309 379 1352 334 1352
749 1361 796 1361 796 1404 749 1404
612 362 662 362 662 405 612 405
811 547 867 547 867 590 811 590
271 923 291 923 291 966 271 966
58 800 85 800 85 843 58 843
336 436 378 436 378 479 336 479
400 1133 442 1133 442 1176 400 1176
47 288 98 288 98 331 47 331
687 809 713 809 713 852 687 852
268 451 294 451 294 494 268 494
407 451 436 451 436 494 407 494
270 573 289 573 289 617 270 617
404 1355 451 1355 451 1399 404 1399
543 445 590 445 590 489 543 489
55 1220 77 1220 77 1264 55 1264
470 762 514 762 514 806 470 806
546 1039 592 1039 592 1083 546 1083
470 429 517 429 517 473 470 473
747 1324 801 1324 801 1368 747 1368
350 1230 358 1230 358 1275 350 1275
70 720 80 720 80 765 70 765
403 499 437 499 437 544 403 544
259 284 310 284 310 329 259 329
46 1316 91 1316 91 1361 46 1361
48 451 95 451 95 496 48 496
339 1353 367 1353 367 1398 339 1398
50 549 89 549 89 594 50 594
121 723 162 723 162 768 121 768
474 1045 522 1045 522 1091 474 1091
118 448 166 448 166 494 118 494
410 816 432 816 432 862 410 862
478 1185 515 1185 515 1231 478 1231
193 386 241 386 241 432 193 432
678 1248 730 1248 730 1294 678 1294
626 439 645 439 645 486 626 486
750 1114 797 1114 797 1161 750 1161
53 404 88 404 88 451 53 451
472 479 514 479 514 526 472 526
815 1295 862 1295 862 1342 815 1342
679 654 712 654 712 702 679 702
335 1057 370 1057 370 1105 335 1105
408 1169 432 1169 432 1217 408 1217
401 1081 435 1081 435 1129 401 1129
261 729 308 729 308 777 261 777
760 538 788 538 788 587 760 587
815 1007 858 1007 858 1056 815 1056
329 483 377 483 377 532 329 532
199 714 219 714 219 763 199 763
404 584 444 584 444 633 404 633
328 686 375 686 375 735 328 735
180 211 233 211 233 260 180 260
767 968 775 968 775 1018 767 1018
338 945 367 945 367 995 338 995
48 498 94 498 94 548 48 548
816 647 859 647 859 698 816 698
199 634 224 634 224 685 199 685
541 526 580 526 580 578 541 578
117 1019 164 1019 164 1071 117 1071
475 364 515 364 515 416 475 416
757 814 792 814 792 867 757 867
122 967 169 967 169 1020 122 1020
747 1061 795 1061 795 1115 747 1115
332 734 369 734 369 788 332 788
331 380 364 380 364 435 331 435
684 1082 728 1082 728 1137 684 1137
256 779 306 779 306 836 256 836
324 999 372 999 372 1057 324 1057
818 589 859 589 859 648 818 648
193 476 236 476 236 535 193 535
116 1275 165 1275 165 1334 116 1334
119 532 164 532 164 597 119 597
48 954 97 954 97 1022 48 1022
