100 716 111 716 111 723 100 723
224 1216 234 1216 234 1225 224 1225
426 980 446 980 446 991 426 991
576 976 589 976 589 988 576 988
830 1120 856 1120 856 1132 830 1132
95 1332 109 1332 109 1344 95 1344
45 1228 65 1228 65 1240 45 1240
133 905 160 905 160 919 133 919
126 1256 177 1256 177 1270 126 1270
57 755 71 755 71 770 57 770
427 1147 445 1147 445 1163 427 1163
408 385 436 385 436 401 408 401
195 486 224 486 224 502 195 502
541 382 588 382 588 398 541 398
417 366 430 366 430 382 417 382
562 852 580 852 580 868 562 868
127 1379 173 1379 173 1395 127 1395
414 726 432 726 432 742 414 742
420 1352 438 1352 438 1369 420 1369
427 1217 445 1217 445 1234 427 1234
428 902 453 902 453 919 428 919
133 1049 163 1049 163 1066 133 1066
761 1394 793 1394 793 1411 761 1411
564 1325 582 1325 582 1342 564 1342
66 972 84 972 84 989 66 989
59 450 87 450 87 467 59 467
348 1320 366 1320 366 1338 348 1338
837 812 856 812 856 830 837 830
430 928 444 928 444 946 430 946
347 551 365 551 365 569 347 569
64 1378 82 1378 82 1396 64 1396
346 964 364 964 364 982 346 982
824 1249 870 1249 870 1267 824 1267
129 1338 164 1338 164 1356 129 1356
338 1339 375 1339 375 1357 338 1357
425 1100 446 1100 446 1119 425 1119
543 439 589 439 589 458 543 458
821 1101 871 1101 871 1120 821 1120
60 798 71 798 71 817 60 817
92 776 104 776 104 795 92 795
84 1133 102 1133 102 1152 84 1152
49 818 76 818 76 837 49 837
263 510 302 510 302 529 263 529
698 814 713 814 713 834 698 834
425 953 445 953 445 973 425 973
772 1084 784 1084 784 1104 772 1104
410 463 438 463 438 483 410 483
834 482 853 482 853 502 834 502
79 1287 104 1287 104 1307 79 1307
155 1386 163 1386 163 1407 155 1407
482 830 521 830 521 851 482 851
68 393 78 393 78 414 68 414
419 773 437 773 437 794 419 794
142 1312 161 1312 161 1333 142 1333
345 612 364 612 364 633 345 633
82 1239 103 1239 103 1260 82 1260
133 1357 155 1357 155 1378 133 1378
132 442 166 442 166 463 132 463
429 1125 444 1125 444 1147 429 1147
349 1359 367 1359 367 1381 349 1381
825 501 851 501 851 523 825 523
134 850 163 850 163 872 134 872
754 740 797 740 797 762 754 762
848 461 855 461 855 483 848 483
564 1267 577 1267 577 1289 564 1289
142 791 158 791 158 813 142 813
556 462 575 462 575 484 556 484
274 725 301 725 301 747 274 747
80 1216 110 1216 110 1238 80 1238
421 826 437 826 437 849 421 849
416 437 435 437 435 460 416 460
422 1163 446 1163 446 1186 422 1186
548 486 577 486 577 509 548 509
54 639 65 639 65 662 54 662
561 791 575 791 575 814 561 814
136 957 153 957 153 980 136 980
692 326 713 326 713 349 692 349
489 729 505 729 505 752 489 752
344 363 365 363 365 386 344 386
334 1381 376 1381 376 1404 334 1404
346 489 362 489 362 513 346 513
207 645 224 645 224 669 207 669
768 1270 786 1270 786 1294 768 1294
208 889 226 889 226 913 208 913
693 1385 716 1385 716 1409 693 1409
49 731 76 731 76 755 49 755
80 1307 107 1307 107 1331 80 1331
767 364 781 364 781 388 767 388
415 666 430 666 430 690 415 690
765 969 783 969 783 993 765 993
758 1031 787 1031 787 1055 758 1055
829 1269 860 1269 860 1293 829 1293
77 1260 110 1260 110 1284 77 1284
45 1196 64 1196 64 1221 45 1221
197 809 231 809 231 834 197 834
553 874 587 874 587 899 553 899
203 615 238 615 238 640 203 640
68 908 80 908 80 933 68 933
419 1293 437 1293 437 1318 419 1318
273 992 303 992 303 1017 273 1017
831 1037 851 1037 851 1062 831 1062
485 860 515 860 515 885 485 885
334 334 367 334 367 359 334 359
131 1098 166 1098 166 1123 131 1123
350 896 364 896 364 922 350 922
347 669 368 669 368 695 347 695
46 611 75 611 75 637 46 637
408 747 446 747 446 773 408 773
541 509 584 509 584 535 541 535
276 330 289 330 289 356 276 356
488 456 503 456 503 482 488 482
65 419 86 419 86 445 65 445
335 990 370 990 370 1016 335 1016
683 357 719 357 719 383 683 383
482 926 523 926 523 952 482 952
764 714 785 714 785 741 764 741
423 1189 450 1189 450 1216 423 1216
762 1208 791 1208 791 1235 762 1235
272 958 309 958 309 985 272 985
143 466 156 466 156 493 143 493
768 904 784 904 784 931 768 931
836 750 854 750 854 777 836 777
700 1098 718 1098 718 1125 700 1125
694 434 715 434 715 461 694 461
830 380 851 380 851 407 830 407
135 566 158 566 158 593 135 593
47 771 77 771 77 798 47 798
410 795 445 795 445 822 410 822
86 678 111 678 111 705 86 705
85 651 110 651 110 678 85 678
48 1133 73 1133 73 1160 48 1160
827 932 860 932 860 959 827 959
547 899 586 899 586 926 547 926
351 1259 365 1259 365 1287 351 1287
557 675 578 675 578 703 557 703
132 927 169 927 169 955 132 955
770 1330 786 1330 786 1358 770 1358
350 1108 367 1108 367 1136 350 1136
201 1039 230 1039 230 1067 201 1067
334 635 367 635 367 663 334 663
404 406 440 406 440 434 404 434
273 871 309 871 309 899 273 899
49 1167 63 1167 63 1196 49 1196
494 1068 509 1068 509 1097 494 1097
765 1178 785 1178 785 1207 765 1207
344 577 364 577 364 606 344 606
56 330 87 330 87 359 56 359
124 873 165 873 165 902 124 902
404 947 420 947 420 976 404 976
127 331 166 331 166 360 127 360
628 522 646 522 646 551 628 551
835 905 853 905 853 934 835 934
830 1378 848 1378 848 1407 830 1407
836 1180 855 1180 855 1209 836 1209
490 959 511 959 511 988 490 988
82 1186 105 1186 105 1215 82 1215
197 672 230 672 230 701 197 701
757 467 792 467 792 496 757 496
434 1031 445 1031 445 1061 434 1061
764 1103 787 1103 787 1133 764 1133
342 1138 375 1138 375 1168 342 1168
686 557 721 557 721 587 686 587
54 1340 97 1340 97 1370 54 1370
46 1248 67 1248 67 1278 46 1278
48 665 77 665 77 695 48 695
79 1153 108 1153 108 1183 79 1183
480 754 511 754 511 784 480 784
822 960 862 960 862 990 822 990
67 1062 82 1062 82 1093 67 1093
199 502 227 502 227 533 199 533
199 538 236 538 236 569 199 569
194 1112 234 1112 234 1143 194 1143
271 1119 311 1119 311 1150 271 1150
762 683 790 683 790 714 762 714
128 1066 169 1066 169 1097 128 1097
689 1351 730 1351 730 1382 689 1382
140 1012 156 1012 156 1043 140 1043
764 1358 790 1358 790 1389 764 1389
341 1288 373 1288 373 1319 341 1319
340 387 373 387 373 418 340 418
408 691 441 691 441 722 408 722
58 992 95 992 95 1023 58 1023
480 1097 520 1097 520 1128 480 1128
397 484 438 484 438 515 397 515
402 633 445 633 445 664 402 664
702 1033 725 1033 725 1065 702 1065
415 1371 442 1371 442 1403 415 1403
762 1294 791 1294 791 1326 762 1326
555 1144 587 1144 587 1176 555 1176
129 491 163 491 163 523 129 523
52 1278 64 1278 64 1310 52 1310
273 797 295 797 295 829 273 829
51 696 74 696 74 728 51 728
410 1318 449 1318 449 1350 410 1350
335 424 375 424 375 456 335 456
268 834 315 834 315 866 268 866
146 817 160 817 160 850 146 850
555 1289 585 1289 585 1322 555 1322
622 489 653 489 653 522 622 522
827 778 859 778 859 811 827 811
688 1065 723 1065 723 1098 688 1098
549 756 589 756 589 789 549 789
616 326 657 326 657 359 616 359
830 1346 847 1346 847 1379 830 1379
830 834 855 834 855 867 830 867
762 594 791 594 791 627 762 627
406 597 439 597 439 630 406 630
335 513 372 513 372 546 335 546
59 842 97 842 97 875 59 875
480 655 519 655 519 688 480 688
54 875 93 875 93 908 54 908
198 1143 240 1143 240 1176 198 1176
758 389 787 389 787 422 758 422
691 999 721 999 721 1032 691 1032
760 931 794 931 794 964 760 964
818 523 858 523 858 556 818 556
64 359 82 359 82 393 64 393
692 836 718 836 718 870 692 870
616 404 656 404 656 438 616 438
478 625 519 625 519 659 478 659
768 557 782 557 782 591 768 591
338 695 371 695 371 729 338 729
553 814 587 814 587 848 553 848
133 628 176 628 176 662 133 662
126 366 173 366 173 400 126 400
88 799 107 799 107 834 88 834
561 988 584 988 584 1023 561 1023
200 705 225 705 225 740 200 740
423 1062 453 1062 453 1097 423 1097
132 711 164 711 164 746 132 746
410 556 446 556 446 591 410 591
338 924 374 924 374 959 338 959
616 590 653 590 653 625 616 625
551 590 590 590 590 625 551 625
415 849 444 849 444 884 415 884
757 994 790 994 790 1029 757 1029
130 593 169 593 169 628 130 628
57 1093 90 1093 90 1128 57 1128
266 534 300 534 300 569 266 569
133 402 169 402 169 437 133 437
136 1177 173 1177 173 1212 136 1212
756 328 794 328 794 363 756 363
757 1137 796 1137 796 1172 757 1172
58 561 100 561 100 596 58 596
49 468 92 468 92 503 49 503
206 1002 223 1002 223 1038 206 1038
484 886 516 886 516 922 484 922
482 788 518 788 518 824 482 824
337 736 374 736 374 772 337 772
222 960 230 960 230 996 222 996
628 552 646 552 646 588 628 588
833 867 854 867 854 903 833 903
692 961 715 961 715 997 692 997
401 902 425 902 425 938 401 938
85 614 110 614 110 650 85 650
694 1125 718 1125 718 1162 694 1162
757 805 796 805 796 842 757 842
402 519 443 519 443 556 402 556
562 1105 580 1105 580 1142 562 1142
696 676 724 676 724 713 696 713
758 841 794 841 794 878 758 878
479 416 508 416 508 453 479 453
829 1063 859 1063 859 1100 829 1100
266 611 298 611 298 648 266 648
132 525 166 525 166 562 132 562
337 1070 373 1070 373 1107 337 1107
824 994 863 994 863 1031 824 1031
337 862 378 862 378 899 337 899
826 609 864 609 864 647 826 647
197 1177 235 1177 235 1215 197 1215
194 1228 234 1228 234 1266 194 1266
835 1210 853 1210 853 1249 835 1249
481 483 510 483 510 522 481 522
548 399 577 399 577 438 548 438
266 357 297 357 297 396 266 396
59 932 94 932 94 971 59 971
480 1029 520 1029 520 1068 480 1068
194 1321 239 1321 239 1360 194 1360
704 1313 722 1313 722 1352 704 1352
759 1234 798 1234 798 1273 759 1273
130 980 166 980 166 1019 130 1019
404 334 444 334 444 373 404 373
126 751 170 751 170 790 126 790
821 1297 869 1297 869 1337 821 1337
633 362 640 362 640 402 633 402
691 466 717 466 717 506 691 506
141 1213 170 1213 170 1254 141 1254
689 631 721 631 721 672 689 672
689 1271 722 1271 722 1312 689 1312
338 1217 379 1217 379 1258 338 1258
193 1071 236 1071 236 1112 193 1112
55 1024 91 1024 91 1065 55 1065
755 1055 791 1055 791 1096 755 1096
757 424 794 424 794 465 757 465
270 1021 310 1021 310 1062 270 1062
702 918 709 918 709 959 702 959
269 459 299 459 299 501 269 501
477 330 509 330 509 372 477 372
551 1231 589 1231 589 1273 551 1273
552 630 591 630 591 672 552 672
540 284 582 284 582 326 540 326
546 711 590 711 590 754 546 754
683 588 732 588 732 631 683 631
200 1360 227 1360 227 1403 200 1403
198 569 234 569 234 612 198 612
198 916 237 916 237 959 198 959
478 687 522 687 522 730 478 730
562 1026 578 1026 578 1070 562 1070
337 453 366 453 366 497 337 497
337 815 380 815 380 859 337 859
821 1136 862 1136 862 1180 821 1180
566 929 586 929 586 974 566 974
190 434 230 434 230 479 190 479
51 283 91 283 91 328 51 328
399 284 440 284 440 329 399 329
267 749 309 749 309 794 267 794
150 1265 155 1265 155 1310 150 1310
129 665 169 665 169 710 129 710
337 1170 386 1170 386 1215 337 1215
83 724 114 724 114 770 83 770
337 772 377 772 377 818 337 818
501 989 511 989 511 1036 501 1036
761 873 788 873 788 920 761 920
270 409 302 409 302 456 270 456
687 875 727 875 727 922 687 922
541 332 580 332 580 379 541 379
340 1021 381 1021 381 1068 340 1068
684 1223 728 1223 728 1270 684 1270
692 1170 727 1170 727 1218 692 1218
617 438 657 438 657 486 617 486
683 506 727 506 727 554 683 554
266 1065 307 1065 307 1113 266 1113
129 1127 171 1127 171 1175 129 1175
406 976 422 976 422 1025 406 1025
828 412 859 412 859 461 828 461
826 714 858 714 858 763 826 763
189 380 231 380 231 429 189 429
476 571 517 571 517 620 476 620
191 330 227 330 227 380 191 380
408 1241 447 1241 447 1291 408 1291
772 754 778 754 778 805 772 805
199 835 235 835 235 886 199 886
552 537 577 537 577 589 552 589
763 628 788 628 788 680 763 680
829 557 855 557 855 609 829 609
852 1334 859 1334 859 1387 852 1387
556 1177 585 1177 585 1230 556 1230
560 1054 577 1054 577 1107 560 1107
757 500 787 500 787 553 757 553
697 714 718 714 718 768 697 768
819 325 861 325 861 379 819 379
543 1351 589 1351 589 1406 543 1406
268 900 306 900 306 955 268 955
60 504 84 504 84 561 60 561
824 653 862 653 862 714 824 714
200 740 237 740 237 805 200 805
