600 989 638 989 638 999 600 999
813 547 841 547 841 562 813 562
187 1391 215 1391 215 1407 187 1407
334 1362 366 1362 366 1378 334 1378
400 650 419 650 419 668 400 668
260 702 280 702 280 720 260 720
749 629 769 629 769 648 749 648
260 1037 280 1037 280 1056 260 1056
679 747 701 747 701 766 679 766
266 760 292 760 292 779 266 779
466 620 487 620 487 640 466 640
455 860 478 860 478 880 455 880
329 657 350 657 350 677 329 677
808 661 847 661 847 681 808 681
341 1383 363 1383 363 1403 341 1403
542 810 555 810 555 831 542 831
395 828 424 828 424 849 395 849
683 1012 699 1012 699 1034 683 1034
322 344 360 344 360 366 322 366
535 711 561 711 561 733 535 733
489 1035 516 1035 516 1057 489 1057
464 303 502 303 502 326 464 326
185 1147 210 1147 210 1170 185 1170
124 475 142 475 142 499 124 499
55 1273 76 1273 76 1297 55 1297
183 502 219 502 219 526 183 526
749 832 768 832 768 856 749 856
259 825 277 825 277 850 259 850
487 897 516 897 516 922 487 922
605 1102 635 1102 635 1127 605 1127
296 224 327 224 327 249 296 249
390 308 429 308 429 333 390 333
816 371 836 371 836 396 816 396
607 889 633 889 633 914 607 914
479 825 514 825 514 850 479 850
527 684 565 684 565 709 527 709
669 818 710 818 710 843 669 843
471 747 493 747 493 773 471 773
813 516 836 516 836 542 813 542
682 842 700 842 700 868 682 868
330 810 349 810 349 836 330 836
115 904 137 904 137 930 115 930
742 651 779 651 779 677 742 677
666 1096 711 1096 711 1122 666 1122
545 872 563 872 563 898 545 898
258 634 277 634 277 661 258 661
607 919 626 919 626 946 607 946
262 1153 279 1153 279 1180 262 1180
258 971 280 971 280 998 258 998
402 222 435 222 435 249 402 249
186 1276 219 1276 219 1303 186 1303
324 407 358 407 358 434 324 434
124 370 138 370 138 398 124 398
186 1039 205 1039 205 1067 186 1067
747 561 764 561 764 589 747 589
609 1197 627 1197 627 1225 609 1225
332 1068 352 1068 352 1096 332 1096
260 455 282 455 282 483 260 483
400 795 422 795 422 823 400 823
45 1188 96 1188 96 1216 45 1216
46 927 73 927 73 955 46 955
467 374 502 374 502 402 467 402
114 1265 159 1265 159 1293 114 1293
612 584 631 584 631 613 612 613
467 554 487 554 487 583 467 583
51 1299 84 1299 84 1328 51 1328
187 1356 221 1356 221 1385 187 1385
464 644 495 644 495 673 464 673
673 1068 706 1068 706 1097 673 1097
114 436 153 436 153 465 114 465
682 914 723 914 723 943 682 943
457 921 479 921 479 951 457 951
747 797 771 797 771 827 747 827
252 423 287 423 287 453 252 453
336 907 377 907 377 937 336 937
110 1231 153 1231 153 1261 110 1261
179 927 224 927 224 957 179 957
374 221 399 221 399 251 374 251
468 254 497 254 497 284 468 284
671 986 713 986 713 1016 671 1016
613 453 631 453 631 484 613 484
49 718 70 718 70 749 49 749
183 1003 212 1003 212 1034 183 1034
678 716 709 716 709 747 678 747
605 517 637 517 637 548 605 548
326 838 358 838 358 869 326 869
465 779 498 779 498 810 465 810
326 1097 361 1097 361 1128 326 1128
181 456 223 456 223 487 181 487
321 938 365 938 365 969 321 969
491 974 503 974 503 1005 491 1005
328 588 347 588 347 619 328 619
540 736 564 736 564 767 540 767
442 218 467 218 467 249 442 249
328 221 365 221 365 252 328 252
115 542 152 542 152 573 115 573
672 687 713 687 713 718 672 718
462 673 510 673 510 704 462 704
489 860 505 860 505 891 489 891
338 1297 356 1297 356 1328 338 1328
194 749 215 749 215 780 194 780
337 250 364 250 364 281 337 281
747 727 777 727 777 758 747 758
816 687 846 687 846 718 816 718
678 303 709 303 709 334 678 334
45 1387 85 1387 85 1418 45 1418
326 1002 366 1002 366 1033 326 1033
387 850 428 850 428 881 387 881
58 1329 77 1329 77 1361 58 1361
609 1164 634 1164 634 1196 609 1196
609 1130 635 1130 635 1162 609 1162
253 856 284 856 284 888 253 888
742 254 778 254 778 286 742 286
184 861 222 861 222 893 184 893
669 598 714 598 714 630 669 630
456 822 472 822 472 854 456 854
46 750 75 750 75 782 46 782
607 549 637 549 637 581 607 581
814 726 847 726 847 758 814 758
182 1245 218 1245 218 1277 182 1277
250 727 290 727 290 759 250 759
681 211 703 211 703 244 681 244
608 856 631 856 631 889 608 889
43 329 76 329 76 362 43 362
484 1002 517 1002 517 1035 484 1035
535 900 570 900 570 933 535 933
55 442 70 442 70 475 55 475
191 1173 212 1173 212 1206 191 1206
397 340 421 340 421 373 397 373
257 1181 288 1181 288 1214 257 1214
808 438 850 438 850 471 808 471
603 1226 635 1226 635 1259 603 1259
328 1328 361 1328 361 1361 328 1361
738 486 779 486 779 519 738 519
45 1360 88 1360 88 1393 45 1393
109 1068 154 1068 154 1101 109 1101
604 947 634 947 634 981 604 981
469 218 499 218 499 252 469 252
605 1345 640 1345 640 1379 605 1379
256 486 286 486 286 520 256 520
330 1035 353 1035 353 1070 330 1070
185 372 216 372 216 407 185 407
41 786 81 786 81 821 41 821
677 870 707 870 707 905 677 905
322 369 357 369 357 404 322 404
43 892 80 892 80 927 43 927
252 997 290 997 290 1032 252 1032
185 337 223 337 223 372 185 372
320 618 358 618 358 653 320 653
394 251 435 251 435 286 394 286
746 858 775 858 775 893 746 893
49 595 86 595 86 630 49 630
113 863 152 863 152 898 113 898
113 742 157 742 157 777 113 777
534 773 566 773 566 809 534 809
743 591 779 591 779 627 743 627
114 332 146 332 146 368 114 368
601 615 637 615 637 651 601 651
46 473 83 473 83 509 46 509
602 695 641 695 641 731 602 731
605 1375 646 1375 646 1411 605 1411
261 387 275 387 275 424 261 424
812 397 831 397 831 434 812 434
187 1208 219 1208 219 1245 187 1245
392 608 430 608 430 645 392 645
323 304 360 304 360 341 323 341
601 482 641 482 641 519 601 519
390 573 432 573 432 610 390 610
324 1173 366 1173 366 1210 324 1210
468 330 492 330 492 368 468 368
750 756 780 756 780 794 750 794
48 362 82 362 82 400 48 400
115 820 150 820 150 858 115 858
118 978 154 978 154 1016 118 1016
185 677 223 677 223 715 185 715
178 531 222 531 222 569 178 569
450 884 478 884 478 922 450 922
601 816 636 816 636 854 601 854
251 659 289 659 289 697 251 697
249 1116 287 1116 287 1154 249 1154
175 891 216 891 216 929 175 929
176 717 224 717 224 755 176 755
332 728 344 728 344 767 332 767
676 1032 702 1032 702 1071 676 1071
808 329 841 329 841 368 808 368
460 577 497 577 497 616 460 616
601 776 638 776 638 815 601 815
110 778 148 778 148 817 110 817
118 1104 156 1104 156 1143 118 1143
324 767 365 767 365 806 324 806
39 959 81 959 81 998 39 998
197 1107 206 1107 206 1146 197 1146
680 380 700 380 700 419 680 419
679 336 709 336 709 375 679 375
533 388 567 388 567 427 533 427
116 501 154 501 154 540 116 540
40 817 78 817 78 856 40 856
608 1306 630 1306 630 1346 608 1346
47 402 85 402 85 442 47 442
252 345 291 345 291 385 252 385
598 652 643 652 643 692 598 692
752 357 766 357 766 398 752 398
542 935 560 935 560 976 542 976
181 410 220 410 220 451 181 451
113 1192 154 1192 154 1233 113 1233
177 1071 223 1071 223 1112 177 1112
324 1257 371 1257 371 1298 324 1298
743 394 780 394 780 435 743 435
117 1334 156 1334 156 1375 117 1375
44 1002 85 1002 85 1043 44 1043
259 783 273 783 273 825 259 825
192 781 207 781 207 823 192 823
388 532 428 532 428 574 388 574
529 343 572 343 572 385 529 385
810 471 845 471 845 513 810 513
43 632 82 632 82 674 43 674
47 1145 88 1145 88 1187 47 1187
190 956 204 956 204 999 190 999
117 1290 153 1290 153 1333 117 1333
39 676 80 676 80 719 39 719
674 244 717 244 717 287 674 287
474 699 497 699 497 742 474 742
805 567 843 567 843 610 805 610
326 1134 367 1134 367 1177 326 1177
390 429 434 429 434 472 390 472
527 586 575 586 575 629 527 629
254 299 291 299 291 342 254 342
250 933 289 933 289 976 250 976
461 512 501 512 501 555 461 555
599 733 640 733 640 776 599 776
596 1005 640 1005 640 1048 596 1048
459 409 504 409 504 452 459 452
391 379 418 379 418 423 391 423
115 637 151 637 151 681 115 681
249 527 291 527 291 571 249 571
319 437 364 437 364 481 319 481
180 819 230 819 230 863 180 863
673 433 717 433 717 477 673 477
321 968 373 968 373 1012 321 1012
119 1367 156 1367 156 1412 119 1412
742 208 781 208 781 253 742 253
804 616 845 616 845 661 804 661
117 390 158 390 158 435 117 435
43 549 87 549 87 594 43 594
739 438 784 438 784 483 739 483
112 1143 160 1143 160 1188 112 1188
248 1063 300 1063 300 1108 248 1108
461 953 476 953 476 998 461 998
607 1261 635 1261 635 1306 607 1306
322 866 364 866 364 911 322 911
749 681 775 681 775 727 749 727
319 683 366 683 366 729 319 729
47 510 82 510 82 556 47 556
109 933 148 933 148 979 109 979
319 542 361 542 361 588 319 588
179 1309 226 1309 226 1355 179 1355
483 924 516 924 516 971 483 971
115 589 149 589 149 636 115 636
330 1213 364 1213 364 1260 330 1260
247 888 297 888 297 935 247 935
673 770 705 770 705 817 673 817
740 519 776 519 776 566 740 566
603 409 642 409 642 456 603 456
44 1097 84 1097 84 1144 44 1144
39 852 67 852 67 900 39 900
679 941 704 941 704 990 679 990
49 1047 99 1047 99 1096 49 1096
525 538 573 538 573 588 525 588
671 484 713 484 713 534 671 534
599 1051 644 1051 644 1101 599 1101
109 1020 155 1020 155 1070 109 1070
529 821 579 821 579 872 529 872
527 427 566 427 566 478 527 478
320 490 359 490 359 541 320 541
745 305 777 305 777 357 745 357
179 629 221 629 221 681 179 681
394 676 429 676 429 729 394 729
248 573 297 573 297 627 248 627
668 630 712 630 712 685 668 685
544 482 553 482 553 537 544 537
458 456 501 456 501 511 458 511
527 622 572 622 572 678 527 678
392 476 429 476 429 533 392 533
111 693 147 693 147 750 111 750
604 342 651 342 651 401 604 401
676 533 708 533 708 593 676 593
