683 1245 703 1245 703 1256 683 1256
815 646 830 646 830 658 815 658
818 409 838 409 838 421 818 421
748 1382 769 1382 769 1396 748 1396
77 520 100 520 100 534 77 534
823 390 836 390 836 404 823 404
729 646 760 646 760 660 729 660
729 1115 758 1115 758 1130 729 1130
393 1091 438 1091 438 1106 393 1106
265 1117 283 1117 283 1132 265 1132
82 761 113 761 113 776 82 776
461 1285 496 1285 496 1300 461 1300
788 357 806 357 806 373 788 373
61 1190 82 1190 82 1207 61 1207
84 921 109 921 109 938 84 938
469 833 489 833 489 851 469 851
52 954 72 954 72 972 52 972
392 575 423 575 423 593 392 593
324 508 357 508 357 526 324 526
603 1304 623 1304 623 1322 603 1322
258 552 289 552 289 570 258 570
820 310 835 310 835 328 820 328
603 307 622 307 622 325 603 325
338 1308 354 1308 354 1327 338 1327
123 1008 160 1008 160 1027 123 1027
131 1339 158 1339 158 1358 131 1358
52 745 66 745 66 765 52 765
132 738 152 738 152 758 132 758
133 1215 154 1215 154 1235 133 1235
530 976 559 976 559 996 530 996
79 874 110 874 110 894 79 894
472 947 489 947 489 967 472 967
534 831 554 831 554 851 534 851
55 724 72 724 72 744 55 744
68 1306 86 1306 86 1326 68 1326
402 552 420 552 420 572 402 572
85 1028 104 1028 104 1048 85 1048
803 821 823 821 823 841 803 841
602 985 623 985 623 1005 602 1005
46 975 77 975 77 995 46 995
598 1007 632 1007 632 1027 598 1027
94 936 107 936 107 957 94 957
56 930 72 930 72 951 56 951
675 974 693 974 693 995 675 995
264 371 284 371 284 392 264 392
535 417 556 417 556 438 535 438
605 652 628 652 628 673 605 673
324 934 358 934 358 955 324 955
265 324 276 324 276 345 265 345
802 767 817 767 817 788 802 788
536 1288 555 1288 555 1309 536 1309
469 1002 489 1002 489 1023 469 1023
671 792 693 792 693 813 671 813
409 1346 423 1346 423 1368 409 1368
403 1324 423 1324 423 1346 403 1346
324 361 349 361 349 383 324 383
529 449 561 449 561 471 529 471
736 812 757 812 757 834 736 834
786 334 808 334 808 356 786 356
334 570 351 570 351 592 334 592
78 737 110 737 110 759 78 759
737 923 753 923 753 946 737 946
602 455 628 455 628 478 602 478
528 1263 564 1263 564 1286 528 1286
659 848 699 848 699 871 659 871
336 1045 354 1045 354 1068 336 1068
194 586 216 586 216 609 194 609
47 518 71 518 71 541 47 541
525 859 566 859 566 882 525 882
144 1160 153 1160 153 1183 144 1183
822 456 836 456 836 479 822 479
403 400 419 400 419 423 403 423
267 1091 284 1091 284 1114 267 1114
602 1251 620 1251 620 1274 602 1274
328 306 348 306 348 329 328 329
191 613 213 613 213 636 191 636
45 661 72 661 72 684 45 684
670 308 700 308 700 331 670 331
392 634 426 634 426 657 392 657
600 331 617 331 617 355 600 355
49 494 67 494 67 518 49 518
135 1311 155 1311 155 1335 135 1335
536 947 557 947 557 971 536 971
735 735 760 735 760 759 735 759
329 757 356 757 356 781 329 781
604 774 623 774 623 798 604 798
606 429 626 429 626 453 606 453
598 1058 626 1058 626 1082 598 1082
659 1034 704 1034 704 1058 659 1058
401 1193 421 1193 421 1218 401 1218
530 608 557 608 557 633 530 633
320 1019 360 1019 360 1044 320 1044
525 996 566 996 566 1021 525 1021
462 1203 497 1203 497 1228 462 1228
180 417 231 417 231 442 180 442
728 1191 759 1191 759 1216 728 1216
528 514 561 514 561 539 528 539
322 823 356 823 356 848 322 848
64 1370 110 1370 110 1395 64 1395
81 535 99 535 99 561 81 561
264 667 285 667 285 693 264 693
601 1106 623 1106 623 1132 601 1132
464 735 487 735 487 761 464 761
81 592 105 592 105 618 81 618
787 402 812 402 812 428 787 428
261 856 286 856 286 882 261 882
599 1328 632 1328 632 1354 599 1354
322 615 362 615 362 641 322 641
123 1025 163 1025 163 1051 123 1051
591 478 637 478 637 504 591 504
89 894 107 894 107 920 89 920
458 405 490 405 490 431 458 431
325 588 358 588 358 614 325 614
254 699 292 699 292 725 254 725
403 377 416 377 416 404 403 404
604 925 620 925 620 952 604 952
800 1201 827 1201 827 1228 800 1228
252 642 293 642 293 669 252 669
57 470 73 470 73 497 57 497
134 951 152 951 152 978 134 978
337 1282 355 1282 355 1309 337 1309
60 1130 79 1130 79 1157 60 1157
129 829 153 829 153 856 129 856
139 493 164 493 164 520 139 520
85 812 112 812 112 839 85 839
538 384 576 384 576 411 538 411
663 416 705 416 705 443 663 443
326 1263 373 1263 373 1290 326 1290
133 680 147 680 147 707 133 707
540 1128 554 1128 554 1155 540 1155
819 361 835 361 835 388 819 388
605 593 621 593 621 620 605 620
667 1330 684 1330 684 1357 667 1357
397 662 419 662 419 689 397 689
135 429 164 429 164 456 135 456
799 1098 829 1098 829 1125 799 1125
133 400 167 400 167 427 133 427
456 855 494 855 494 882 456 882
326 726 365 726 365 753 326 753
524 1189 570 1189 570 1216 524 1216
592 676 632 676 632 704 592 704
535 581 554 581 554 609 535 609
735 972 755 972 755 1000 735 1000
812 332 840 332 840 360 812 360
325 330 354 330 354 358 325 358
464 618 495 618 495 646 464 646
526 355 566 355 566 383 526 383
816 426 837 426 837 455 816 455
532 799 557 799 557 828 532 828
258 521 289 521 289 550 258 550
463 1252 497 1252 497 1281 463 1281
527 1315 563 1315 563 1344 527 1344
597 1133 634 1133 634 1162 597 1162
123 980 163 980 163 1009 123 1009
526 1023 568 1023 568 1052 526 1052
264 495 280 495 280 524 264 524
332 881 349 881 349 910 332 910
728 1167 766 1167 766 1196 728 1196
524 917 564 917 564 946 524 946
323 951 365 951 365 980 323 980
332 477 350 477 350 506 332 506
321 907 357 907 357 936 321 936
520 633 563 633 563 662 520 662
469 1228 486 1228 486 1258 469 1258
798 787 827 787 827 817 798 817
257 1274 287 1274 287 1304 257 1304
594 1274 630 1274 630 1304 594 1304
330 1326 366 1326 366 1356 330 1356
592 399 639 399 639 429 592 429
784 309 806 309 806 339 784 339
527 737 560 737 560 767 527 767
45 765 80 765 80 795 45 795
318 415 367 415 367 445 318 445
143 460 159 460 159 491 143 491
45 446 70 446 70 477 45 477
257 391 288 391 288 422 257 422
394 939 429 939 429 970 394 970
258 1016 294 1016 294 1047 258 1047
396 1252 436 1252 436 1283 396 1283
252 573 295 573 295 604 252 604
121 1360 171 1360 171 1391 121 1391
464 1026 498 1026 498 1057 464 1057
392 692 429 692 429 723 392 723
130 1089 167 1089 167 1120 130 1120
330 1232 369 1232 369 1263 330 1263
122 652 162 652 162 683 122 683
791 1017 834 1017 834 1048 791 1048
790 1227 838 1227 838 1258 790 1258
267 341 275 341 275 372 267 372
84 704 112 704 112 735 84 735
140 520 169 520 169 551 140 551
329 693 358 693 358 724 329 724
532 1153 563 1153 563 1184 532 1184
130 1184 165 1184 165 1215 130 1215
251 303 289 303 289 334 251 334
663 260 712 260 712 291 663 291
85 995 107 995 107 1027 85 1027
85 841 108 841 108 873 85 873
45 796 74 796 74 828 45 828
327 388 357 388 357 420 327 420
59 1154 90 1154 90 1186 59 1186
394 519 426 519 426 551 394 551
731 565 765 565 765 597 731 597
591 1215 638 1215 638 1247 591 1247
734 701 763 701 763 733 734 733
798 599 832 599 832 631 798 631
598 619 632 619 632 651 598 651
662 911 699 911 699 943 662 943
663 994 701 994 701 1026 663 1026
594 950 637 950 637 982 594 982
129 705 162 705 162 737 129 737
394 1018 427 1018 427 1050 394 1050
463 516 497 516 497 548 463 548
466 798 502 798 502 830 466 830
658 1357 701 1357 701 1389 658 1389
805 1166 824 1166 824 1199 805 1199
529 886 565 886 565 919 529 919
253 934 295 934 295 967 253 967
320 850 363 850 363 883 320 883
76 483 103 483 103 516 76 516
660 693 698 693 698 726 660 726
796 372 805 372 805 406 796 406
403 1153 426 1153 426 1187 403 1187
45 586 69 586 69 620 45 620
39 553 70 553 70 587 39 587
730 464 765 464 765 498 730 498
731 664 768 664 768 698 731 698
394 805 436 805 436 839 394 839
127 855 159 855 159 889 127 889
797 1264 830 1264 830 1298 797 1298
800 531 835 531 835 565 800 565
796 565 832 565 832 599 796 599
463 586 496 586 496 620 463 620
800 1298 834 1298 834 1332 800 1332
727 1355 762 1355 762 1389 727 1389
41 689 77 689 77 723 41 723
123 763 159 763 159 797 123 797
727 1298 763 1298 763 1332 727 1332
616 1082 623 1082 623 1117 616 1117
271 1131 281 1131 281 1166 271 1166
137 1276 158 1276 158 1311 137 1311
662 756 698 756 698 791 662 791
255 463 293 463 293 498 255 498
457 433 496 433 496 468 457 468
464 1126 508 1126 508 1161 464 1161
590 1357 635 1357 635 1392 590 1392
459 1095 509 1095 509 1130 459 1130
471 883 488 883 488 918 471 918
737 530 769 530 769 565 737 565
798 899 834 899 834 934 798 934
665 726 701 726 701 761 665 761
331 1153 367 1153 367 1188 331 1188
461 1061 502 1061 502 1096 461 1096
664 533 699 533 699 569 664 569
55 1331 93 1331 93 1367 55 1367
725 425 764 425 764 461 725 461
98 957 105 957 105 993 98 993
739 999 753 999 753 1035 739 1035
744 491 760 491 760 527 744 527
55 1096 89 1096 89 1132 55 1132
390 306 428 306 428 342 390 342
726 1325 767 1325 767 1361 726 1361
255 1203 298 1203 298 1239 255 1239
390 1218 437 1218 437 1254 390 1254
457 1358 504 1358 504 1394 457 1394
591 735 640 735 640 771 591 771
523 707 575 707 575 743 523 743
544 543 553 543 553 579 544 579
193 339 217 339 217 375 193 375
79 772 108 772 108 808 79 808
321 785 366 785 366 821 321 821
527 475 576 475 576 511 527 511
591 1028 643 1028 643 1064 591 1064
197 636 217 636 217 673 197 673
798 1127 829 1127 829 1164 798 1164
460 917 498 917 498 954 460 954
134 794 154 794 154 832 134 832
70 445 103 445 103 483 70 483
458 550 502 550 502 588 458 588
653 1258 703 1258 703 1296 653 1296
329 440 351 440 351 478 329 478
47 836 79 836 79 874 47 874
125 1238 162 1238 162 1276 125 1276
387 343 427 343 427 381 387 381
321 1357 372 1357 372 1395 321 1395
816 740 827 740 827 778 816 778
602 705 623 705 623 743 602 743
394 718 433 718 433 756 394 756
185 302 227 302 227 340 185 340
478 963 485 963 485 1002 478 1002
261 1159 288 1159 288 1198 261 1198
256 818 289 818 289 857 256 857
260 1355 294 1355 294 1394 260 1394
527 1097 572 1097 572 1136 527 1136
723 1130 770 1130 770 1169 723 1169
597 796 633 796 633 835 597 835
459 760 498 760 498 799 459 799
125 889 164 889 164 928 125 928
524 766 566 766 566 805 524 805
318 531 366 531 366 570 318 570
388 597 436 597 436 636 388 636
658 218 707 218 707 257 658 257
85 556 101 556 101 596 85 596
525 1216 559 1216 559 1256 525 1256
661 571 701 571 701 611 661 611
49 303 94 303 94 343 49 343
79 621 108 621 108 661 79 661
191 377 220 377 220 417 191 417
796 711 828 711 828 751 796 751
797 487 830 487 830 527 797 527
662 814 700 814 700 854 662 854
125 1050 164 1050 164 1090 125 1090
653 334 702 334 702 374 653 374
246 776 299 776 299 816 246 816
43 619 69 619 69 659 43 659
324 977 355 977 355 1017 324 1017
469 691 493 691 493 732 469 732
190 543 216 543 216 584 190 584
392 1050 434 1050 434 1091 392 1091
670 870 684 870 684 911 670 911
122 307 145 307 145 348 122 348
660 655 699 655 699 696 660 696
332 1118 360 1118 360 1159 332 1159
529 1349 571 1349 571 1390 529 1390
658 940 709 940 709 981 658 981
123 918 155 918 155 960 123 960
661 489 703 489 703 531 661 531
730 940 773 940 773 982 730 982
656 1290 699 1290 699 1332 656 1332
458 1162 510 1162 510 1204 458 1204
255 600 287 600 287 642 255 642
123 553 166 553 166 595 123 595
663 444 707 444 707 486 663 486
669 375 689 375 689 418 669 418
601 359 624 359 624 402 601 402
122 350 154 350 154 393 122 393
256 1233 294 1233 294 1276 256 1276
48 343 92 343 92 386 48 386
395 894 425 894 425 937 395 937
60 1050 100 1050 100 1093 60 1093
589 835 636 835 636 879 589 879
389 1281 438 1281 438 1325 389 1325
387 471 427 471 427 516 387 516
258 422 294 422 294 467 258 467
593 549 636 549 636 594 593 594
183 663 235 663 235 708 183 708
321 644 361 644 361 689 321 689
50 385 94 385 94 430 50 430
462 306 494 306 494 352 462 352
728 599 768 599 768 645 728 645
594 503 642 503 642 549 594 549
535 309 557 309 557 355 535 355
248 971 297 971 297 1017 248 1017
527 1048 568 1048 568 1095 527 1095
663 1111 706 1111 706 1158 663 1158
325 1187 369 1187 369 1234 325 1234
181 446 226 446 226 493 181 493
49 1259 95 1259 95 1306 49 1306
388 1108 440 1108 440 1155 388 1155
739 759 755 759 755 807 739 807
321 1071 366 1071 366 1119 321 1119
594 877 629 877 629 925 594 925
657 608 703 608 703 656 657 656
52 876 77 876 77 925 52 925
662 1200 704 1200 704 1249 662 1249
254 726 297 726 297 775 254 775
256 1304 299 1304 299 1353 256 1353
387 424 430 424 430 473 387 473
453 1304 503 1304 503 1353 453 1353
394 842 431 842 431 891 394 891
666 1153 697 1153 697 1203 666 1203
461 646 501 646 501 696 461 696
124 1120 167 1120 167 1170 124 1170
724 839 767 839 767 890 724 890
254 1045 299 1045 299 1096 254 1096
188 489 233 489 233 541 188 541
664 1059 705 1059 705 1111 664 1111
592 1162 633 1162 633 1214 592 1214
51 1215 97 1215 97 1267 51 1267
456 352 493 352 493 405 456 405
122 600 157 600 157 653 122 653
724 1214 765 1214 765 1267 724 1267
524 664 570 664 570 717 524 717
723 1035 763 1035 763 1089 723 1089
400 1336 431 1336 431 1391 400 1391
392 750 425 750 425 808 392 808
