770 1340 787 1340 787 1351 770 1351
119 1196 151 1196 151 1208 119 1208
23 1001 53 1001 53 1015 23 1015
777 1125 805 1125 805 1140 777 1140
371 1344 405 1344 405 1359 371 1359
40 362 55 362 55 378 40 378
797 1344 822 1344 822 1360 797 1360
295 682 325 682 325 698 295 698
127 1255 142 1255 142 1272 127 1272
805 1379 821 1379 821 1396 805 1396
236 1288 257 1288 257 1305 236 1305
115 1130 142 1130 142 1147 115 1147
7 390 27 390 27 407 7 407
796 1360 823 1360 823 1377 796 1377
124 1331 140 1331 140 1349 124 1349
29 1166 50 1166 50 1184 29 1184
780 644 803 644 803 662 780 662
32 307 56 307 56 325 32 325
646 1169 676 1169 676 1187 646 1187
643 1330 675 1330 675 1348 643 1348
722 1378 740 1378 740 1396 722 1396
804 1394 829 1394 829 1412 804 1412
661 468 686 468 686 486 661 486
708 1367 750 1367 750 1385 708 1385
772 1320 786 1320 786 1339 772 1339
445 1334 463 1334 463 1353 445 1353
159 602 180 602 180 621 159 621
795 1255 818 1255 818 1274 795 1274
650 836 673 836 673 855 650 855
716 1350 743 1350 743 1369 716 1369
23 1303 54 1303 54 1322 23 1322
708 1310 748 1310 748 1329 708 1329
92 1247 109 1247 109 1266 92 1266
91 1392 113 1392 113 1411 91 1411
93 821 117 821 117 840 93 840
370 1249 398 1249 398 1268 370 1268
766 1355 795 1355 795 1374 766 1374
4 337 24 337 24 356 4 356
766 1249 786 1249 786 1268 766 1268
576 416 599 416 599 435 576 435
123 1232 146 1232 146 1251 123 1251
242 569 271 569 271 588 242 588
376 1228 392 1228 392 1248 376 1248
715 778 740 778 740 798 715 798
500 1218 538 1218 538 1238 500 1238
511 1150 530 1150 530 1170 511 1170
22 720 42 720 42 740 22 740
436 500 457 500 457 520 436 520
764 1228 785 1228 785 1248 764 1248
650 1188 672 1188 672 1208 650 1208
446 864 461 864 461 885 446 885
251 547 268 547 268 568 251 568
114 1079 132 1079 132 1100 114 1100
716 509 738 509 738 530 716 530
508 706 531 706 531 727 508 727
780 927 803 927 803 948 780 948
798 1276 821 1276 821 1297 798 1297
797 1236 821 1236 821 1257 797 1257
121 1353 145 1353 145 1374 121 1374
122 1276 149 1276 149 1297 122 1297
709 951 742 951 742 972 709 972
704 532 743 532 743 553 704 553
40 407 59 407 59 428 40 428
507 1009 530 1009 530 1030 507 1030
508 1332 531 1332 531 1353 508 1353
364 961 402 961 402 982 364 982
164 390 183 390 183 411 164 411
717 1392 745 1392 745 1413 717 1413
512 1087 541 1087 541 1108 512 1108
641 709 679 709 679 730 641 730
35 384 62 384 62 406 35 406
365 1034 408 1034 408 1056 365 1056
379 1293 394 1293 394 1315 379 1315
305 776 326 776 326 798 305 798
722 927 745 927 745 949 722 949
714 657 739 657 739 679 714 679
771 1143 812 1143 812 1165 771 1165
521 476 539 476 539 499 521 499
765 1270 785 1270 785 1293 765 1293
369 802 391 802 391 825 369 825
167 1000 189 1000 189 1023 167 1023
764 1202 794 1202 794 1225 764 1225
709 1125 750 1125 750 1148 709 1148
638 891 684 891 684 914 638 914
229 829 250 829 250 852 229 852
30 1281 53 1281 53 1304 30 1304
230 1355 257 1355 257 1378 230 1378
435 812 467 812 467 835 435 835
86 1365 120 1365 120 1388 86 1388
240 493 263 493 263 516 240 516
659 526 685 526 685 549 659 549
89 1268 116 1268 116 1291 89 1291
374 1393 405 1393 405 1416 374 1416
171 1091 204 1091 204 1114 171 1114
524 498 537 498 537 522 524 522
376 1009 391 1009 391 1033 376 1033
716 1070 737 1070 737 1094 716 1094
717 1284 740 1284 740 1308 717 1308
640 913 675 913 675 937 640 937
499 1191 539 1191 539 1215 499 1215
132 1168 141 1168 141 1192 132 1192
636 495 647 495 647 519 636 519
508 955 523 955 523 979 508 979
445 1018 464 1018 464 1042 445 1042
85 1113 104 1113 104 1137 85 1137
649 1276 668 1276 668 1300 649 1300
439 594 460 594 460 618 439 618
119 1208 144 1208 144 1232 119 1232
504 1167 534 1167 534 1191 504 1191
162 1060 192 1060 192 1084 162 1084
369 1317 409 1317 409 1341 369 1341
368 1135 414 1135 414 1159 368 1159
248 522 263 522 263 547 248 547
781 1098 802 1098 802 1123 781 1123
304 993 327 993 327 1018 304 1018
768 1295 793 1295 793 1320 768 1320
443 950 474 950 474 975 443 975
157 873 195 873 195 898 157 898
771 305 811 305 811 330 771 330
164 812 187 812 187 837 164 837
793 1210 823 1210 823 1235 793 1235
438 525 470 525 470 550 438 550
503 834 537 834 537 859 503 859
640 1215 680 1215 680 1240 640 1240
3 307 26 307 26 332 3 332
780 720 803 720 803 745 780 745
649 1005 672 1005 672 1030 649 1030
87 1336 112 1336 112 1361 87 1361
362 336 396 336 396 361 362 361
503 787 539 787 539 812 503 812
292 539 331 539 331 564 292 564
500 763 540 763 540 788 500 788
364 475 386 475 386 501 364 501
570 530 610 530 610 556 570 556
436 440 449 440 449 466 436 466
442 1196 473 1196 473 1222 442 1222
159 305 195 305 195 331 159 331
10 360 21 360 21 387 10 387
374 981 395 981 395 1008 374 1008
234 1028 255 1028 255 1055 234 1055
715 854 739 854 739 881 715 881
572 502 599 502 599 529 572 529
4 409 32 409 32 436 4 436
290 475 324 475 324 502 290 502
19 1191 53 1191 53 1218 19 1218
432 756 468 756 468 783 432 783
500 347 538 347 538 374 500 374
226 952 264 952 264 979 226 979
220 413 262 413 262 440 220 440
494 373 551 373 551 400 494 400
302 799 320 799 320 826 302 826
631 468 654 468 654 495 631 495
112 1100 139 1100 139 1127 112 1127
645 1140 672 1140 672 1167 645 1167
18 659 48 659 48 686 18 686
500 860 538 860 538 887 500 887
506 1386 545 1386 545 1413 506 1413
783 1024 801 1024 801 1051 783 1051
307 1020 325 1020 325 1047 307 1047
575 476 598 476 598 503 575 503
116 1147 141 1147 141 1174 116 1174
642 1114 674 1114 674 1141 642 1141
707 799 749 799 749 826 707 826
704 1257 747 1257 747 1284 704 1284
772 664 807 664 807 692 772 692
360 706 399 706 399 734 360 734
651 1304 672 1304 672 1332 651 1332
715 970 738 970 738 998 715 998
81 1081 110 1081 110 1109 81 1109
299 865 332 865 332 893 299 893
152 707 190 707 190 735 152 735
433 779 471 779 471 807 433 807
637 335 683 335 683 363 637 363
292 1050 338 1050 338 1078 292 1078
296 1080 347 1080 347 1108 296 1108
778 573 797 573 797 601 778 601
37 327 60 327 60 355 37 355
436 303 461 303 461 331 436 331
233 924 263 924 263 952 233 952
639 305 671 305 671 333 639 333
713 1192 745 1192 745 1220 713 1220
14 687 52 687 52 715 14 715
513 811 530 811 530 840 513 840
507 640 525 640 525 669 507 669
302 416 322 416 322 445 302 445
715 586 736 586 736 615 715 615
652 974 674 974 674 1003 652 1003
766 1172 792 1172 792 1201 766 1201
87 752 115 752 115 781 87 781
634 363 669 363 669 392 634 392
653 553 691 553 691 582 653 582
706 480 744 480 744 509 706 509
505 1032 543 1032 543 1061 505 1061
21 1356 61 1356 61 1385 21 1385
431 1075 474 1075 474 1104 431 1104
513 1357 528 1357 528 1386 513 1386
89 1214 104 1214 104 1243 89 1243
21 605 37 605 37 634 21 634
237 1201 254 1201 254 1230 237 1230
715 999 745 999 745 1028 715 1028
24 1220 56 1220 56 1249 24 1249
504 1058 538 1058 538 1087 504 1087
640 1352 680 1352 680 1381 640 1381
363 859 405 859 405 888 363 888
576 345 594 345 594 375 576 375
444 1168 468 1168 468 1198 444 1198
305 565 331 565 331 595 305 595
438 1041 466 1041 466 1071 438 1071
712 1092 742 1092 742 1122 712 1122
434 335 467 335 467 365 434 365
88 841 124 841 124 871 88 871
20 1323 56 1323 56 1353 20 1353
781 867 798 867 798 897 781 897
577 552 598 552 598 582 577 582
90 911 124 911 124 941 90 941
233 1379 267 1379 267 1409 233 1409
711 1214 746 1214 746 1244 711 1244
362 736 398 736 398 766 362 766
224 861 260 861 260 891 224 891
442 1102 478 1102 478 1132 442 1132
702 379 742 379 742 409 702 409
434 1139 475 1139 475 1169 434 1169
100 1012 118 1012 118 1042 100 1042
42 430 61 430 61 460 42 460
506 1300 534 1300 534 1330 506 1330
520 444 549 444 549 474 520 474
295 742 327 742 327 772 295 772
644 1029 679 1029 679 1059 644 1059
228 797 268 797 268 827 228 827
374 886 397 886 397 917 374 917
95 1039 127 1039 127 1070 95 1070
642 940 678 940 678 971 642 971
372 1101 408 1101 408 1132 372 1132
17 793 54 793 54 824 17 824
500 217 541 217 541 248 500 248
286 445 330 445 330 476 286 476
125 1299 139 1299 139 1330 125 1330
160 532 176 532 176 563 160 563
27 856 47 856 47 887 27 887
30 1249 50 1249 50 1280 30 1280
516 409 547 409 547 440 516 440
441 1386 478 1386 478 1417 441 1417
437 1358 475 1358 475 1389 437 1389
156 1114 194 1114 194 1145 156 1145
774 952 816 952 816 983 774 983
785 746 793 746 793 778 785 778
439 833 465 833 465 865 439 865
496 1241 540 1241 540 1273 496 1273
786 686 802 686 802 718 786 718
85 576 114 576 114 608 85 608
161 837 193 837 193 869 161 869
503 978 535 978 535 1010 503 1010
641 767 677 767 677 799 641 799
704 409 746 409 746 441 704 441
24 1384 70 1384 70 1416 24 1416
774 369 800 369 800 401 774 401
642 858 675 858 675 890 642 890
159 966 196 966 196 998 159 998
641 430 662 430 662 463 641 463
437 621 463 621 463 654 437 654
635 733 682 733 682 766 635 766
717 551 736 551 736 584 717 584
367 1271 397 1271 397 1304 367 1304
159 1025 194 1025 194 1058 159 1058
774 893 810 893 810 926 774 926
569 440 605 440 605 473 569 473
708 745 746 745 746 778 708 778
92 937 137 937 137 970 92 970
369 768 389 768 389 802 369 802
577 581 603 581 603 615 577 615
708 444 736 444 736 478 708 478
436 914 466 914 466 948 436 948
219 305 255 305 255 339 219 339
709 717 747 717 747 751 709 751
365 825 404 825 404 859 365 859
644 1379 687 1379 687 1413 644 1413
81 487 126 487 126 521 81 521
722 822 737 822 737 856 722 856
632 521 656 521 656 555 632 555
161 412 191 412 191 446 161 446
430 465 462 465 462 499 430 499
23 458 57 458 57 492 23 492
570 378 605 378 605 412 570 412
503 671 539 671 539 705 503 705
23 1130 60 1130 60 1164 23 1164
229 377 266 377 266 411 229 411
501 309 539 309 539 343 501 343
636 672 680 672 680 706 636 706
362 500 389 500 389 534 362 534
24 887 54 887 54 921 24 921
16 1064 58 1064 58 1098 16 1098
18 1101 60 1101 60 1135 18 1135
15 630 58 630 58 664 15 664
218 223 263 223 263 257 218 257
12 541 52 541 52 576 12 576
783 333 799 333 799 368 783 368
436 721 461 721 461 756 436 756
635 394 668 394 668 429 635 429
643 797 676 797 676 832 643 832
230 1316 264 1316 264 1351 230 1351
94 1175 104 1175 104 1211 94 1211
167 1146 183 1146 183 1182 167 1182
796 1172 821 1172 821 1208 796 1208
430 409 462 409 462 445 430 445
568 307 612 307 612 343 568 343
721 1320 738 1320 738 1356 721 1356
235 1054 260 1054 260 1090 235 1090
499 1270 532 1270 532 1306 499 1306
162 1372 202 1372 202 1408 162 1408
222 688 262 688 262 724 222 724
153 901 198 901 198 937 153 937
365 405 378 405 378 441 365 441
303 921 318 921 318 957 303 957
663 488 682 488 682 524 663 524
795 1299 822 1299 822 1335 795 1335
84 1292 112 1292 112 1328 84 1328
433 883 469 883 469 919 433 919
364 670 404 670 404 707 364 707
158 737 198 737 198 774 158 774
152 563 195 563 195 600 152 600
99 873 114 873 114 910 99 910
503 890 543 890 543 927 503 927
292 825 336 825 336 862 292 862
716 1030 736 1030 736 1068 716 1068
506 728 528 728 528 766 506 766
503 922 535 922 535 960 503 960
6 574 59 574 59 612 6 612
434 692 471 692 471 730 434 730
440 1293 464 1293 464 1331 440 1331
21 818 46 818 46 856 21 856
159 935 193 935 193 973 159 973
155 625 189 625 189 663 155 663
499 610 539 610 539 648 499 648
284 335 331 335 331 373 284 373
78 610 133 610 133 648 78 648
96 780 119 780 119 819 96 819
489 405 513 405 513 444 489 444
773 504 813 504 813 543 773 543
357 584 398 584 398 623 357 623
291 595 336 595 336 634 291 634
226 756 252 756 252 795 226 795
89 645 117 645 117 684 89 684
708 680 749 680 749 719 708 719
84 681 130 681 130 720 84 720
381 1151 394 1151 394 1191 381 1191
167 772 182 772 182 812 167 812
650 1237 670 1237 670 1277 650 1277
82 1138 106 1138 106 1178 82 1178
231 1232 262 1232 262 1272 231 1272
291 502 325 502 325 542 291 542
288 372 334 372 334 412 288 412
225 886 265 886 265 926 225 926
773 601 807 601 807 641 773 641
706 338 742 338 742 378 706 378
16 960 55 960 55 1000 16 1000
707 1153 746 1153 746 1193 707 1193
313 895 323 895 323 936 313 936
375 364 386 364 386 405 375 405
162 1189 189 1189 189 1230 162 1230
707 617 743 617 743 658 707 658
163 1331 199 1331 199 1372 163 1372
773 541 809 541 809 582 773 582
778 982 819 982 819 1023 778 1023
290 703 333 703 333 744 290 744
222 591 266 591 266 633 222 633
711 300 739 300 739 342 711 342
504 570 537 570 537 612 504 612
773 788 812 788 812 830 773 830
366 1056 408 1056 408 1098 366 1098
296 951 335 951 335 993 296 993
497 522 541 522 541 564 497 564
129 1376 137 1376 137 1419 129 1419
510 1107 524 1107 524 1150 510 1150
165 1230 193 1230 193 1273 165 1273
222 336 260 336 260 379 222 379
637 578 682 578 682 621 637 621
86 716 123 716 123 759 86 759
770 827 808 827 808 870 770 870
722 883 731 883 731 927 722 927
443 976 460 976 460 1020 443 1020
437 550 455 550 455 594 437 594
487 448 516 448 516 492 487 492
228 1155 266 1155 266 1199 228 1199
360 625 402 625 402 669 360 669
770 456 816 456 816 500 770 500
101 975 117 975 117 1019 101 1019
787 1054 795 1054 795 1099 787 1099
444 1224 453 1224 453 1269 444 1269
376 918 394 918 394 963 376 963
360 428 396 428 396 473 360 473
158 662 183 662 183 707 158 707
16 920 67 920 67 965 16 965
431 1257 470 1257 470 1303 431 1303
637 626 682 626 682 672 637 672
235 977 250 977 250 1023 235 1023
159 445 194 445 194 491 159 491
225 716 249 716 249 763 225 763
288 636 335 636 335 683 288 683
233 440 248 440 248 487 233 487
154 486 193 486 193 533 154 533
80 438 126 438 126 485 80 485
21 743 44 743 44 791 21 791
218 639 262 639 262 687 218 687
81 398 129 398 129 446 81 446
15 490 53 490 53 539 15 539
80 346 130 346 130 395 80 395
643 1064 680 1064 680 1114 643 1114
377 1179 386 1179 386 1230 377 1230
781 401 791 401 791 452 781 452
165 1278 190 1278 190 1329 165 1329
21 1013 57 1013 57 1064 21 1064
364 534 387 534 387 586 364 586
435 367 473 367 473 420 435 420
83 306 126 306 126 359 83 359
79 521 120 521 120 574 79 574
162 334 180 334 180 389 162 389
232 1094 260 1094 260 1153 232 1153
