763 1120 777 1120 777 1134 763 1134
825 900 840 900 840 917 825 917
824 840 844 840 844 857 824 857
831 463 857 463 857 482 831 482
834 509 861 509 861 528 834 528
818 981 845 981 845 1001 818 1001
826 486 859 486 859 508 826 508
753 912 790 912 790 934 753 934
105 561 145 561 145 586 105 586
811 332 854 332 854 357 811 357
807 1002 853 1002 853 1027 807 1027
824 359 841 359 841 385 824 385
752 722 788 722 788 748 752 748
824 954 846 954 846 980 824 980
752 858 785 858 785 884 752 884
752 575 794 575 794 601 752 601
756 410 788 410 788 437 756 437
752 1134 785 1134 785 1161 752 1161
820 776 840 776 840 804 820 804
763 598 787 598 787 626 763 626
750 886 789 886 789 914 750 914
837 428 854 428 854 457 837 457
814 805 849 805 849 834 814 834
835 527 851 527 851 557 835 557
768 477 792 477 792 507 768 507
753 1048 785 1048 785 1078 753 1078
758 748 780 748 780 779 758 779
817 214 857 214 857 246 817 246
821 381 844 381 844 413 821 413
818 919 849 919 849 951 818 951
756 541 793 541 793 573 756 573
752 824 795 824 795 859 752 859
768 510 780 510 780 545 768 545
752 437 795 437 795 473 752 473
819 862 852 862 852 898 819 898
763 935 780 935 780 971 763 971
820 607 854 607 854 643 820 643
103 519 149 519 149 556 103 556
817 648 849 648 849 685 817 685
756 1161 788 1161 788 1199 756 1199
756 967 794 967 794 1005 756 1005
749 1081 789 1081 789 1119 749 1119
96 293 145 293 145 331 96 331
763 627 786 627 786 666 763 666
750 1228 786 1228 786 1267 750 1267
815 560 855 560 855 599 815 599
749 1005 792 1005 792 1045 749 1045
755 780 787 780 787 820 755 820
101 426 147 426 147 466 101 466
819 679 852 679 852 720 819 720
102 385 148 385 148 427 102 427
825 288 845 288 845 332 825 332
746 1271 796 1271 796 1317 746 1317
756 670 791 670 791 718 756 718
100 334 144 334 144 382 100 382
99 469 145 469 145 517 99 517
754 358 790 358 790 406 754 406
816 723 851 723 851 773 816 773
100 592 148 592 148 642 100 642
