203 877 211 877 211 885 203 885
191 950 201 950 201 961 191 961
194 389 208 389 208 400 194 400
518 1029 535 1029 535 1040 518 1040
184 1173 196 1173 196 1185 184 1185
461 577 481 577 481 590 461 590
441 1233 461 1233 461 1246 441 1246
757 1204 788 1204 788 1217 757 1217
360 1249 371 1249 371 1263 360 1263
639 822 655 822 655 836 639 836
828 504 855 504 855 518 828 518
245 768 264 768 264 783 245 783
430 594 449 594 449 609 430 609
429 395 453 395 453 410 429 410
307 370 336 370 336 385 307 385
441 1095 460 1095 460 1110 441 1110
768 394 794 394 794 409 768 409
840 1121 850 1121 850 1137 840 1137
118 517 137 517 137 533 118 533
574 740 594 740 594 756 574 756
373 415 397 415 397 431 373 431
825 651 859 651 859 667 825 667
509 820 525 820 525 837 509 837
445 812 463 812 463 829 445 829
459 593 479 593 479 610 459 610
825 797 853 797 853 814 825 814
506 1239 524 1239 524 1256 506 1256
640 566 659 566 659 583 640 583
702 631 723 631 723 648 702 648
302 1283 321 1283 321 1300 302 1300
376 309 396 309 396 326 376 326
111 1021 132 1021 132 1038 111 1038
435 337 466 337 466 354 435 354
636 1118 655 1118 655 1136 636 1136
382 1248 404 1248 404 1266 382 1266
115 1261 140 1261 140 1279 115 1279
102 1084 139 1084 139 1102 102 1102
375 691 395 691 395 709 375 709
175 1217 196 1217 196 1235 175 1235
238 1103 260 1103 260 1121 238 1121
461 657 485 657 485 675 461 675
696 791 724 791 724 809 696 809
637 1226 653 1226 653 1244 637 1244
834 1074 861 1074 861 1092 834 1092
172 896 205 896 205 915 172 915
248 447 268 447 268 466 248 466
308 526 330 526 330 545 308 545
709 409 718 409 718 429 709 429
768 1307 781 1307 781 1327 768 1327
307 858 330 858 330 878 307 878
824 816 864 816 864 836 824 836
435 683 476 683 476 703 435 703
831 1291 840 1291 840 1311 831 1311
374 988 393 988 393 1008 374 1008
630 1246 656 1246 656 1266 630 1266
763 413 797 413 797 433 763 433
836 602 848 602 848 623 836 623
435 571 450 571 450 592 435 592
246 913 262 913 262 934 246 934
425 615 450 615 450 636 425 636
438 1299 455 1299 455 1320 438 1320
376 393 395 393 395 414 376 414
455 612 484 612 484 633 455 633
110 643 141 643 141 664 110 664
367 367 403 367 403 388 367 388
496 960 535 960 535 981 496 981
639 923 658 923 658 945 639 945
500 936 531 936 531 958 500 958
105 815 147 815 147 837 105 837
509 913 528 913 528 935 509 935
162 1043 181 1043 181 1065 162 1065
114 329 138 329 138 351 114 351
378 817 394 817 394 839 378 839
459 551 480 551 480 573 459 573
573 829 595 829 595 851 573 851
248 591 268 591 268 614 248 614
313 628 333 628 333 651 313 651
376 1109 396 1109 396 1132 376 1132
459 634 481 634 481 657 459 657
824 1241 857 1241 857 1264 824 1264
440 1181 459 1181 459 1204 440 1204
116 303 136 303 136 326 116 326
572 420 597 420 597 443 572 443
122 1201 147 1201 147 1224 122 1224
765 339 790 339 790 362 765 362
305 884 331 884 331 907 305 907
307 649 337 649 337 672 307 672
822 1143 853 1143 853 1166 822 1166
244 716 263 716 263 739 244 739
704 765 723 765 723 788 704 788
308 1000 329 1000 329 1023 308 1023
516 1077 542 1077 542 1100 516 1100
693 811 728 811 728 834 693 834
460 529 477 529 477 553 460 553
444 753 461 753 461 777 444 777
112 1142 131 1142 131 1166 112 1166
304 440 336 440 336 464 304 464
297 1162 329 1162 329 1186 297 1186
299 1190 331 1190 331 1214 299 1214
298 1325 338 1325 338 1349 298 1349
231 1129 272 1129 272 1153 231 1153
442 902 462 902 462 926 442 926
118 619 140 619 140 643 118 643
238 788 273 788 273 812 238 812
376 640 393 640 393 665 376 665
577 857 594 857 594 882 577 882
506 1188 526 1188 526 1213 506 1213
443 311 463 311 463 336 443 336
309 501 329 501 329 526 309 526
767 844 789 844 789 869 767 869
166 1188 191 1188 191 1213 166 1213
512 1052 541 1052 541 1077 512 1077
172 683 212 683 212 708 172 708
292 1300 333 1300 333 1325 292 1325
757 1326 801 1326 801 1351 757 1351
638 764 656 764 656 789 638 789
639 626 658 626 658 651 639 651
239 1232 259 1232 259 1257 239 1257
458 502 486 502 486 527 458 527
299 909 343 909 343 934 299 934
496 1019 509 1019 509 1044 496 1044
444 1041 461 1041 461 1066 444 1066
575 684 592 684 592 709 575 709
834 623 851 623 851 648 834 648
770 572 790 572 790 597 770 597
433 357 472 357 472 382 433 382
299 1100 340 1100 340 1125 299 1125
819 895 863 895 863 920 819 920
432 447 443 447 443 473 432 473
376 935 396 935 396 961 376 961
425 472 445 472 445 498 425 498
111 970 133 970 133 996 111 996
830 404 856 404 856 430 830 430
825 1095 858 1095 858 1121 825 1121
566 395 600 395 600 421 566 421
620 1265 661 1265 661 1291 620 1291
433 417 445 417 445 443 433 443
763 1177 782 1177 782 1203 763 1203
241 1047 261 1047 261 1073 241 1073
245 534 267 534 267 560 245 560
242 615 274 615 274 641 242 641
110 350 147 350 147 376 110 376
773 545 784 545 784 571 773 571
118 458 134 458 134 484 118 484
509 760 526 760 526 787 509 787
492 990 514 990 514 1017 492 1017
833 769 856 769 856 796 833 796
185 1029 209 1029 209 1056 185 1056
237 936 270 936 270 963 237 963
435 1203 468 1203 468 1230 435 1230
822 922 858 922 858 949 822 949
758 968 794 968 794 995 758 995
430 1251 467 1251 467 1278 430 1278
170 993 211 993 211 1020 170 1020
352 1177 379 1177 379 1204 352 1204
633 655 663 655 663 682 633 682
251 390 267 390 267 418 251 418
431 501 447 501 447 529 431 529
244 814 264 814 264 842 244 842
765 870 788 870 788 898 765 898
765 640 790 640 790 668 765 668
700 731 729 731 729 759 700 759
837 342 856 342 856 370 837 370
635 505 654 505 654 533 635 533
239 502 269 502 269 530 239 530
568 883 598 883 598 911 568 911
302 1025 332 1025 332 1053 302 1053
242 416 273 416 273 444 242 444
437 1064 469 1064 469 1092 437 1092
234 1072 268 1072 268 1100 234 1100
438 832 475 832 475 860 438 860
181 312 207 312 207 340 181 340
304 337 333 337 333 365 304 365
433 1318 466 1318 466 1346 433 1346
756 1280 798 1280 798 1308 756 1308
314 931 328 931 328 960 314 960
370 1132 398 1132 398 1161 370 1161
440 928 470 928 470 957 440 957
371 469 406 469 406 498 371 498
370 959 407 959 407 988 370 988
232 1198 269 1198 269 1227 232 1227
636 1057 654 1057 654 1086 636 1086
236 1258 264 1258 264 1287 236 1287
828 471 856 471 856 500 828 500
827 710 856 710 856 739 827 739
500 494 539 494 539 523 500 523
627 591 666 591 666 620 627 620
770 438 790 438 790 467 770 467
237 737 270 737 270 766 237 766
172 922 207 922 207 951 172 951
120 1278 128 1278 128 1308 120 1308
431 533 451 533 451 563 431 563
458 467 484 467 484 497 458 497
824 865 853 865 853 895 824 895
370 608 401 608 401 638 370 638
177 590 211 590 211 620 177 620
369 1075 403 1075 403 1105 369 1105
105 1167 140 1167 140 1197 105 1197
367 658 404 658 404 688 367 688
106 993 143 993 143 1023 106 1023
500 726 537 726 537 756 500 756
365 434 405 434 405 464 365 464
627 844 667 844 667 874 627 874
570 491 599 491 599 521 570 521
631 1087 662 1087 662 1117 631 1117
566 706 599 706 599 736 566 736
435 1118 470 1118 470 1148 435 1148
693 699 735 699 735 729 693 729
179 1274 199 1274 199 1305 179 1305
175 412 209 412 209 443 175 443
167 1141 202 1141 202 1172 167 1172
429 1149 464 1149 464 1180 429 1180
106 664 145 664 145 695 106 695
499 844 538 844 538 875 499 875
817 1045 863 1045 863 1076 817 1076
770 1251 782 1251 782 1282 770 1282
702 568 717 568 717 599 702 599
370 840 401 840 401 871 370 871
826 741 858 741 858 772 826 772
370 714 402 714 402 745 370 745
105 1228 137 1228 137 1259 105 1259
629 785 663 785 663 816 629 816
371 541 406 541 406 572 371 572
305 824 341 824 341 855 305 855
498 1209 535 1209 535 1240 498 1240
361 1276 399 1276 399 1307 361 1307
247 880 263 880 263 911 247 911
457 432 485 432 485 463 457 463
757 1028 788 1028 788 1059 757 1059
372 333 407 333 407 364 372 364
239 470 276 470 276 501 239 501
304 547 346 547 346 578 304 578
168 961 211 961 211 992 168 992
233 970 279 970 279 1001 233 1001
375 1013 395 1013 395 1045 375 1045
300 1252 325 1252 325 1284 300 1284
437 776 472 776 472 808 437 808
377 1211 410 1211 410 1243 377 1243
304 791 338 791 338 823 304 823
824 1207 858 1207 858 1239 824 1239
301 1126 332 1126 332 1158 301 1158
105 1310 142 1310 142 1342 105 1342
173 529 212 529 212 561 173 561
365 874 410 874 410 906 365 906
624 726 670 726 670 758 624 758
779 667 788 667 788 700 779 700
763 769 792 769 792 802 763 802
374 1041 408 1041 408 1074 374 1074
764 507 800 507 800 540 764 540
566 800 602 800 602 833 566 833
820 1269 863 1269 863 1302 820 1302
116 542 139 542 139 575 116 575
380 746 408 746 408 779 380 779
829 831 859 831 859 864 829 864
694 596 731 596 731 629 694 629
236 845 275 845 275 878 236 878
824 521 865 521 865 554 824 554
760 360 809 360 809 393 760 393
312 307 330 307 330 341 312 341
569 358 601 358 601 392 569 392
630 945 663 945 663 979 630 979
108 483 144 483 144 517 108 517
109 775 147 775 147 809 109 809
166 1066 204 1066 204 1100 166 1100
831 556 857 556 857 590 831 590
305 468 336 468 336 502 305 502
629 531 669 531 669 565 629 565
176 1238 198 1238 198 1272 176 1272
761 1099 790 1099 790 1133 761 1133
761 1065 791 1065 791 1099 761 1099
823 1000 854 1000 854 1034 823 1034
369 779 403 779 403 813 369 813
498 784 537 784 537 818 498 818
239 355 279 355 279 389 239 389
235 560 280 560 280 594 235 594
782 993 790 993 790 1028 782 1028
705 371 723 371 723 406 705 406
762 807 786 807 786 842 762 842
112 1047 141 1047 141 1082 112 1082
239 643 277 643 277 678 239 678
833 373 850 373 850 408 833 408
764 690 789 690 789 725 764 725
760 1217 789 1217 789 1252 760 1252
824 1312 855 1312 855 1347 824 1347
506 523 539 523 539 558 506 558
110 423 144 423 144 458 110 458
765 469 801 469 801 504 765 504
108 1105 146 1105 146 1140 108 1140
625 1020 671 1020 671 1055 625 1055
368 906 404 906 404 941 368 941
567 525 608 525 608 560 567 560
236 1159 269 1159 269 1195 236 1195
571 560 607 560 607 596 571 596
498 1299 539 1299 539 1335 498 1335
305 960 336 960 336 996 305 996
696 535 733 535 733 571 696 571
293 1214 331 1214 331 1250 293 1250
496 596 537 596 537 632 496 632
169 845 210 845 210 881 169 881
508 877 533 877 533 914 508 914
306 671 339 671 339 708 306 708
169 489 211 489 211 526 169 526
428 864 472 864 472 901 428 901
307 753 335 753 335 790 307 790
505 558 534 558 534 595 505 595
230 1302 263 1302 263 1339 230 1339
570 316 604 316 604 353 570 353
631 469 667 469 667 506 631 506
368 571 409 571 409 608 368 608
504 1259 527 1259 527 1297 504 1297
515 989 542 989 542 1027 515 1027
109 579 137 579 137 617 109 617
169 1103 201 1103 201 1141 169 1141
352 1207 376 1207 376 1245 352 1245
627 979 664 979 664 1017 627 1017
836 425 852 425 852 463 836 463
568 763 599 763 599 801 568 801
106 696 142 696 142 734 106 734
167 796 212 796 212 834 167 834
565 446 607 446 607 485 565 485
171 622 213 622 213 661 171 661
625 1142 667 1142 667 1181 625 1181
821 1168 864 1168 864 1207 821 1207
459 392 479 392 479 431 459 431
507 363 533 363 533 402 507 402
436 710 471 710 471 749 436 749
364 1303 397 1303 397 1343 364 1343
237 675 272 675 272 715 237 715
372 498 410 498 410 538 372 538
498 1149 535 1149 535 1189 498 1189
629 377 669 377 669 417 629 417
697 434 738 434 738 474 697 474
498 408 541 408 541 448 498 448
294 1057 338 1057 338 1097 294 1097
500 319 538 319 538 359 500 359
172 444 214 444 214 484 172 484
106 884 148 884 148 924 106 924
820 671 862 671 862 711 820 711
430 1000 473 1000 473 1040 430 1040
758 598 798 598 798 639 758 639
106 732 148 732 148 774 106 774
500 244 545 244 545 286 500 286
106 842 143 842 143 884 106 884
176 1301 203 1301 203 1344 176 1344
635 425 668 425 668 468 635 468
626 683 668 683 668 726 626 726
435 960 479 960 479 1003 435 1003
500 451 537 451 537 495 500 495
564 647 601 647 601 691 564 691
501 634 541 634 541 679 501 679
699 319 730 319 730 364 699 364
697 652 730 652 730 697 697 697
632 876 665 876 665 921 632 921
108 378 144 378 144 423 108 423
699 243 735 243 735 288 699 288
103 924 139 924 139 970 103 970
701 482 726 482 726 528 701 528
239 997 269 997 269 1044 239 1044
822 952 853 952 853 999 822 999
500 1103 533 1103 533 1150 500 1150
635 321 671 321 671 368 635 368
304 578 338 578 338 626 304 626
429 1276 473 1276 473 1324 429 1324
305 387 339 387 339 437 305 437
302 703 337 703 337 753 302 753
505 674 534 674 534 725 505 725
566 595 600 595 600 647 566 647
240 303 273 303 273 356 240 356
760 901 793 901 793 967 760 967
