145 1312 169 1312 169 1325 145 1325
272 660 280 660 280 673 272 673
293 834 313 834 313 847 293 847
860 648 883 648 883 663 860 663
298 820 313 820 313 835 298 835
136 737 179 737 179 752 136 752
799 1312 816 1312 816 1328 799 1328
214 726 233 726 233 742 214 742
272 1256 310 1256 310 1272 272 1272
671 1028 697 1028 697 1044 671 1044
142 681 172 681 172 697 142 697
300 759 318 759 318 776 300 776
796 1189 814 1189 814 1206 796 1206
218 1115 241 1115 241 1132 218 1132
262 643 287 643 287 660 262 660
802 1295 814 1295 814 1312 802 1312
607 841 628 841 628 858 607 858
747 1275 766 1275 766 1293 747 1293
607 383 628 383 628 401 607 401
825 1334 847 1334 847 1352 825 1352
469 403 498 403 498 421 469 421
288 848 319 848 319 866 288 866
202 1095 239 1095 239 1113 202 1113
866 598 882 598 882 616 866 616
864 500 882 500 882 518 864 518
883 1305 903 1305 903 1323 883 1323
876 995 897 995 897 1013 876 1013
210 1279 232 1279 232 1297 210 1297
273 320 292 320 292 338 273 338
212 1077 231 1077 231 1095 212 1095
741 805 761 805 761 823 741 823
287 1272 307 1272 307 1290 287 1290
280 1141 302 1141 302 1159 280 1159
804 639 829 639 829 657 804 657
808 1277 815 1277 815 1296 808 1296
270 769 282 769 282 788 270 788
828 1149 845 1149 845 1168 828 1168
265 789 283 789 283 808 265 808
265 718 283 718 283 737 265 737
540 436 559 436 559 455 540 455
290 742 315 742 315 761 290 761
811 518 833 518 833 537 811 537
857 519 893 519 893 538 857 538
354 349 364 349 364 369 354 369
411 645 431 645 431 665 411 665
681 1169 702 1169 702 1189 681 1189
676 582 699 582 699 602 676 602
336 726 359 726 359 746 336 746
858 666 887 666 887 686 858 686
551 1218 566 1218 566 1238 551 1238
883 459 910 459 910 479 883 479
266 814 285 814 285 834 266 834
794 1147 814 1147 814 1167 794 1167
791 1167 817 1167 817 1187 791 1187
798 352 825 352 825 372 798 372
334 327 374 327 374 347 334 347
134 1361 182 1361 182 1381 134 1381
541 525 562 525 562 546 541 546
891 633 914 633 914 654 891 654
867 454 880 454 880 475 867 475
742 427 765 427 765 448 742 448
890 517 914 517 914 538 890 538
213 1021 238 1021 238 1042 213 1042
796 1257 823 1257 823 1278 796 1278
732 1303 772 1303 772 1324 732 1324
801 1207 812 1207 812 1228 801 1228
676 389 696 389 696 410 676 410
149 1179 171 1179 171 1200 149 1200
808 856 831 856 831 877 808 877
875 1083 902 1083 902 1104 875 1104
537 616 577 616 577 637 537 637
832 1262 845 1262 845 1284 832 1284
293 587 309 587 309 609 293 609
474 489 495 489 495 511 474 511
136 349 166 349 166 371 136 371
741 493 772 493 772 515 741 515
733 829 769 829 769 851 733 851
212 1231 228 1231 228 1253 212 1253
478 707 498 707 498 729 478 729
260 614 281 614 281 636 260 636
605 931 626 931 626 953 605 953
875 942 897 942 897 964 875 964
542 1276 567 1276 567 1298 542 1298
674 1256 699 1256 699 1278 674 1278
796 402 832 402 832 424 796 424
878 1363 902 1363 902 1386 878 1386
734 1326 770 1326 770 1349 734 1349
202 1163 242 1163 242 1186 202 1186
821 1202 851 1202 851 1225 821 1225
203 468 247 468 247 491 203 491
742 611 761 611 761 634 742 634
209 862 232 862 232 885 209 885
343 1073 366 1073 366 1096 343 1096
336 1360 372 1360 372 1383 336 1383
898 656 911 656 911 680 898 680
744 993 761 993 761 1017 744 1017
543 967 562 967 562 991 543 991
867 390 894 390 894 414 867 414
138 1287 175 1287 175 1311 138 1311
608 785 625 785 625 809 608 809
545 1069 568 1069 568 1093 545 1093
469 799 516 799 516 823 469 823
799 1328 824 1328 824 1353 799 1353
886 570 915 570 915 595 886 595
867 572 881 572 881 597 867 597
809 458 824 458 824 483 809 483
282 1289 298 1289 298 1314 282 1314
416 822 434 822 434 847 416 847
810 615 829 615 829 640 810 640
147 1152 170 1152 170 1177 147 1177
822 1090 853 1090 853 1115 822 1115
733 519 766 519 766 544 733 544
797 661 844 661 844 686 797 686
872 474 879 474 879 499 872 499
264 589 277 589 277 614 264 614
148 956 163 956 163 981 148 981
671 412 696 412 696 437 671 437
290 637 316 637 316 662 290 662
596 509 634 509 634 534 596 534
679 780 694 780 694 806 679 806
549 712 567 712 567 738 549 738
808 546 828 546 828 572 808 572
350 518 382 518 382 544 350 544
673 1333 710 1333 710 1359 673 1359
141 1234 180 1234 180 1260 141 1260
333 939 375 939 375 965 333 965
742 747 757 747 757 773 742 773
348 275 375 275 375 301 348 301
791 1230 819 1230 819 1256 791 1256
134 524 169 524 169 550 134 550
857 357 900 357 900 383 857 383
211 966 228 966 228 992 211 992
893 597 913 597 913 623 893 623
278 1197 298 1197 298 1223 278 1223
828 1284 850 1284 850 1310 828 1310
287 561 315 561 315 587 287 587
676 1308 707 1308 707 1334 676 1334
600 903 634 903 634 929 600 929
735 635 771 635 771 661 735 661
734 1100 773 1100 773 1126 734 1126
550 545 562 545 562 572 550 572
825 1171 849 1171 849 1198 825 1198
671 807 703 807 703 834 671 834
668 1048 704 1048 704 1075 668 1075
867 966 905 966 905 993 867 993
200 1048 244 1048 244 1075 200 1075
214 1134 229 1134 229 1161 214 1161
676 523 693 523 693 550 676 550
674 1106 695 1106 695 1133 674 1133
260 836 288 836 288 863 260 863
201 583 237 583 237 610 201 610
797 428 837 428 837 455 797 455
281 451 297 451 297 479 281 479
133 372 173 372 173 400 133 400
268 870 309 870 309 898 268 898
336 1338 377 1338 377 1366 336 1366
527 940 571 940 571 968 527 968
219 486 232 486 232 514 219 514
214 747 227 747 227 775 214 775
266 740 282 740 282 768 266 768
681 1278 698 1278 698 1306 681 1306
346 1010 364 1010 364 1038 346 1038
409 361 432 361 432 389 409 389
893 687 916 687 916 715 893 715
803 882 831 882 831 910 803 910
346 1199 378 1199 378 1227 346 1227
202 443 245 443 245 471 202 471
139 648 184 648 184 676 139 676
211 833 232 833 232 861 211 861
476 675 498 675 498 703 476 703
790 373 830 373 830 401 790 401
745 1215 761 1215 761 1244 745 1244
806 321 823 321 823 350 806 350
481 644 498 644 498 673 481 673
209 321 228 321 228 350 209 350
610 1043 629 1043 629 1072 610 1072
339 663 359 663 359 692 339 692
824 1310 850 1310 850 1339 824 1339
860 618 887 618 887 647 860 647
141 550 169 550 169 579 141 579
603 405 634 405 634 434 603 434
804 1353 818 1353 818 1382 804 1382
740 852 760 852 760 881 740 881
794 1087 822 1087 822 1116 794 1116
805 972 840 972 840 1001 805 1001
666 1229 708 1229 708 1258 666 1258
269 1321 311 1321 311 1350 269 1350
740 364 757 364 757 394 740 394
610 646 627 646 627 676 610 676
146 321 163 321 163 351 146 351
880 1106 899 1106 899 1136 880 1136
545 1134 564 1134 564 1164 545 1164
605 319 624 319 624 349 605 349
257 559 280 559 280 589 257 589
356 428 380 428 380 458 356 458
205 347 232 347 232 377 205 377
824 1116 855 1116 855 1146 824 1146
663 608 700 608 700 638 663 638
140 701 177 701 177 731 140 731
532 405 570 405 570 435 532 435
892 538 913 538 913 568 892 568
604 808 633 808 633 838 604 838
536 876 566 876 566 906 536 906
667 548 698 548 698 578 667 578
737 1019 769 1019 769 1049 737 1049
873 1276 909 1276 909 1306 873 1306
465 460 505 460 505 490 465 490
862 1051 907 1051 907 1081 862 1081
296 609 313 609 313 639 296 639
409 577 429 577 429 607 409 607
606 1073 635 1073 635 1103 606 1103
345 855 381 855 381 885 345 885
350 489 388 489 388 519 350 519
665 1074 705 1074 705 1104 665 1104
867 539 882 539 882 570 867 570
891 482 914 482 914 513 891 513
287 661 317 661 317 692 287 692
473 513 506 513 506 544 473 544
205 692 239 692 239 723 205 723
484 729 496 729 496 760 484 760
362 460 380 460 380 491 362 491
207 800 239 800 239 831 207 831
532 456 566 456 566 487 532 487
139 1050 174 1050 174 1081 139 1081
139 1205 182 1205 182 1236 139 1236
334 1091 377 1091 377 1122 334 1122
212 379 231 379 231 410 212 410
204 988 236 988 236 1019 204 1019
598 476 633 476 633 507 598 507
608 1309 647 1309 647 1340 608 1340
264 419 305 419 305 450 264 450
867 802 910 802 910 833 867 833
330 432 351 432 351 464 330 464
147 1255 172 1255 172 1287 147 1287
139 982 167 982 167 1014 139 1014
737 1242 770 1242 770 1274 737 1274
872 1136 905 1136 905 1168 872 1168
321 233 343 233 343 265 321 265
824 1352 851 1352 851 1384 824 1384
143 1076 172 1076 172 1108 143 1108
275 1353 307 1353 307 1385 275 1385
400 322 435 322 435 354 400 354
199 412 240 412 240 444 199 444
201 772 242 772 242 804 201 804
799 912 841 912 841 944 799 944
744 574 759 574 759 607 744 607
273 1081 304 1081 304 1114 273 1114
668 1132 703 1132 703 1165 668 1165
603 568 641 568 641 601 603 601
804 945 843 945 843 978 804 978
135 619 176 619 176 652 135 652
273 344 297 344 297 377 273 377
875 1246 906 1246 906 1279 875 1279
598 348 631 348 631 381 598 381
862 324 896 324 896 357 862 357
801 821 836 821 836 854 801 854
270 1047 310 1047 310 1080 270 1080
258 524 283 524 283 557 258 557
673 640 701 640 701 673 673 673
734 392 764 392 764 425 734 425
204 1249 238 1249 238 1282 204 1282
870 1015 904 1015 904 1048 870 1048
602 677 629 677 629 711 602 711
287 524 315 524 315 558 287 558
276 1222 309 1222 309 1256 276 1256
269 1107 307 1107 307 1141 269 1141
667 320 706 320 706 354 667 354
600 959 645 959 645 993 600 993
266 1014 312 1014 312 1048 266 1048
331 1268 383 1268 383 1302 331 1302
805 482 836 482 836 516 805 516
601 1105 637 1105 637 1139 601 1139
741 1347 777 1347 777 1381 741 1381
673 1354 709 1354 709 1388 673 1388
403 608 441 608 441 642 403 642
864 869 904 869 904 903 864 903
327 594 368 594 368 628 327 628
799 730 840 730 840 764 799 764
300 779 307 779 307 814 300 814
283 1162 296 1162 296 1197 283 1197
208 659 241 659 241 694 208 694
667 1193 700 1193 700 1228 667 1228
466 423 500 423 500 458 466 458
734 1129 775 1129 775 1164 734 1164
610 533 623 533 623 568 610 568
825 1227 852 1227 852 1262 825 1262
336 691 365 691 365 726 336 726
401 747 434 747 434 782 401 782
535 906 569 906 569 941 535 941
404 849 438 849 438 884 404 884
539 807 574 807 574 842 539 842
203 545 238 545 238 580 203 580
868 834 913 834 913 869 868 869
548 1240 567 1240 567 1275 548 1275
878 1325 906 1325 906 1360 878 1360
147 865 177 865 177 900 147 900
347 234 378 234 378 269 347 269
804 789 838 789 838 824 804 824
331 628 372 628 372 663 331 663
210 517 224 517 224 553 210 553
540 842 558 842 558 878 540 878
138 1015 179 1015 179 1051 138 1051
593 711 644 711 644 747 593 747
146 583 168 583 168 619 146 619
538 738 573 738 573 774 538 774
141 789 181 789 181 825 141 825
541 575 578 575 578 612 541 612
862 418 904 418 904 455 862 455
268 974 311 974 311 1011 268 1011
802 999 853 999 853 1036 802 1036
272 673 281 673 281 710 272 710
539 994 570 994 570 1031 539 1031
271 479 305 479 305 516 271 516
669 710 710 710 710 747 669 747
358 1229 365 1229 365 1267 358 1267
609 435 623 435 623 473 609 473
543 769 570 769 570 807 543 807
142 749 173 749 173 787 142 787
735 769 767 769 767 807 735 807
734 454 770 454 770 492 734 492
135 486 173 486 173 524 135 524
664 873 713 873 713 911 664 911
270 936 304 936 304 974 270 974
531 489 572 489 572 527 531 527
678 740 693 740 693 778 678 778
538 1030 564 1030 564 1068 538 1068
872 1167 901 1167 901 1205 872 1205
668 673 704 673 704 711 668 711
666 909 707 909 707 947 666 947
337 1119 379 1119 379 1157 337 1157
137 1325 180 1325 180 1363 137 1363
546 638 564 638 564 677 546 677
668 835 704 835 704 874 668 874
340 1160 378 1160 378 1199 340 1199
607 862 624 862 624 901 607 901
337 1037 372 1037 372 1076 337 1076
401 670 436 670 436 709 401 709
203 1298 242 1298 242 1337 203 1337
866 760 906 760 906 799 866 799
200 1190 242 1190 242 1229 200 1229
541 671 572 671 572 711 541 711
466 759 507 759 507 799 466 799
138 446 175 446 175 486 138 486
403 779 446 779 446 819 403 819
139 827 182 827 182 867 139 867
736 535 781 535 781 575 736 575
669 487 702 487 702 527 669 527
401 392 436 392 436 432 401 432
268 899 309 899 309 939 268 939
597 1140 647 1140 647 1180 597 1180
806 574 831 574 831 615 806 615
800 686 843 686 843 727 800 727
601 1226 645 1226 645 1267 601 1267
544 1094 567 1094 567 1135 544 1135
870 901 903 901 903 942 870 942
263 377 302 377 302 418 263 418
801 1101 815 1101 815 1142 801 1142
332 466 348 466 348 507 332 507
468 359 500 359 500 400 468 400
203 890 240 890 240 931 203 931
330 548 375 548 375 589 330 589
533 1302 584 1302 584 1343 533 1343
412 705 428 705 428 747 412 747
333 968 372 968 372 1010 333 1010
731 663 775 663 775 705 731 705
805 755 830 755 830 797 805 797
869 1206 917 1206 917 1248 869 1248
608 602 624 602 624 645 608 645
290 695 314 695 314 738 290 738
734 320 765 320 765 363 734 363
200 925 241 925 241 968 200 968
565 1190 574 1190 574 1233 565 1233
865 714 910 714 910 757 865 757
537 1163 583 1163 583 1206 537 1206
734 912 784 912 784 955 734 955
677 347 689 347 689 391 677 391
230 1326 250 1326 250 1370 230 1370
338 809 374 809 374 853 338 853
598 1267 638 1267 638 1311 598 1311
600 1183 645 1183 645 1227 600 1227
204 1341 231 1341 231 1385 204 1385
737 876 778 876 778 920 737 920
400 433 445 433 445 477 400 477
743 952 759 952 759 997 743 997
732 703 773 703 773 748 732 748
333 1298 376 1298 376 1343 333 1343
663 947 714 947 714 992 663 992
812 1036 828 1036 828 1081 812 1081
599 741 644 741 644 786 599 786
667 439 703 439 703 486 667 486
399 532 444 532 444 579 399 579
140 398 169 398 169 445 140 445
667 991 710 991 710 1038 667 1038
355 886 364 886 364 935 355 935
607 995 623 995 623 1045 607 1045
142 903 172 903 172 953 142 953
205 613 243 613 243 664 205 664
734 1050 776 1050 776 1101 734 1101
735 1158 775 1158 775 1212 735 1212
397 480 438 480 438 534 397 534
345 357 358 357 358 412 345 412
336 748 366 748 366 808 336 808
