479 925 517 925 517 934 479 934
146 1378 165 1378 165 1389 146 1389
764 1040 790 1040 790 1053 764 1053
344 716 376 716 376 733 344 733
476 942 521 942 521 959 476 959
349 878 370 878 370 896 349 896
282 368 302 368 302 386 282 386
766 1060 786 1060 786 1078 766 1078
149 786 168 786 168 805 149 805
625 1039 645 1039 645 1058 625 1058
281 671 302 671 302 690 281 690
286 983 307 983 307 1002 286 1002
355 694 369 694 369 714 355 714
559 308 581 308 581 328 559 328
766 732 786 732 786 752 766 752
625 642 646 642 646 662 625 662
557 729 578 729 578 750 557 750
701 1236 716 1236 716 1258 701 1258
349 613 373 613 373 635 349 635
769 406 784 406 784 428 769 428
757 1087 799 1087 799 1109 757 1109
149 306 166 306 166 329 149 329
563 502 581 502 581 525 563 525
282 496 304 496 304 519 282 519
554 895 585 895 585 918 554 918
689 1171 725 1171 725 1194 689 1194
618 309 658 309 658 332 618 332
211 686 231 686 231 710 211 710
275 844 312 844 312 868 275 868
768 854 786 854 786 878 768 878
629 836 651 836 651 860 629 860
149 885 174 885 174 909 149 909
701 1060 718 1060 718 1084 701 1084
780 485 798 485 798 509 780 509
282 392 301 392 301 416 282 416
477 377 525 377 525 401 477 401
561 923 585 923 585 948 561 948
630 1190 650 1190 650 1216 630 1216
553 522 586 522 586 548 553 548
341 933 382 933 382 959 341 959
138 909 173 909 173 935 138 935
479 304 520 304 520 330 479 330
352 904 372 904 372 930 352 930
488 1072 510 1072 510 1098 488 1098
279 815 308 815 308 841 279 841
759 1291 792 1291 792 1317 759 1317
344 1363 391 1363 391 1389 344 1389
284 1160 304 1160 304 1187 284 1187
351 1027 372 1027 372 1054 351 1054
555 755 577 755 577 782 555 782
350 734 378 734 378 761 350 761
478 606 518 606 518 633 478 633
617 904 658 904 658 931 617 931
562 432 579 432 579 459 562 459
348 997 376 997 376 1024 348 1024
548 360 587 360 587 387 548 387
901 415 920 415 920 443 901 443
548 860 588 860 588 888 548 888
755 760 797 760 797 788 755 788
618 436 661 436 661 464 618 464
351 809 369 809 369 837 351 837
894 1028 938 1028 938 1056 894 1056
546 830 590 830 590 858 546 858
766 1232 798 1232 798 1260 766 1260
623 404 657 404 657 432 623 432
633 223 672 223 672 251 633 251
133 1150 173 1150 173 1178 133 1178
550 1194 585 1194 585 1223 550 1223
893 947 937 947 937 976 893 976
351 634 373 634 373 663 351 663
897 379 921 379 921 408 897 408
549 1334 589 1334 589 1363 549 1363
752 315 795 315 795 344 752 344
342 1335 387 1335 387 1364 342 1364
284 599 299 599 299 629 284 629
769 972 786 972 786 1002 769 1002
771 515 804 515 804 545 771 545
696 346 716 346 716 376 696 376
210 406 230 406 230 436 210 436
352 1302 390 1302 390 1332 352 1332
894 861 933 861 933 891 894 891
133 935 175 935 175 965 133 965
548 330 593 330 593 360 548 360
911 695 920 695 920 725 911 725
355 1230 379 1230 379 1260 355 1260
548 547 586 547 586 577 548 577
614 807 656 807 656 837 614 837
342 1089 388 1089 388 1119 342 1119
701 907 719 907 719 938 701 938
214 605 235 605 235 636 214 636
271 303 306 303 306 334 271 334
342 666 383 666 383 697 342 697
751 376 797 376 797 407 751 407
635 257 669 257 669 288 635 288
550 1263 585 1263 585 1294 550 1294
275 724 314 724 314 755 275 755
205 869 244 869 244 900 205 900
688 701 729 701 729 732 688 732
765 660 780 660 780 691 765 691
700 1260 718 1260 718 1291 700 1291
283 952 313 952 313 983 283 983
142 851 177 851 177 882 142 882
691 540 729 540 729 571 691 571
344 1054 384 1054 384 1085 344 1085
221 520 233 520 233 552 221 552
421 341 445 341 445 373 421 373
352 961 382 961 382 993 352 993
129 222 160 222 160 254 129 254
281 1187 312 1187 312 1219 281 1219
161 220 196 220 196 252 161 252
479 700 521 700 521 732 479 732
475 633 522 633 522 665 475 665
628 1159 650 1159 650 1191 628 1191
832 983 856 983 856 1015 832 1015
271 336 304 336 304 368 271 368
472 1005 522 1005 522 1037 472 1037
286 1005 304 1005 304 1038 286 1038
485 735 507 735 507 768 485 768
778 1260 806 1260 806 1293 778 1293
482 1036 513 1036 513 1069 482 1069
273 1222 315 1222 315 1255 273 1255
620 933 663 933 663 966 620 966
627 665 650 665 650 698 627 698
141 624 173 624 173 657 141 657
550 584 592 584 592 617 550 617
618 1062 660 1062 660 1095 618 1095
685 876 729 876 729 909 685 909
279 748 311 748 311 781 279 781
623 1217 658 1217 658 1250 623 1250
275 779 314 779 314 812 275 812
617 1097 662 1097 662 1130 617 1130
622 864 652 864 652 898 622 898
766 1312 797 1312 797 1346 766 1346
891 616 927 616 927 650 891 650
757 1002 793 1002 793 1036 757 1036
893 1360 930 1360 930 1394 893 1394
341 841 381 841 381 875 341 875
620 1328 661 1328 661 1362 620 1362
286 1038 302 1038 302 1072 286 1072
691 1129 732 1129 732 1163 691 1163
767 1110 790 1110 790 1145 767 1145
890 577 923 577 923 612 890 612
624 1361 658 1361 658 1396 624 1396
485 664 520 664 520 699 485 699
208 901 243 901 243 936 208 936
279 693 316 693 316 728 279 728
137 1266 176 1266 176 1301 137 1301
476 861 519 861 519 896 476 896
551 692 582 692 582 727 551 727
754 259 792 259 792 294 754 294
204 716 246 716 246 751 204 751
694 1291 722 1291 722 1326 694 1326
618 968 656 968 656 1003 618 1003
275 924 314 924 314 959 275 959
133 544 181 544 181 580 133 580
488 481 511 481 511 517 488 517
411 303 443 303 443 339 411 339
208 751 241 751 241 787 208 787
204 436 239 436 239 472 204 472
602 221 637 221 637 257 602 257
138 746 175 746 175 782 138 782
754 819 802 819 802 855 754 855
618 1253 669 1253 669 1289 618 1289
690 377 722 377 722 414 690 414
693 573 729 573 729 610 693 610
618 566 655 566 655 603 618 603
475 1359 526 1359 526 1396 475 1396
897 731 929 731 929 768 897 768
773 446 806 446 806 483 773 483
620 1002 658 1002 658 1039 620 1039
685 613 729 613 729 650 685 650
701 500 715 500 715 537 701 537
764 788 786 788 786 825 764 825
895 1319 920 1319 920 1356 895 1356
893 818 928 818 928 855 893 855
480 1192 526 1192 526 1229 480 1229
773 1346 789 1346 789 1384 773 1384
711 1193 729 1193 729 1231 711 1231
489 1226 517 1226 517 1264 489 1264
555 950 589 950 589 988 555 988
690 1023 726 1023 726 1061 690 1061
482 1101 519 1101 519 1139 482 1139
482 520 521 520 521 558 482 558
890 1234 930 1234 930 1272 890 1272
691 831 731 831 731 869 691 869
624 332 657 332 657 370 624 370
343 539 380 539 380 577 343 577
282 1075 320 1075 320 1113 282 1113
550 1076 589 1076 589 1114 550 1114
548 1358 594 1358 594 1396 548 1396
687 1088 737 1088 737 1126 687 1126
557 1294 583 1294 583 1333 557 1333
690 308 719 308 719 347 690 347
686 984 725 984 725 1023 686 1023
272 520 317 520 317 559 272 559
130 1022 186 1022 186 1061 130 1061
758 690 793 690 793 729 758 729
756 558 797 558 797 597 756 597
142 412 186 412 186 451 142 451
548 993 594 993 594 1032 548 1032
152 374 167 374 167 413 152 413
347 572 380 572 380 611 347 611
546 1227 587 1227 587 1266 546 1266
206 640 250 640 250 679 206 679
339 1263 391 1263 391 1302 339 1302
291 454 304 454 304 494 291 494
766 343 786 343 786 383 766 383
830 865 860 865 860 905 830 905
140 712 173 712 173 752 140 752
214 830 247 830 247 870 214 870
275 629 309 629 309 669 275 669
553 1036 588 1036 588 1076 553 1076
826 1020 863 1020 863 1060 826 1060
551 655 589 655 589 695 551 695
347 1190 389 1190 389 1230 347 1230
276 1348 319 1348 319 1388 276 1388
628 1120 652 1120 652 1161 628 1161
897 446 923 446 923 487 897 487
619 601 654 601 654 642 619 642
211 789 246 789 246 830 211 830
621 698 657 698 657 739 621 739
478 400 519 400 519 441 478 441
338 455 384 455 384 496 338 496
129 1346 182 1346 182 1387 129 1387
765 1190 789 1190 789 1231 765 1231
349 1149 377 1149 377 1190 349 1190
484 961 514 961 514 1002 484 1002
141 455 184 455 184 496 141 496
560 457 578 457 578 498 560 498
696 747 717 747 717 788 696 788
554 619 579 619 579 660 554 660
694 654 720 654 720 695 694 695
681 461 725 461 725 502 681 502
274 1116 324 1116 324 1157 274 1157
836 764 853 764 853 806 836 806
138 808 176 808 176 850 138 850
622 467 664 467 664 509 622 509
339 409 381 409 381 451 339 451
697 415 714 415 714 457 697 457
762 1145 790 1145 790 1187 762 1187
838 1062 868 1062 868 1104 838 1104
138 1178 170 1178 170 1220 138 1220
487 1265 507 1265 507 1307 487 1307
478 332 517 332 517 374 478 374
620 369 662 369 662 411 620 411
272 417 322 417 322 459 272 459
559 389 575 389 575 432 559 432
895 650 927 650 927 693 895 693
893 1112 930 1112 930 1155 893 1155
619 1286 663 1286 663 1329 619 1329
482 437 517 437 517 480 482 480
142 498 178 498 178 541 142 541
896 532 933 532 933 575 896 575
479 1145 522 1145 522 1188 479 1188
364 1116 373 1116 373 1160 364 1160
633 763 643 763 643 807 633 807
819 559 861 559 861 603 819 603
275 1252 317 1252 317 1296 275 1296
695 939 718 939 718 983 695 983
136 1219 178 1219 178 1263 136 1263
829 716 860 716 860 760 829 760
552 1117 584 1117 584 1162 552 1162
139 332 180 332 180 377 139 377
410 373 456 373 456 418 410 418
491 767 502 767 502 813 491 813
894 1065 932 1065 932 1111 894 1111
551 1160 590 1160 590 1206 551 1206
484 813 510 813 510 859 484 859
198 556 250 556 250 602 198 602
139 580 181 580 181 627 139 627
888 484 938 484 938 531 888 531
479 1310 529 1310 529 1357 479 1357
551 787 584 787 584 835 551 835
210 935 243 935 243 983 210 983
204 302 242 302 242 350 204 350
897 767 935 767 935 815 897 815
277 556 314 556 314 605 277 605
276 872 313 872 313 921 276 921
888 899 929 899 929 948 888 948
819 611 863 611 863 660 819 660
618 734 666 734 666 783 618 783
343 302 383 302 383 352 343 352
339 490 380 490 380 540 339 540
764 1349 799 1349 799 1399 764 1399
343 354 380 354 380 404 343 404
888 1267 929 1267 929 1317 888 1317
685 786 726 786 726 837 685 837
131 1101 173 1101 173 1152 131 1152
619 514 659 514 659 566 619 566
756 931 796 931 796 983 756 983
339 760 387 760 387 812 339 812
269 1296 322 1296 322 1348 269 1348
129 1302 174 1302 174 1354 129 1354
826 438 850 438 850 491 826 491
894 976 935 976 935 1029 894 1029
206 468 240 468 240 521 206 521
755 880 798 880 798 933 755 933
828 660 865 660 865 714 828 714
753 601 795 601 795 655 753 655
140 659 180 659 180 714 140 714
129 968 180 968 180 1023 129 1023
202 355 246 355 246 412 202 412
824 1101 868 1101 868 1158 824 1158
826 803 869 803 869 860 826 860
889 317 935 317 935 379 889 379
823 908 868 908 868 978 823 978
