264 468 270 468 270 482 264 482
289 1234 311 1234 311 1248 289 1248
187 595 209 595 209 610 187 610
279 333 288 333 288 349 279 349
899 696 930 696 930 712 899 712
187 937 231 937 231 953 187 953
283 1217 313 1217 313 1233 283 1233
287 537 319 537 319 553 287 553
899 1401 929 1401 929 1417 899 1417
828 606 859 606 859 623 828 623
415 1379 431 1379 431 1396 415 1396
829 526 860 526 860 544 829 544
693 1042 715 1042 715 1060 693 1060
472 689 507 689 507 707 472 707
222 619 237 619 237 638 222 638
624 1028 644 1028 644 1047 624 1047
214 563 242 563 242 582 214 582
693 1398 713 1398 713 1417 693 1417
341 978 363 978 363 997 341 997
132 1241 149 1241 149 1261 132 1261
625 655 645 655 645 675 625 675
269 879 290 879 290 899 269 899
200 837 222 837 222 857 200 857
127 428 156 428 156 448 127 448
284 438 315 438 315 458 284 458
252 1270 266 1270 266 1291 252 1291
413 412 434 412 434 433 413 433
200 1236 222 1236 222 1257 200 1257
126 939 150 939 150 960 126 960
282 1280 314 1280 314 1301 282 1301
688 678 710 678 710 699 688 699
338 657 361 657 361 678 338 678
261 484 285 484 285 505 261 505
286 464 312 464 312 485 286 485
198 362 216 362 216 384 198 384
197 1016 216 1016 216 1038 197 1038
472 1135 509 1135 509 1157 472 1157
127 1263 151 1263 151 1285 127 1285
897 716 929 716 929 738 897 738
837 500 849 500 849 522 837 522
341 1045 355 1045 355 1067 341 1067
285 1194 312 1194 312 1216 285 1216
835 441 864 441 864 463 835 463
621 1124 636 1124 636 1147 621 1147
835 1360 852 1360 852 1383 835 1383
475 1327 495 1327 495 1350 475 1350
118 714 156 714 156 737 118 737
190 309 229 309 229 332 190 332
413 510 428 510 428 533 413 533
271 1064 288 1064 288 1087 271 1087
265 308 300 308 300 331 265 331
625 413 643 413 643 437 625 437
824 663 862 663 862 687 824 687
823 579 869 579 869 603 823 603
342 1184 360 1184 360 1208 342 1208
834 781 853 781 853 805 834 805
200 431 220 431 220 455 200 455
198 951 231 951 231 975 198 975
615 1054 648 1054 648 1078 615 1078
470 1161 505 1161 505 1185 470 1185
248 1132 276 1132 276 1156 248 1156
904 630 920 630 920 655 904 655
406 1395 443 1395 443 1420 406 1420
120 1220 160 1220 160 1245 120 1245
906 1338 920 1338 920 1363 906 1363
340 776 356 776 356 801 340 801
269 948 292 948 292 973 269 973
285 1130 313 1130 313 1155 285 1155
684 1260 724 1260 724 1285 684 1285
134 344 155 344 155 370 134 370
338 1212 367 1212 367 1238 338 1238
121 882 156 882 156 908 121 908
338 242 375 242 375 268 338 268
187 566 205 566 205 592 187 592
623 790 642 790 642 816 623 816
478 1392 497 1392 497 1418 478 1418
683 240 718 240 718 266 683 266
190 233 229 233 229 259 190 259
693 813 713 813 713 839 693 839
248 1161 271 1161 271 1187 248 1187
691 1177 715 1177 715 1203 691 1203
183 612 207 612 207 638 183 638
403 343 443 343 443 369 403 369
201 1296 219 1296 219 1323 201 1323
833 693 853 693 853 720 833 720
122 452 161 452 161 479 122 479
397 742 439 742 439 769 397 769
411 868 425 868 425 895 411 895
482 1256 496 1256 496 1283 482 1283
903 1072 927 1072 927 1099 903 1099
340 267 375 267 375 294 340 294
121 853 158 853 158 880 121 880
625 342 655 342 655 370 625 370
191 334 228 334 228 362 191 362
402 484 441 484 441 512 402 512
905 469 923 469 923 497 905 497
833 465 852 465 852 493 833 493
903 770 925 770 925 798 903 798
902 1208 927 1208 927 1236 902 1236
482 1223 499 1223 499 1251 482 1251
479 749 497 749 497 777 479 777
339 805 364 805 364 833 339 833
828 809 858 809 858 837 828 837
686 1064 716 1064 716 1092 686 1092
826 546 863 546 863 574 826 574
127 689 145 689 145 718 127 718
198 769 217 769 217 798 198 798
546 1088 581 1088 581 1117 546 1117
684 702 721 702 721 731 684 731
616 310 658 310 658 339 616 339
903 1175 924 1175 924 1204 903 1204
410 708 432 708 432 737 410 737
333 840 368 840 368 869 333 869
686 311 722 311 722 340 686 340
544 1357 583 1357 583 1386 544 1386
540 1281 581 1281 581 1310 540 1310
892 740 935 740 935 769 892 769
694 382 706 382 706 412 694 412
271 814 285 814 285 844 271 844
409 674 432 674 432 704 409 704
193 1202 225 1202 225 1232 193 1232
473 424 507 424 507 454 473 454
472 821 511 821 511 851 472 851
411 537 434 537 434 567 411 567
265 1089 294 1089 294 1119 265 1119
544 1387 580 1387 580 1417 544 1417
893 802 932 802 932 832 893 832
909 1143 922 1143 922 1174 909 1174
338 911 357 911 357 942 338 942
279 1380 309 1380 309 1411 279 1411
215 582 246 582 246 613 215 613
402 893 433 893 433 924 402 924
617 678 655 678 655 709 617 709
823 928 863 928 863 959 823 959
128 733 149 733 149 764 128 764
193 1041 220 1041 220 1072 193 1072
272 346 306 346 306 377 272 377
407 1128 441 1128 441 1159 407 1159
545 670 582 670 582 701 545 701
682 469 721 469 721 500 682 500
191 202 233 202 233 233 191 233
542 908 589 908 589 939 542 939
294 1244 306 1244 306 1276 294 1276
195 260 228 260 228 292 195 292
116 1144 150 1144 150 1176 116 1176
825 1116 859 1116 859 1148 825 1148
264 264 301 264 301 296 264 296
258 781 303 781 303 813 258 813
201 906 215 906 215 938 201 938
898 498 929 498 929 530 898 530
825 1027 859 1027 859 1059 825 1059
280 1161 320 1161 320 1193 280 1193
128 1289 148 1289 148 1322 128 1322
249 1291 272 1291 272 1324 249 1324
407 1271 444 1271 444 1304 407 1304
548 496 588 496 588 529 548 529
627 574 644 574 644 607 627 607
690 842 721 842 721 875 690 875
469 1099 501 1099 501 1132 469 1132
895 1366 927 1366 927 1399 895 1399
619 755 654 755 654 788 619 788
327 940 362 940 362 973 327 973
687 266 723 266 723 299 687 299
397 1056 440 1056 440 1089 397 1089
257 511 279 511 279 544 257 544
253 433 280 433 280 466 253 466
615 1150 646 1150 646 1183 615 1183
619 377 651 377 651 410 619 410
211 521 245 521 245 554 211 554
121 556 159 556 159 589 121 589
682 595 722 595 722 628 682 628
617 819 647 819 647 853 617 853
548 1245 581 1245 581 1279 548 1279
260 201 294 201 294 235 260 235
686 207 720 207 720 241 686 241
263 975 306 975 306 1009 263 1009
334 1070 355 1070 355 1104 334 1104
475 781 504 781 504 815 475 815
262 841 293 841 293 875 262 875
262 232 302 232 302 266 262 266
905 348 922 348 922 383 905 383
476 1065 498 1065 498 1100 476 1100
899 1035 923 1035 923 1070 899 1070
192 1167 229 1167 229 1202 192 1202
613 956 651 956 651 991 613 991
121 903 163 903 163 938 121 938
464 1355 515 1355 515 1390 464 1390
622 441 650 441 650 476 622 476
331 616 365 616 365 651 331 651
279 1345 313 1345 313 1380 279 1380
685 1362 727 1362 727 1397 685 1397
538 1004 581 1004 581 1039 538 1039
900 966 920 966 920 1001 900 1001
831 1385 857 1385 857 1420 831 1420
193 798 227 798 227 833 193 833
120 515 159 515 159 550 120 550
116 1057 156 1057 156 1092 116 1092
690 1140 711 1140 711 1176 690 1176
897 655 927 655 927 691 897 691
189 1319 219 1319 219 1355 189 1355
337 307 368 307 368 343 337 343
475 1188 508 1188 508 1224 475 1224
335 343 376 343 376 379 335 379
906 425 918 425 918 461 906 461
621 1083 647 1083 647 1119 621 1119
684 964 719 964 719 1000 684 1000
544 1156 580 1156 580 1192 544 1192
187 1132 230 1132 230 1169 187 1169
466 387 510 387 510 424 466 424
612 860 656 860 656 897 612 897
124 1015 165 1015 165 1052 124 1052
617 985 646 985 646 1022 617 1022
684 1330 721 1330 721 1367 684 1367
198 978 216 978 216 1016 198 1016
695 340 721 340 721 378 695 378
686 774 728 774 728 812 686 812
325 1101 371 1101 371 1139 325 1139
185 520 203 520 203 558 185 558
119 1323 152 1323 152 1361 119 1361
895 999 929 999 929 1037 895 1037
480 649 500 649 500 688 480 688
407 370 436 370 436 409 407 409
193 689 224 689 224 728 193 728
474 453 506 453 506 492 474 492
472 944 509 944 509 983 472 983
893 387 933 387 933 426 893 426
470 342 510 342 510 381 470 381
288 1300 308 1300 308 1339 288 1339
688 998 717 998 717 1037 688 1037
620 608 653 608 653 647 620 647
472 1287 509 1287 509 1326 472 1326
548 1116 584 1116 584 1155 548 1155
125 593 162 593 162 632 125 632
332 583 371 583 371 622 332 622
543 865 582 865 582 904 543 904
616 538 655 538 655 577 616 577
681 731 725 731 725 770 681 770
836 400 853 400 853 440 836 440
830 622 857 622 857 662 830 662
547 1046 588 1046 588 1086 547 1086
117 809 160 809 160 849 117 849
261 603 306 603 306 643 261 643
247 1188 273 1188 273 1228 247 1228
470 902 509 902 509 942 470 942
684 1292 723 1292 723 1332 684 1332
892 1102 932 1102 932 1142 892 1142
196 1256 225 1256 225 1297 196 1297
265 382 296 382 296 423 265 423
476 602 514 602 514 643 476 643
678 1213 724 1213 724 1254 678 1254
132 764 146 764 146 805 132 805
755 454 789 454 789 495 755 495
549 620 590 620 590 661 549 661
201 385 217 385 217 427 201 427
895 1302 928 1302 928 1344 895 1344
114 1175 157 1175 157 1217 114 1217
477 981 503 981 503 1023 477 1023
198 460 226 460 226 502 198 502
548 716 581 716 581 758 548 758
331 1000 368 1000 368 1042 331 1042
191 643 234 643 234 685 191 685
758 551 790 551 790 594 758 594
893 834 931 834 931 877 893 877
682 925 725 925 725 968 682 968
297 488 305 488 305 531 297 531
548 350 583 350 583 393 548 393
405 630 443 630 443 673 405 673
617 709 658 709 658 752 617 752
191 730 228 730 228 773 191 773
543 817 582 817 582 860 543 860
543 765 586 765 586 808 543 808
263 554 310 554 310 598 263 598
195 860 225 860 225 904 195 904
694 1094 710 1094 710 1139 694 1139
122 634 161 634 161 679 122 679
546 447 587 447 587 492 546 492
680 631 723 631 723 676 680 676
397 1084 440 1084 440 1129 397 1129
681 421 725 421 725 466 681 466
394 1346 440 1346 440 1391 394 1391
329 428 375 428 375 473 329 473
394 1012 445 1012 445 1057 394 1057
475 554 502 554 502 599 475 599
545 400 583 400 583 445 545 445
684 548 723 548 723 593 684 593
681 878 725 878 725 923 681 923
265 900 291 900 291 945 265 945
395 1306 446 1306 446 1351 395 1351
266 644 294 644 294 690 266 690
399 1162 437 1162 437 1208 399 1208
254 738 297 738 297 784 254 784
464 1022 515 1022 515 1068 464 1068
409 435 434 435 434 481 409 481
687 500 722 500 722 546 687 546
895 588 932 588 932 634 895 634
328 869 377 869 377 915 328 915
336 379 371 379 371 426 336 426
124 1365 153 1365 153 1412 124 1412
752 497 797 497 797 544 752 544
826 1268 863 1268 863 1317 826 1317
827 879 868 879 868 928 827 928
114 1091 157 1091 157 1140 114 1140
766 598 782 598 782 647 766 647
125 960 149 960 149 1009 125 1009
470 706 507 706 507 755 470 755
542 1195 579 1195 579 1244 542 1244
823 972 866 972 866 1021 823 1021
468 855 513 855 513 904 468 904
256 689 306 689 306 738 256 738
130 374 153 374 153 424 130 424
549 1307 573 1307 573 1357 549 1357
398 967 440 967 440 1017 398 1017
400 775 443 775 443 826 400 826
400 1218 443 1218 443 1269 400 1269
824 349 865 349 865 400 824 400
266 1010 294 1010 294 1062 266 1062
539 949 582 949 582 1002 539 1002
891 535 935 535 935 588 891 588
199 1354 221 1354 221 1407 199 1407
757 350 787 350 787 403 757 403
614 485 661 485 661 538 614 538
337 1127 361 1127 361 1181 337 1181
189 1076 223 1076 223 1130 189 1130
397 821 443 821 443 875 397 875
332 680 370 680 370 735 332 735
823 1152 868 1152 868 1209 823 1209
328 530 374 530 374 588 328 588
477 491 502 491 502 550 477 550
896 1240 931 1240 931 1299 896 1299
331 470 372 470 372 530 331 530
613 895 659 895 659 955 613 955
405 566 439 566 439 636 405 636
