472 477 507 477 507 485 472 485
547 1235 574 1235 574 1248 547 1248
335 769 361 769 361 783 335 783
768 715 779 715 779 730 768 730
686 346 714 346 714 361 686 361
130 981 149 981 149 998 130 998
623 1181 643 1181 643 1198 623 1198
898 1251 923 1251 923 1268 898 1268
408 1392 442 1392 442 1409 408 1409
207 1301 217 1301 217 1318 207 1318
408 873 437 873 437 890 408 890
128 373 148 373 148 391 128 391
271 649 292 649 292 667 271 667
478 625 504 625 504 643 478 643
273 1273 293 1273 293 1291 273 1291
272 997 293 997 293 1015 272 1015
199 470 219 470 219 489 199 489
131 1289 152 1289 152 1308 131 1308
625 1395 644 1395 644 1415 625 1415
626 911 646 911 646 931 626 931
126 657 147 657 147 677 126 677
203 775 224 775 224 795 203 795
767 1320 791 1320 791 1340 767 1340
265 1297 300 1297 300 1318 265 1318
475 1353 502 1353 502 1374 475 1374
263 672 300 672 300 694 263 694
271 376 287 376 287 398 271 398
472 648 511 648 511 670 472 670
130 783 151 783 151 805 130 805
193 1090 230 1090 230 1112 193 1112
258 309 297 309 297 331 258 331
201 1321 222 1321 222 1344 201 1344
822 304 865 304 865 327 822 327
478 1247 502 1247 502 1271 478 1271
122 1007 159 1007 159 1031 122 1031
820 899 861 899 861 923 820 923
119 1110 160 1110 160 1134 119 1134
343 993 361 993 361 1017 343 1017
206 878 235 878 235 902 206 902
342 823 377 823 377 847 342 847
698 651 715 651 715 676 698 676
201 846 220 846 220 871 201 871
905 874 928 874 928 899 905 899
212 1057 239 1057 239 1082 212 1082
904 746 934 746 934 771 904 771
617 740 652 740 652 765 617 765
204 714 220 714 220 740 204 740
554 831 572 831 572 857 554 857
482 933 502 933 502 959 482 959
618 1337 655 1337 655 1363 618 1363
201 570 218 570 218 596 201 596
272 938 290 938 290 964 272 964
129 398 159 398 159 424 129 424
756 1342 790 1342 790 1368 756 1368
266 826 301 826 301 852 266 852
617 1272 657 1272 657 1298 617 1298
341 1062 356 1062 356 1088 341 1088
898 1032 916 1032 916 1058 898 1058
129 589 148 589 148 615 129 615
625 1066 644 1066 644 1092 625 1092
550 864 572 864 572 890 550 890
333 920 370 920 370 946 333 946
193 1025 235 1025 235 1051 193 1051
128 305 144 305 144 332 128 332
833 1254 850 1254 850 1281 833 1281
694 404 717 404 717 431 694 431
271 1021 302 1021 302 1048 271 1048
542 498 587 498 587 525 542 525
761 376 777 376 777 404 761 404
548 525 568 525 568 553 548 553
634 1156 666 1156 666 1184 634 1184
617 1094 653 1094 653 1122 617 1122
472 733 504 733 504 761 472 761
750 729 794 729 794 757 750 757
130 909 146 909 146 937 130 937
342 379 360 379 360 407 342 407
831 1370 857 1370 857 1398 831 1398
197 1345 229 1345 229 1373 197 1373
414 775 433 775 433 804 414 804
759 301 781 301 781 330 759 330
339 532 363 532 363 561 339 561
204 907 232 907 232 936 204 936
130 1312 164 1312 164 1341 130 1341
553 1169 570 1169 570 1198 553 1198
622 763 641 763 641 792 622 792
212 1236 239 1236 239 1265 212 1265
547 1249 582 1249 582 1278 547 1278
334 850 370 850 370 879 334 879
548 429 584 429 584 458 548 458
191 1154 232 1154 232 1183 191 1183
475 864 507 864 507 894 475 894
406 805 439 805 439 835 406 835
332 655 365 655 365 685 332 685
621 1239 660 1239 660 1269 621 1269
413 665 433 665 433 695 413 695
827 868 852 868 852 898 827 898
256 197 299 197 299 227 256 227
628 1363 640 1363 640 1394 628 1394
769 1251 783 1251 783 1282 769 1282
900 1377 933 1377 933 1408 900 1408
117 425 165 425 165 456 117 456
412 596 433 596 433 627 412 627
415 1010 429 1010 429 1041 415 1041
543 1199 575 1199 575 1230 543 1230
331 1132 369 1132 369 1163 331 1163
753 450 795 450 795 481 753 481
685 681 728 681 728 712 685 712
265 576 294 576 294 608 265 608
264 508 300 508 300 540 264 540
469 496 515 496 515 528 469 528
193 740 227 740 227 772 193 772
120 1380 159 1380 159 1412 120 1412
757 561 793 561 793 594 757 594
900 1269 920 1269 920 1302 900 1302
200 1269 224 1269 224 1302 200 1302
401 1080 435 1080 435 1113 401 1113
263 254 300 254 300 287 263 287
123 1137 167 1137 167 1170 123 1170
817 697 869 697 869 730 817 730
274 1370 294 1370 294 1403 274 1403
407 628 443 628 443 661 407 661
121 1225 158 1225 158 1258 121 1258
263 224 301 224 301 257 263 257
403 1360 442 1360 442 1393 403 1393
554 695 574 695 574 729 554 729
549 303 577 303 577 337 549 337
898 515 928 515 928 549 898 549
122 617 153 617 153 651 122 651
270 1237 302 1237 302 1271 270 1271
894 340 927 340 927 374 894 374
407 739 440 739 440 773 407 773
193 388 227 388 227 422 193 422
824 553 863 553 863 587 824 587
890 1057 933 1057 933 1091 890 1091
629 989 646 989 646 1023 629 1023
410 1324 436 1324 436 1358 410 1358
118 335 154 335 154 369 118 369
615 252 652 252 652 286 615 286
334 787 372 787 372 821 334 821
894 1092 935 1092 935 1126 894 1126
201 991 222 991 222 1026 201 1026
472 437 501 437 501 472 472 472
265 962 298 962 298 997 265 997
333 491 367 491 367 526 333 526
122 1341 157 1341 157 1376 122 1376
404 975 441 975 441 1010 404 1010
544 462 585 462 585 497 544 497
259 539 303 539 303 574 259 574
414 391 430 391 430 426 414 426
127 746 149 746 149 781 127 781
334 1165 368 1165 368 1200 334 1200
195 1377 230 1377 230 1412 195 1412
407 561 442 561 442 596 407 596
266 1205 301 1205 301 1240 266 1240
475 1154 512 1154 512 1189 475 1189
822 736 863 736 863 771 822 771
618 1205 659 1205 659 1240 618 1240
118 718 160 718 160 753 118 753
770 931 786 931 786 966 770 966
766 803 787 803 787 838 766 838
619 873 652 873 652 908 619 908
124 1255 157 1255 157 1290 124 1290
689 475 725 475 725 510 689 510
822 414 863 414 863 449 822 449
191 594 236 594 236 629 191 629
624 345 642 345 642 381 624 381
341 305 360 305 360 341 341 341
554 653 576 653 576 689 554 689
335 1092 364 1092 364 1128 335 1128
472 1322 513 1322 513 1358 472 1358
470 1375 511 1375 511 1411 470 1411
351 1204 367 1204 367 1240 351 1240
333 686 363 686 363 722 333 722
123 940 153 940 153 976 123 976
761 966 792 966 792 1002 761 1002
891 305 926 305 926 341 891 341
121 681 159 681 159 717 121 717
541 1039 584 1039 584 1075 541 1075
417 835 430 835 430 872 417 872
764 596 784 596 784 633 764 633
405 1044 439 1044 439 1081 405 1081
194 802 233 802 233 839 194 839
753 1101 797 1101 797 1138 753 1138
890 1212 934 1212 934 1249 890 1249
611 375 660 375 660 412 611 412
617 306 651 306 651 343 617 343
262 607 297 607 297 644 262 644
121 1068 158 1068 158 1105 121 1105
898 781 935 781 935 818 898 818
621 1024 659 1024 659 1061 621 1061
684 714 729 714 729 751 684 751
695 301 707 301 707 338 695 338
755 677 790 677 790 714 755 714
196 530 233 530 233 567 196 567
609 559 653 559 653 596 609 596
541 386 590 386 590 423 541 423
762 632 786 632 786 670 762 670
613 841 652 841 652 879 613 879
192 680 235 680 235 718 192 718
610 463 654 463 654 501 610 501
820 1329 865 1329 865 1367 820 1367
398 1112 436 1112 436 1150 398 1150
403 1204 441 1204 441 1242 403 1242
400 935 439 935 439 973 400 973
895 376 935 376 935 414 895 414
826 510 866 510 866 548 826 548
483 893 502 893 502 932 483 932
762 1172 782 1172 782 1211 762 1211
767 1367 789 1367 789 1406 767 1406
268 780 298 780 298 819 268 819
403 352 438 352 438 391 403 391
331 1235 370 1235 370 1274 331 1274
613 697 657 697 657 736 613 736
761 1283 783 1283 783 1322 761 1322
755 335 789 335 789 374 755 374
894 1170 924 1170 924 1209 894 1209
406 893 438 893 438 932 406 932
341 880 380 880 380 919 341 919
330 342 371 342 371 381 330 381
890 590 932 590 932 629 890 629
891 1302 937 1302 937 1341 891 1341
187 303 236 303 236 342 187 342
827 330 862 330 862 370 827 370
625 1296 660 1296 660 1336 625 1336
820 1212 865 1212 865 1252 820 1252
348 452 356 452 356 493 348 493
768 527 783 527 783 568 768 568
695 608 713 608 713 649 695 649
274 1324 296 1324 296 1365 274 1365
548 994 577 994 577 1035 548 1035
757 409 787 409 787 450 757 450
687 361 721 361 721 402 687 402
753 1138 790 1138 790 1179 753 1179
820 1370 861 1370 861 1411 820 1411
908 950 920 950 920 991 908 991
553 1373 583 1373 583 1414 553 1414
123 455 164 455 164 496 123 496
485 394 493 394 493 435 485 435
340 949 356 949 356 990 340 990
263 905 299 905 299 946 263 946
888 549 931 549 931 590 888 590
118 543 157 543 157 585 118 585
401 1240 444 1240 444 1282 401 1282
401 1285 445 1285 445 1327 401 1327
405 423 435 423 435 465 405 465
618 796 648 796 648 838 618 838
193 489 230 489 230 531 193 531
613 415 655 415 655 457 613 457
614 1120 658 1120 658 1162 614 1162
821 824 866 824 866 866 821 866
275 1052 293 1052 293 1095 275 1095
895 1336 928 1336 928 1379 895 1379
260 407 305 407 305 450 260 450
470 577 516 577 516 620 470 620
815 1065 864 1065 864 1108 815 1108
336 409 372 409 372 452 336 452
543 1329 581 1329 581 1372 543 1372
272 735 288 735 288 778 272 778
405 304 438 304 438 347 405 347
839 366 847 366 847 410 839 410
189 634 230 634 230 678 189 678
892 995 940 995 940 1039 892 1039
823 1011 855 1011 855 1055 823 1055
335 610 369 610 369 654 335 654
406 514 441 514 441 558 406 558
755 1002 795 1002 795 1046 755 1046
751 889 797 889 797 933 751 933
398 465 445 465 445 509 398 509
679 430 728 430 728 474 679 474
479 1052 499 1052 499 1097 479 1097
899 465 924 465 924 510 899 510
621 939 656 939 656 984 621 984
120 860 158 860 158 905 120 905
753 480 795 480 795 525 753 525
903 693 925 693 925 738 903 738
823 923 858 923 858 968 823 968
471 530 515 530 515 575 471 575
892 905 937 905 937 950 892 950
328 1018 373 1018 373 1063 328 1063
617 602 647 602 647 647 617 647
120 501 165 501 165 546 120 546
551 786 571 786 571 832 551 832
470 763 513 763 513 809 470 809
200 424 220 424 220 470 200 470
539 895 584 895 584 941 539 941
400 695 449 695 449 741 400 741
545 945 582 945 582 992 545 992
756 1210 796 1210 796 1257 756 1257
772 754 781 754 781 801 772 801
613 647 654 647 654 694 613 694
820 1161 863 1161 863 1208 820 1208
830 588 854 588 854 636 830 636
544 1279 580 1279 580 1327 544 1327
211 1106 220 1106 220 1154 211 1154
191 339 228 339 228 387 191 387
262 455 300 455 300 503 262 503
132 1024 146 1024 146 1073 132 1073
474 1271 508 1271 508 1320 474 1320
332 726 374 726 374 775 332 775
889 417 926 417 926 466 889 466
755 839 798 839 798 888 755 888
279 690 289 690 289 739 279 739
329 561 371 561 371 611 329 611
543 339 583 339 583 389 543 389
265 850 306 850 306 901 265 901
704 571 712 571 712 623 704 623
407 1156 436 1156 436 1208 407 1208
889 1127 937 1127 937 1179 889 1179
756 1045 789 1045 789 1097 756 1097
610 502 651 502 651 554 610 554
277 325 298 325 298 378 277 378
821 641 860 641 860 694 821 694
467 352 515 352 515 405 467 405
545 597 576 597 576 650 545 650
122 1170 156 1170 156 1223 122 1223
206 1182 216 1182 216 1236 206 1236
120 808 165 808 165 862 120 862
546 1072 579 1072 579 1127 546 1127
545 727 576 727 576 783 545 783
820 769 857 769 857 825 820 825
904 813 920 813 920 870 904 870
822 1104 859 1104 859 1161 822 1161
686 512 726 512 726 569 686 569
203 938 217 938 217 996 203 996
470 811 515 811 515 869 470 869
473 1098 508 1098 508 1156 473 1156
470 1189 514 1189 514 1248 470 1248
821 449 862 449 862 510 821 510
