683 309 730 309 730 318 683 318
621 1048 664 1048 664 1060 621 1060
201 775 230 775 230 790 201 790
268 1098 311 1098 311 1113 268 1113
842 647 860 647 860 664 842 664
420 1164 439 1164 439 1181 420 1181
702 1293 722 1293 722 1310 702 1310
769 649 800 649 800 667 769 667
270 793 300 793 300 811 270 811
700 732 720 732 720 751 700 751
560 708 581 708 581 727 560 727
627 885 654 885 654 904 627 904
486 1322 520 1322 520 1341 486 1341
843 1085 862 1085 862 1104 843 1104
908 381 930 381 930 401 908 401
190 725 244 725 244 745 190 745
764 1034 801 1034 801 1054 764 1054
930 1372 942 1372 942 1393 930 1393
198 702 227 702 227 723 198 723
852 1157 863 1157 863 1178 852 1178
635 701 664 701 664 722 635 722
487 387 503 387 503 409 487 409
632 378 650 378 650 400 632 400
415 840 436 840 436 862 415 862
347 720 370 720 370 742 347 742
210 1256 227 1256 227 1278 210 1278
776 1375 798 1375 798 1397 776 1397
915 1090 941 1090 941 1112 915 1112
625 573 662 573 662 595 625 595
263 512 308 512 308 535 263 535
417 567 429 567 429 590 417 590
486 1370 506 1370 506 1393 486 1393
275 537 300 537 300 560 275 560
831 819 864 819 864 843 831 843
900 678 951 678 951 702 900 702
204 1008 222 1008 222 1032 204 1032
139 639 160 639 160 663 139 663
202 675 224 675 224 699 202 699
849 1370 873 1370 873 1394 849 1394
841 670 880 670 880 694 841 694
416 650 434 650 434 674 416 674
271 1408 293 1408 293 1432 271 1432
416 1291 439 1291 439 1316 416 1316
195 415 232 415 232 440 195 440
414 725 434 725 434 751 414 751
347 872 369 872 369 898 347 898
554 733 589 733 589 759 554 759
847 1320 867 1320 867 1346 847 1346
275 1291 298 1291 298 1317 275 1317
619 304 669 304 669 330 619 330
772 478 790 478 790 504 772 504
560 865 581 865 581 891 560 891
560 392 584 392 584 418 560 418
261 378 298 378 298 404 261 404
845 304 884 304 884 330 845 330
206 386 224 386 224 413 206 413
914 988 934 988 934 1015 914 1015
773 583 795 583 795 610 773 610
274 693 298 693 298 720 274 720
204 644 229 644 229 671 204 671
122 400 160 400 160 427 122 427
690 1151 730 1151 730 1178 690 1178
547 555 589 555 589 582 547 582
702 1226 722 1226 722 1253 702 1253
487 607 507 607 507 634 487 634
191 844 230 844 230 871 191 871
641 1242 680 1242 680 1269 641 1269
905 893 946 893 946 920 905 920
840 786 862 786 862 814 840 814
413 1317 445 1317 445 1345 413 1345
336 500 383 500 383 528 336 528
897 526 946 526 946 554 897 554
703 958 722 958 722 986 703 986
273 1030 295 1030 295 1058 273 1058
632 858 656 858 656 886 632 886
339 1378 379 1378 379 1406 339 1406
125 703 168 703 168 731 125 731
348 905 370 905 370 933 348 933
634 764 658 764 658 792 634 792
848 1181 879 1181 879 1209 848 1209
851 1247 891 1247 891 1275 851 1275
277 725 298 725 298 754 277 754
346 307 368 307 368 336 346 336
415 927 438 927 438 956 415 956
914 1189 938 1189 938 1218 914 1218
410 454 434 454 434 483 410 483
409 1099 444 1099 444 1128 409 1128
267 890 303 890 303 919 267 919
621 638 664 638 664 667 621 667
910 557 933 557 933 586 910 586
700 754 726 754 726 783 700 783
405 349 443 349 443 378 405 378
775 412 792 412 792 442 775 442
206 311 226 311 226 341 206 341
772 1142 799 1142 799 1172 772 1172
904 1118 945 1118 945 1148 904 1148
470 984 518 984 518 1014 470 1014
348 1298 366 1298 366 1328 348 1328
486 1213 512 1213 512 1243 486 1243
624 402 659 402 659 432 624 432
898 309 941 309 941 339 898 339
562 643 580 643 580 674 562 674
625 827 656 827 656 858 625 858
696 786 727 786 727 817 696 817
550 892 587 892 587 923 550 923
401 378 442 378 442 409 401 409
917 1342 941 1342 941 1373 917 1373
761 816 800 816 800 847 761 847
689 819 733 819 733 850 689 850
202 739 227 739 227 770 202 770
200 1084 226 1084 226 1115 200 1115
344 1404 373 1404 373 1435 344 1435
902 957 945 957 945 988 902 988
216 1203 230 1203 230 1235 216 1235
779 1399 801 1399 801 1431 779 1431
556 423 587 423 587 455 556 455
131 1093 155 1093 155 1125 131 1125
269 1061 301 1061 301 1093 269 1093
193 1231 244 1231 244 1263 193 1263
346 653 362 653 362 686 346 686
411 533 438 533 438 566 411 566
761 960 798 960 798 993 761 993
476 1110 515 1110 515 1143 476 1143
763 308 809 308 809 341 763 341
559 1258 579 1258 579 1291 559 1291
765 441 799 441 799 474 765 474
833 573 871 573 871 606 833 606
263 1318 304 1318 304 1351 263 1351
692 1309 733 1309 733 1342 692 1342
555 305 580 305 580 338 555 338
128 482 162 482 162 515 128 515
475 1143 514 1143 514 1176 475 1176
547 925 588 925 588 958 547 958
549 1223 595 1223 595 1256 549 1256
839 1395 886 1395 886 1428 839 1428
695 491 728 491 728 525 695 525
476 1345 521 1345 521 1379 476 1379
824 842 871 842 871 876 824 876
193 1280 241 1280 241 1314 193 1314
570 1287 576 1287 576 1321 570 1321
267 1259 306 1259 306 1293 267 1293
765 610 804 610 804 644 765 644
834 1212 877 1212 877 1246 834 1246
472 1013 522 1013 522 1047 472 1047
761 1106 798 1106 798 1141 761 1141
266 1352 305 1352 305 1387 266 1387
624 964 664 964 664 999 624 999
758 341 802 341 802 376 758 376
334 529 379 529 379 564 334 564
776 541 795 541 795 576 776 576
477 407 507 407 507 442 477 442
266 756 305 756 305 791 266 791
479 1178 518 1178 518 1213 479 1213
196 537 237 537 237 572 196 572
120 1255 167 1255 167 1290 120 1290
902 454 941 454 941 489 902 489
474 309 519 309 519 344 474 344
632 791 649 791 649 827 632 827
838 378 873 378 873 414 838 414
698 886 737 886 737 922 698 922
909 920 952 920 952 956 909 956
476 1245 526 1245 526 1281 476 1281
556 1315 584 1315 584 1351 556 1351
417 580 451 580 451 616 417 616
126 1169 160 1169 160 1205 126 1205
911 1220 947 1220 947 1256 911 1256
765 505 803 505 803 541 765 541
763 1300 806 1300 806 1336 763 1336
839 335 883 335 883 371 839 371
267 1149 311 1149 311 1185 267 1185
407 617 446 617 446 654 407 654
473 571 522 571 522 608 473 608
825 215 881 215 881 252 825 252
909 1016 941 1016 941 1053 909 1053
193 571 230 571 230 608 193 608
907 1056 952 1056 952 1093 907 1093
690 1067 735 1067 735 1104 690 1104
333 1263 380 1263 380 1300 333 1300
759 373 807 373 807 410 759 410
916 1152 943 1152 943 1189 916 1189
767 873 801 873 801 910 767 910
551 668 588 668 588 705 551 705
194 921 232 921 232 958 194 958
128 666 162 666 162 704 128 704
695 1390 731 1390 731 1428 695 1428
193 1161 237 1161 237 1199 193 1199
552 1391 599 1391 599 1429 552 1429
472 735 520 735 520 773 472 773
918 1306 945 1306 945 1344 918 1344
832 602 874 602 874 640 832 640
837 1342 884 1342 884 1380 837 1380
470 1285 523 1285 523 1323 470 1323
290 1382 296 1382 296 1421 290 1421
903 340 935 340 935 379 903 379
623 432 656 432 656 471 623 471
405 1123 447 1123 447 1162 405 1162
690 986 733 986 733 1025 690 1025
833 1113 884 1113 884 1152 833 1152
907 588 941 588 941 627 907 627
626 723 664 723 664 762 626 762
336 680 377 680 377 719 336 719
898 491 940 491 940 530 898 530
618 1273 671 1273 671 1312 618 1312
845 744 863 744 863 783 845 783
836 1004 870 1004 870 1043 836 1043
900 701 939 701 939 740 900 740
757 777 806 777 806 816 757 816
755 1340 811 1340 811 1379 755 1379
792 843 799 843 799 883 792 883
695 529 726 529 726 569 695 569
691 1252 728 1252 728 1292 691 1292
695 924 732 924 732 964 695 964
837 702 880 702 880 742 837 742
345 1334 366 1334 366 1374 345 1374
342 936 382 936 382 976 342 976
553 1059 594 1059 594 1099 553 1099
477 531 518 531 518 571 477 571
406 1346 450 1346 450 1386 406 1386
900 801 946 801 946 841 900 841
266 603 317 603 317 643 266 643
769 994 792 994 792 1035 769 1035
132 734 157 734 157 775 132 775
409 412 439 412 439 453 409 453
628 596 664 596 664 637 628 637
833 1042 872 1042 872 1083 833 1083
833 426 876 426 876 467 833 467
120 1293 164 1293 164 1334 120 1334
117 311 165 311 165 352 117 352
400 307 453 307 453 348 400 348
261 1184 316 1184 316 1225 261 1225
690 688 733 688 733 729 690 729
189 342 233 342 233 383 189 383
335 749 379 749 379 790 335 790
687 1025 733 1025 733 1066 687 1066
468 490 525 490 525 531 468 531
478 785 516 785 516 826 478 826
691 569 733 569 733 610 691 610
121 994 163 994 163 1035 121 1035
472 1391 521 1391 521 1432 472 1432
769 1260 803 1260 803 1302 769 1302
628 1000 657 1000 657 1042 628 1042
270 1108 299 1108 299 1150 270 1150
338 978 374 978 374 1020 338 1020
347 1020 367 1020 367 1063 347 1063
829 922 875 922 875 965 829 965
547 1017 598 1017 598 1060 547 1060
204 492 226 492 226 535 204 535
696 653 730 653 730 696 696 696
622 530 665 530 665 573 622 573
478 879 526 879 526 922 478 922
280 1219 287 1219 287 1263 280 1263
411 753 440 753 440 797 411 797
625 331 663 331 663 375 625 375
192 874 237 874 237 918 192 918
403 794 454 794 454 838 403 838
773 1220 792 1220 792 1264 773 1264
766 915 799 915 799 959 766 959
341 1106 375 1106 375 1150 341 1150
690 1180 741 1180 741 1224 690 1224
468 686 527 686 527 730 468 730
338 394 370 394 370 439 338 439
766 669 804 669 804 714 766 714
268 560 311 560 311 605 268 605
120 354 164 354 164 399 120 399
627 658 658 658 658 703 627 703
254 408 306 408 306 453 254 453
906 1381 938 1381 938 1426 906 1426
124 435 166 435 166 480 124 480
700 1345 719 1345 719 1391 700 1391
333 611 376 611 376 657 333 657
406 484 451 484 451 530 406 530
906 1257 955 1257 955 1303 906 1303
910 629 936 629 936 675 910 675
546 458 593 458 593 504 546 504
127 1384 167 1384 167 1431 127 1431
694 1105 741 1105 741 1152 694 1152
184 1387 236 1387 236 1434 184 1434
202 1113 224 1113 224 1160 202 1160
767 1171 807 1171 807 1218 767 1218
835 874 876 874 876 921 835 921
546 340 595 340 595 387 546 387
212 597 219 597 219 644 212 644
546 1346 594 1346 594 1393 546 1393
331 1060 386 1060 386 1107 331 1107
692 844 723 844 723 892 692 892
129 840 168 840 168 888 129 888
199 1033 227 1033 227 1081 199 1081
122 1206 169 1206 169 1254 122 1254
341 341 364 341 364 390 341 390
142 1123 148 1123 148 1172 142 1172
773 1055 794 1055 794 1104 773 1104
906 407 935 407 935 456 906 456
406 1185 443 1185 443 1234 406 1234
401 677 449 677 449 726 401 726
334 1151 382 1151 382 1200 334 1200
480 638 510 638 510 687 480 687
402 952 455 952 455 1001 402 1001
913 842 937 842 937 892 913 892
837 960 866 960 866 1010 837 1010
556 1098 589 1098 589 1148 556 1148
835 523 878 523 878 573 835 573
132 943 155 943 155 994 132 994
476 445 512 445 512 496 476 496
544 1383 578 1383 578 1434 544 1434
259 919 317 919 317 970 259 970
340 560 376 560 376 612 340 612
621 1063 670 1063 670 1115 621 1115
198 441 236 441 236 493 198 493
550 504 595 504 595 556 550 556
206 959 226 959 226 1012 206 1012
694 606 723 606 723 659 694 659
833 1276 884 1276 884 1329 833 1329
476 825 518 825 518 878 476 878
117 1334 160 1334 160 1387 117 1387
398 1381 449 1381 449 1434 398 1434
126 892 162 892 162 946 126 946
621 905 661 905 661 959 621 959
559 762 588 762 588 817 559 817
336 784 385 784 385 839 336 839
625 1116 660 1116 660 1171 625 1171
837 472 876 472 876 527 837 527
407 1046 457 1046 457 1102 407 1102
473 336 514 336 514 393 473 393
336 1202 370 1202 370 1259 336 1259
616 474 662 474 662 531 616 531
120 1037 166 1037 166 1094 120 1094
685 322 733 322 733 379 685 379
261 454 300 454 300 512 261 512
405 1229 448 1229 448 1288 405 1288
476 924 529 924 529 983 476 983
547 580 593 580 593 640 547 640
127 577 164 577 164 637 127 637
623 1367 668 1367 668 1428 623 1428
551 956 586 956 586 1017 551 1017
287 632 295 632 295 694 287 694
475 1047 516 1047 516 1109 475 1109
407 985 451 985 451 1048 407 1048
126 514 169 514 169 577 126 577
903 734 946 734 946 797 903 797
364 822 376 822 376 886 364 886
426 860 434 860 434 924 426 924
126 771 168 771 168 835 126 835
263 965 305 965 305 1030 263 1030
334 438 377 438 377 504 334 504
563 795 588 795 588 862 563 862
265 307 304 307 304 374 265 374
269 814 308 814 308 883 269 883
193 1308 234 1308 234 1378 193 1378
548 1149 591 1149 591 1220 548 1220
624 1171 670 1171 670 1245 624 1245
