660 1198 701 1198 701 1206 660 1206
252 504 260 504 260 515 252 515
520 1351 561 1351 561 1362 520 1362
459 962 487 962 487 976 459 976
113 1402 128 1402 128 1417 113 1417
171 418 201 418 201 433 171 433
173 737 205 737 205 752 173 752
744 435 779 435 779 450 744 450
526 830 556 830 556 845 526 845
812 483 826 483 826 499 812 499
315 865 348 865 348 881 315 881
243 1399 295 1399 295 1416 243 1416
310 718 345 718 345 735 310 735
380 1084 427 1084 427 1101 380 1101
741 1277 761 1277 761 1295 741 1295
600 1330 622 1330 622 1348 600 1348
383 1224 414 1224 414 1242 383 1242
743 680 762 680 762 698 743 698
253 1205 272 1205 272 1224 253 1224
322 423 349 423 349 442 322 442
313 1151 353 1151 353 1170 313 1170
738 982 758 982 758 1001 738 1001
671 558 691 558 691 577 671 577
109 590 129 590 129 610 109 610
309 1175 351 1175 351 1195 309 1195
310 1200 359 1200 359 1220 310 1220
188 1220 202 1220 202 1240 188 1240
599 1046 622 1046 622 1066 599 1066
167 475 206 475 206 495 167 495
530 848 550 848 550 869 530 869
462 859 482 859 482 880 462 880
176 1393 201 1393 201 1414 176 1414
463 1361 487 1361 487 1382 463 1382
247 1349 281 1349 281 1370 247 1370
741 1075 762 1075 762 1097 741 1097
106 533 128 533 128 555 106 555
33 674 68 674 68 696 33 696
380 880 419 880 419 902 380 902
456 300 482 300 482 322 456 322
747 409 776 409 776 431 747 431
31 1002 66 1002 66 1024 31 1024
181 1370 195 1370 195 1392 181 1392
179 1315 200 1315 200 1337 179 1337
313 1307 354 1307 354 1329 313 1329
310 839 354 839 354 861 310 861
676 383 690 383 690 406 676 406
823 762 848 762 848 785 823 785
27 343 62 343 62 366 27 366
727 305 765 305 765 328 727 328
449 1141 498 1141 498 1164 449 1164
682 824 712 824 712 847 682 847
739 925 755 925 755 949 739 949
751 451 769 451 769 475 751 475
677 1111 697 1111 697 1135 677 1135
672 441 694 441 694 465 672 465
601 1387 625 1387 625 1411 601 1411
606 1282 619 1282 619 1306 606 1306
660 880 700 880 700 904 660 904
532 1026 555 1026 555 1050 532 1050
808 786 837 786 837 810 808 810
387 943 418 943 418 967 387 967
309 1393 344 1393 344 1417 309 1417
98 923 136 923 136 947 98 947
746 618 759 618 759 643 746 643
238 557 274 557 274 582 238 582
731 736 771 736 771 761 731 761
462 406 478 406 478 431 462 431
743 792 761 792 761 817 743 817
530 413 565 413 565 438 530 438
27 408 72 408 72 433 27 433
318 397 339 397 339 423 318 423
244 771 267 771 267 797 244 797
682 657 708 657 708 683 682 683
666 690 702 690 702 716 666 716
660 1253 704 1253 704 1279 660 1279
463 748 477 748 477 774 463 774
526 615 557 615 557 641 526 641
114 405 127 405 127 431 114 431
605 1157 619 1157 619 1183 605 1183
460 679 480 679 480 705 460 705
175 1010 205 1010 205 1036 175 1036
172 667 205 667 205 693 172 693
100 350 134 350 134 376 100 376
742 1213 757 1213 757 1240 742 1240
114 1273 131 1273 131 1300 114 1300
243 654 266 654 266 681 243 681
324 480 338 480 338 507 324 507
601 990 617 990 617 1017 601 1017
320 1221 342 1221 342 1248 320 1248
172 1143 205 1143 205 1170 172 1170
457 1309 492 1309 492 1336 457 1336
310 1039 346 1039 346 1066 310 1066
450 1112 488 1112 488 1139 450 1139
675 505 688 505 688 533 675 533
182 1037 198 1037 198 1065 182 1065
40 758 57 758 57 786 40 786
531 1322 551 1322 551 1350 531 1350
388 1009 411 1009 411 1037 388 1037
588 710 625 710 625 738 588 738
465 1385 485 1385 485 1413 465 1413
666 1135 698 1135 698 1163 666 1163
664 1163 701 1163 701 1191 664 1191
183 834 196 834 196 862 183 862
538 589 552 589 552 617 538 617
320 655 335 655 335 683 320 683
245 410 264 410 264 438 245 438
239 626 271 626 271 654 239 654
100 1027 133 1027 133 1055 100 1055
239 965 273 965 273 993 239 993
100 879 142 879 142 907 100 907
444 460 496 460 496 488 444 488
529 765 545 765 545 794 529 794
43 643 61 643 61 672 43 672
672 1281 692 1281 692 1310 672 1310
597 1074 626 1074 626 1103 597 1103
454 604 485 604 485 633 454 633
28 730 63 730 63 759 28 759
244 830 282 830 282 859 244 859
728 852 769 852 769 881 728 881
452 1339 498 1339 498 1368 452 1368
250 799 267 799 267 828 250 828
316 1331 344 1331 344 1360 316 1360
391 449 405 449 405 479 391 479
318 730 336 730 336 760 318 760
322 1248 341 1248 341 1278 322 1278
170 350 196 350 196 380 170 380
106 1092 136 1092 136 1122 106 1122
102 844 133 844 133 874 102 874
451 1051 492 1051 492 1081 451 1081
244 1370 285 1370 285 1400 244 1400
591 1218 634 1218 634 1248 591 1248
679 1079 691 1079 691 1110 679 1110
458 431 477 431 477 462 458 462
240 472 272 472 272 503 240 503
667 530 700 530 700 561 667 561
118 1147 132 1147 132 1178 118 1178
43 828 61 828 61 859 43 859
251 1131 278 1131 278 1162 251 1162
317 509 349 509 349 540 317 540
735 818 767 818 767 849 735 849
101 376 136 376 136 407 101 407
383 336 420 336 420 367 383 367
801 445 842 445 842 476 801 476
449 776 493 776 493 807 449 807
309 881 360 881 360 912 309 912
247 377 260 377 260 408 247 408
321 907 340 907 340 938 321 938
113 683 132 683 132 714 113 714
671 981 697 981 697 1012 671 1012
594 1302 633 1302 633 1333 594 1333
811 704 830 704 830 736 811 736
102 557 136 557 136 589 102 589
523 1052 557 1052 557 1084 523 1084
382 559 418 559 418 591 382 591
28 510 65 510 65 542 28 542
733 1377 776 1377 776 1409 733 1409
253 437 261 437 261 469 253 469
113 425 126 425 126 457 113 457
665 409 694 409 694 441 665 441
736 1348 766 1348 766 1380 736 1380
35 1057 70 1057 70 1089 35 1089
313 362 350 362 350 394 313 394
31 576 68 576 68 608 31 608
662 846 702 846 702 878 662 878
522 1170 562 1170 562 1202 522 1202
381 797 426 797 426 829 381 829
245 893 265 893 265 926 245 926
178 1067 204 1067 204 1100 178 1100
737 1096 766 1096 766 1129 737 1129
594 368 627 368 627 401 594 401
595 1185 628 1185 628 1218 595 1218
381 304 419 304 419 337 381 337
100 807 139 807 139 840 100 840
122 1178 128 1178 128 1211 122 1211
667 1051 702 1051 702 1084 667 1084
735 1299 770 1299 770 1332 735 1332
375 765 420 765 420 798 375 798
109 456 128 456 128 489 109 489
35 541 59 541 59 574 35 574
244 1101 271 1101 271 1134 244 1134
313 679 344 679 344 712 313 712
110 1324 145 1324 145 1357 110 1357
732 1327 774 1327 774 1360 732 1360
518 1205 561 1205 561 1238 518 1238
517 640 561 640 561 673 517 673
31 1129 75 1129 75 1162 31 1162
251 858 267 858 267 892 251 892
185 1240 201 1240 201 1274 185 1274
460 1017 479 1017 479 1051 460 1051
529 479 549 479 549 513 529 513
178 493 198 493 198 527 178 527
592 493 625 493 625 527 592 527
524 792 558 792 558 826 524 826
737 1238 772 1238 772 1272 737 1272
382 1189 427 1189 427 1223 382 1223
111 709 129 709 129 743 111 743
39 699 58 699 58 733 39 733
104 1122 141 1122 141 1156 104 1156
34 1094 72 1094 72 1128 34 1128
123 1301 130 1301 130 1336 123 1336
733 948 769 948 769 983 733 983
309 1360 353 1360 353 1395 309 1395
725 207 772 207 772 242 725 242
521 919 569 919 569 954 521 954
308 583 357 583 357 618 308 618
181 975 200 975 200 1010 181 1010
461 1078 483 1078 483 1113 461 1113
522 376 550 376 550 411 522 411
593 1013 630 1013 630 1048 593 1048
307 446 351 446 351 481 307 481
662 749 708 749 708 784 662 784
96 611 145 611 145 646 96 646
676 1013 688 1013 688 1048 676 1048
39 1021 57 1021 57 1056 39 1056
592 563 633 563 633 598 592 598
796 504 841 504 841 539 796 539
731 1006 777 1006 777 1041 731 1041
179 1338 216 1338 216 1374 179 1374
661 713 702 713 702 749 661 749
734 703 776 703 776 739 734 739
516 1129 565 1129 565 1165 516 1165
38 910 61 910 61 946 38 946
109 645 137 645 137 681 109 681
240 341 271 341 271 377 240 377
798 404 837 404 837 440 798 440
664 952 704 952 704 988 664 988
591 1350 634 1350 634 1386 591 1386
380 1375 432 1375 432 1411 380 1411
383 1341 418 1341 418 1378 383 1378
381 593 417 593 417 630 381 630
24 432 67 432 67 469 24 469
593 870 637 870 637 907 593 907
739 331 755 331 755 368 739 368
738 753 759 753 759 790 738 790
109 1232 132 1232 132 1269 109 1269
37 605 62 605 62 642 37 642
526 550 552 550 552 587 526 587
594 736 636 736 636 773 594 773
446 323 489 323 489 360 446 360
390 1147 412 1147 412 1184 390 1184
240 683 277 683 277 720 240 720
660 305 707 305 707 342 660 342
242 1024 265 1024 265 1062 242 1062
103 494 127 494 127 532 103 532
106 1203 137 1203 137 1241 106 1241
100 948 133 948 133 986 100 986
590 299 633 299 633 337 590 337
519 1238 563 1238 563 1276 519 1276
791 306 836 306 836 344 791 344
306 1074 356 1074 356 1112 306 1112
187 598 195 598 195 636 187 636
669 785 692 785 692 823 669 823
179 1273 205 1273 205 1311 179 1311
174 941 208 941 208 979 174 979
734 642 771 642 771 680 734 680
728 366 771 366 771 404 728 404
382 903 430 903 430 941 382 941
184 904 191 904 191 943 184 943
321 545 340 545 340 584 321 584
734 1035 761 1035 761 1074 734 1074
246 1306 274 1306 274 1345 246 1345
238 1224 278 1224 278 1263 238 1263
312 1272 352 1272 352 1311 312 1311
234 300 283 300 283 339 234 339
249 724 267 724 267 763 249 763
665 342 689 342 689 381 665 381
458 707 483 707 483 746 458 746
526 988 555 988 555 1027 526 1027
34 787 66 787 66 826 34 826
587 523 629 523 629 562 587 562
169 695 214 695 214 734 169 734
521 513 568 513 568 552 521 552
519 339 570 339 570 378 519 378
177 557 199 557 199 596 177 596
666 620 691 620 691 659 666 659
456 920 493 920 493 959 456 959
237 992 275 992 275 1031 237 1031
168 374 212 374 212 413 168 413
305 755 357 755 357 794 305 794
731 245 772 245 772 285 731 285
25 367 72 367 72 407 25 407
98 987 146 987 146 1027 98 1027
521 954 571 954 571 994 521 994
457 884 490 884 490 924 457 924
312 1109 351 1109 351 1149 312 1149
378 368 420 368 420 408 378 408
102 1051 147 1051 147 1091 102 1091
517 1364 562 1364 562 1404 517 1404
383 1039 417 1039 417 1080 383 1080
379 631 415 631 415 672 379 672
313 795 355 795 355 836 313 836
380 479 425 479 425 520 380 520
454 533 485 533 485 574 454 574
106 744 141 744 141 785 106 785
379 519 422 519 422 560 379 560
462 974 487 974 487 1015 462 1015
595 399 626 399 626 440 595 440
518 302 556 302 556 343 518 343
592 954 630 954 630 995 592 995
661 579 700 579 700 620 661 620
242 1163 282 1163 282 1204 242 1204
177 625 194 625 194 667 177 667
312 617 349 617 349 659 312 659
28 947 65 947 65 989 28 989
237 1061 275 1061 275 1103 237 1103
732 526 776 526 776 568 732 568
592 1248 636 1248 636 1290 592 1290
731 882 770 882 770 925 731 925
448 362 491 362 491 405 448 405
521 871 559 871 559 914 521 914
732 478 772 478 772 521 732 521
521 1277 561 1277 561 1320 521 1320
660 465 701 465 701 508 660 508
381 970 424 970 424 1013 381 1013
462 1162 480 1162 480 1205 462 1205
240 516 275 516 275 559 240 559
382 672 413 672 413 716 382 716
521 435 556 435 556 479 521 479
591 776 632 776 632 820 591 820
729 1179 772 1179 772 1223 729 1223
449 635 499 635 499 679 449 679
171 516 222 516 222 560 171 560
669 1361 703 1361 703 1406 669 1406
26 296 69 296 69 341 26 341
448 811 492 811 492 856 448 856
607 325 614 325 614 370 607 370
452 571 490 571 490 616 452 616
669 905 684 905 684 950 669 950
238 922 278 922 278 967 238 967
244 1261 286 1261 286 1306 244 1306
172 1097 216 1097 216 1142 172 1142
658 1210 704 1210 704 1255 658 1255
170 750 197 750 197 796 170 796
454 488 483 488 483 534 454 534
170 860 208 860 208 906 170 906
379 1241 422 1241 422 1287 379 1287
26 861 65 861 65 908 26 908
308 935 357 935 357 982 308 982
168 788 207 788 207 835 168 835
29 467 74 467 74 514 29 514
593 907 623 907 623 955 593 955
174 1171 209 1171 209 1219 174 1219
378 1098 423 1098 423 1146 378 1146
520 723 563 723 563 771 520 771
172 430 198 430 198 479 172 479
802 654 842 654 842 703 802 703
378 405 419 405 419 454 378 454
452 1261 494 1261 494 1310 452 1310
104 301 132 301 132 350 104 350
597 659 621 659 621 710 597 710
670 1309 697 1309 697 1360 670 1360
167 299 202 299 202 350 167 350
520 669 561 669 561 721 520 721
519 1083 566 1083 566 1135 519 1135
379 826 419 826 419 879 379 879
590 441 636 441 636 494 590 494
731 1128 769 1128 769 1183 731 1183
450 1208 492 1208 492 1263 450 1263
589 1103 632 1103 632 1158 589 1158
590 816 631 816 631 871 590 871
379 1287 421 1287 421 1342 379 1342
374 715 417 715 417 770 374 770
731 559 770 559 770 617 731 617
308 978 347 978 347 1037 308 1037
309 302 352 302 352 361 309 361
591 595 632 595 632 654 591 654
