325 1321 347 1321 347 1330 325 1330
122 1283 129 1283 129 1292 122 1292
410 648 429 648 429 658 410 658
831 872 844 872 844 882 831 882
743 1242 770 1242 770 1254 743 1254
823 1126 836 1126 836 1138 823 1138
252 1271 277 1271 277 1283 252 1283
457 775 483 775 483 787 457 787
811 1003 836 1003 836 1016 811 1016
703 855 714 855 714 868 703 868
252 956 276 956 276 970 252 970
183 1120 212 1120 212 1134 183 1134
603 1123 629 1123 629 1137 603 1137
888 863 905 863 905 878 888 878
738 647 764 647 764 662 738 662
823 1392 831 1392 831 1407 823 1407
128 1197 144 1197 144 1212 128 1212
184 937 209 937 209 953 184 953
251 1096 280 1096 280 1112 251 1112
249 1291 279 1291 279 1307 249 1307
190 889 202 889 202 905 190 905
394 907 410 907 410 923 394 923
391 331 409 331 409 347 391 347
883 1224 910 1224 910 1240 883 1240
322 977 348 977 348 993 322 993
675 512 692 512 692 529 675 529
373 704 397 704 397 721 373 721
888 1129 915 1129 915 1146 888 1146
254 393 270 393 270 410 254 410
535 786 552 786 552 803 535 803
117 784 135 784 135 801 117 801
396 1221 414 1221 414 1238 396 1238
749 1260 767 1260 767 1277 749 1277
187 1047 209 1047 209 1064 187 1064
472 529 496 529 496 546 472 546
528 523 556 523 556 540 528 540
387 1365 420 1365 420 1382 387 1382
119 358 130 358 130 376 119 376
468 1371 482 1371 482 1389 468 1389
466 1088 482 1088 482 1106 466 1106
815 930 838 930 838 948 815 948
319 330 345 330 345 348 319 348
600 1065 630 1065 630 1083 600 1083
811 1020 842 1020 842 1038 811 1038
109 1334 142 1334 142 1352 109 1352
374 559 396 559 396 577 374 577
880 508 907 508 907 526 880 526
755 1364 766 1364 766 1382 755 1382
325 779 344 779 344 797 325 797
387 1011 417 1011 417 1029 387 1029
253 1217 287 1217 287 1235 253 1235
384 724 391 724 391 743 384 743
749 1071 762 1071 762 1090 749 1090
117 832 131 832 131 851 117 851
477 504 493 504 493 523 477 523
412 692 428 692 428 711 412 711
809 563 844 563 844 582 809 582
394 964 405 964 405 983 394 983
828 1368 848 1368 848 1388 828 1388
740 1310 773 1310 773 1330 740 1330
459 1239 492 1239 492 1259 459 1259
613 1025 625 1025 625 1045 613 1045
379 743 396 743 396 763 379 763
467 1259 485 1259 485 1279 467 1279
890 1011 908 1011 908 1031 890 1031
255 1346 274 1346 274 1366 255 1366
256 497 280 497 280 517 256 517
610 1045 635 1045 635 1065 610 1065
392 1316 421 1316 421 1336 392 1336
245 839 280 839 280 859 245 859
330 870 343 870 343 890 330 890
393 457 410 457 410 477 393 477
820 1338 837 1338 837 1358 820 1358
114 334 132 334 132 354 114 354
739 594 765 594 765 614 739 614
453 798 489 798 489 818 453 818
119 958 135 958 135 979 119 979
255 862 273 862 273 883 255 883
189 478 208 478 208 499 189 499
184 1209 204 1209 204 1230 184 1230
408 748 429 748 429 769 408 769
536 500 553 500 553 521 536 521
249 1314 280 1314 280 1335 249 1335
666 773 697 773 697 794 666 794
412 596 425 596 425 618 412 618
183 611 200 611 200 633 183 633
813 657 840 657 840 679 813 679
255 1243 273 1243 273 1265 255 1265
608 1252 628 1252 628 1274 608 1274
594 554 629 554 629 576 594 576
399 1031 411 1031 411 1054 399 1054
117 1113 132 1113 132 1136 117 1136
466 1152 482 1152 482 1175 466 1175
528 443 557 443 557 466 528 466
256 545 271 545 271 568 256 568
329 947 345 947 345 970 329 970
535 905 554 905 554 928 535 928
112 807 136 807 136 830 112 830
809 1213 842 1213 842 1236 809 1236
453 901 487 901 487 924 453 924
119 728 135 728 135 751 119 751
393 1339 412 1339 412 1362 393 1362
889 941 909 941 909 964 889 964
886 919 912 919 912 942 886 942
176 639 207 639 207 662 176 662
882 1310 914 1310 914 1333 882 1333
178 1263 214 1263 214 1286 178 1286
118 1350 132 1350 132 1374 118 1374
397 1164 411 1164 411 1188 397 1188
746 568 767 568 767 592 746 592
324 1337 350 1337 350 1361 324 1361
180 1289 211 1289 211 1313 180 1313
378 609 402 609 402 633 378 633
250 1114 278 1114 278 1138 250 1138
112 1170 144 1170 144 1194 112 1194
741 1281 776 1281 776 1305 741 1305
316 925 351 925 351 949 316 949
748 428 764 428 764 453 748 453
322 724 338 724 338 749 322 749
116 488 134 488 134 513 116 513
176 1064 211 1064 211 1089 176 1089
820 496 834 496 834 521 820 521
884 422 902 422 902 447 884 447
408 619 427 619 427 644 408 644
376 651 396 651 396 676 376 676
599 429 630 429 630 454 599 454
459 1343 494 1343 494 1368 459 1368
189 739 206 739 206 764 189 764
747 1181 762 1181 762 1207 747 1207
756 1383 772 1383 772 1409 756 1409
379 678 400 678 400 704 379 704
597 364 630 364 630 390 597 390
402 1381 415 1381 415 1407 402 1407
390 850 410 850 410 876 390 876
819 396 843 396 843 422 819 422
458 1386 491 1386 491 1412 458 1412
244 517 280 517 280 543 244 543
667 330 691 330 691 357 667 357
388 1054 417 1054 417 1081 388 1081
738 703 769 703 769 730 738 730
467 1000 481 1000 481 1027 467 1027
191 1088 205 1088 205 1115 191 1115
377 579 394 579 394 606 377 606
405 666 436 666 436 693 405 693
879 1241 912 1241 912 1268 879 1268
675 615 690 615 690 642 675 642
319 461 347 461 347 488 319 488
741 1207 770 1207 770 1234 741 1234
311 349 349 349 349 376 311 376
809 1309 850 1309 850 1336 809 1336
748 812 763 812 763 840 748 840
883 1031 913 1031 913 1059 883 1059
324 1293 355 1293 355 1321 324 1321
383 428 417 428 417 456 383 456
809 332 846 332 846 360 809 360
111 1014 150 1014 150 1042 111 1042
519 542 562 542 562 570 519 570
885 805 901 805 901 833 885 833
883 596 901 596 901 624 883 624
182 664 208 664 208 692 182 692
460 1279 491 1279 491 1307 460 1307
524 381 556 381 556 409 524 409
528 666 562 666 562 694 528 694
804 727 840 727 840 755 804 755
314 994 354 994 354 1022 314 1022
187 1233 203 1233 203 1262 187 1262
673 445 690 445 690 474 673 474
246 805 286 805 286 834 246 834
895 1194 909 1194 909 1223 895 1223
325 491 341 491 341 520 325 520
880 479 909 479 909 508 880 508
529 756 564 756 564 785 529 785
254 329 270 329 270 358 254 358
531 466 552 466 552 495 531 495
114 980 143 980 143 1009 114 1009
804 679 840 679 840 708 804 708
874 527 910 527 910 556 874 556
454 342 493 342 493 371 454 371
890 447 896 447 896 477 890 477
740 453 768 453 768 483 740 483
251 883 279 883 279 913 251 913
528 409 558 409 558 439 528 439
386 873 417 873 417 903 386 903
599 925 631 925 631 955 599 955
734 363 769 363 769 393 734 393
739 330 774 330 774 360 739 360
255 1371 274 1371 274 1401 255 1401
113 752 141 752 141 782 113 782
882 829 912 829 912 859 882 859
808 832 846 832 846 862 808 862
880 1063 918 1063 918 1093 880 1093
885 1094 907 1094 907 1125 885 1125
458 416 485 416 485 447 458 447
669 642 697 642 697 673 669 673
248 570 276 570 276 601 248 601
388 477 417 477 417 508 388 508
458 1055 490 1055 490 1086 458 1086
454 1312 489 1312 489 1343 454 1343
806 799 844 799 844 830 806 830
613 827 624 827 624 858 613 858
605 894 621 894 621 925 605 925
530 869 552 869 552 900 530 900
390 1188 420 1188 420 1219 390 1219
599 488 633 488 633 519 599 519
525 808 561 808 561 839 525 839
667 1106 707 1106 707 1137 667 1137
121 920 134 920 134 951 121 951
538 726 554 726 554 757 538 757
321 893 349 893 349 924 321 924
114 1212 144 1212 144 1243 114 1243
742 664 774 664 774 695 742 695
739 954 771 954 771 985 739 985
111 1083 144 1083 144 1114 111 1114
877 385 914 385 914 416 877 416
733 615 771 615 771 646 733 646
453 702 491 702 491 733 453 733
114 1134 136 1134 136 1166 114 1166
110 514 140 514 140 546 110 546
247 358 277 358 277 390 247 390
667 799 700 799 700 831 667 831
457 1176 490 1176 490 1208 457 1208
532 928 558 928 558 960 532 960
598 522 628 522 628 554 598 554
178 370 210 370 210 402 178 402
246 921 284 921 284 953 246 953
454 740 493 740 493 772 454 772
373 521 397 521 397 554 373 554
400 569 425 569 425 602 400 602
885 1340 911 1340 911 1373 885 1373
115 1374 141 1374 141 1407 115 1407
112 418 141 418 141 451 112 451
316 746 345 746 345 779 316 779
741 836 775 836 775 869 741 869
320 1107 354 1107 354 1140 320 1140
735 494 770 494 770 527 735 527
389 1242 424 1242 424 1275 389 1275
456 1026 491 1026 491 1059 456 1059
379 355 416 355 416 388 379 388
119 451 131 451 131 484 119 484
187 567 211 567 211 600 187 600
458 968 489 968 489 1001 458 1001
387 1139 424 1139 424 1172 387 1172
667 1070 705 1070 705 1103 667 1103
823 1275 829 1275 829 1308 823 1308
604 455 621 455 621 488 604 488
599 796 630 796 630 829 599 829
107 379 140 379 140 412 107 412
733 393 772 393 772 426 733 426
243 658 286 658 286 691 243 691
814 420 832 420 832 454 814 454
751 1330 774 1330 774 1364 751 1364
672 870 701 870 701 904 672 904
248 695 283 695 283 729 248 729
600 1178 636 1178 636 1212 600 1212
177 1172 219 1172 219 1206 177 1206
485 547 492 547 492 581 485 581
812 1240 840 1240 840 1274 812 1274
601 992 629 992 629 1026 601 1026
116 884 147 884 147 918 116 918
875 562 909 562 909 596 875 596
245 1004 282 1004 282 1038 245 1038
177 497 215 497 215 531 177 531
177 901 216 901 216 935 177 935
180 1359 219 1359 219 1393 180 1393
174 531 215 531 215 565 174 565
313 686 354 686 354 720 313 720
672 1035 701 1035 701 1070 672 1070
318 799 354 799 354 834 318 834
877 885 916 885 916 920 877 920
526 627 567 627 567 662 526 662
394 1277 413 1277 413 1312 394 1312
807 361 833 361 833 396 807 396
320 1217 349 1217 349 1252 320 1252
455 627 488 627 488 662 455 662
251 733 286 733 286 768 251 768
387 927 424 927 424 962 387 962
529 697 562 697 562 732 529 732
313 1371 357 1371 357 1406 313 1406
317 1255 353 1255 353 1291 317 1291
524 340 561 340 561 376 524 376
247 419 285 419 285 455 247 455
601 857 628 857 628 893 601 893
314 648 345 648 345 684 314 684
812 1041 845 1041 845 1077 812 1077
599 391 635 391 635 427 599 427
735 1142 777 1142 777 1178 735 1178
384 973 423 973 423 1010 384 1010
819 622 836 622 836 659 819 659
111 1243 142 1243 142 1280 111 1280
601 1140 633 1140 633 1177 601 1177
667 473 700 473 700 510 667 510
671 1190 709 1190 709 1227 671 1227
384 773 423 773 423 810 384 810
246 1139 286 1139 286 1176 246 1176
818 522 839 522 839 559 818 559
390 391 417 391 417 428 390 428
185 764 216 764 216 801 185 801
459 1111 496 1111 496 1148 459 1148
735 1033 779 1033 779 1070 735 1070
897 1373 913 1373 913 1411 897 1411
890 1268 914 1268 914 1306 890 1306
602 1214 631 1214 631 1252 602 1252
737 915 772 915 772 953 737 953
111 552 150 552 150 590 111 590
189 404 196 404 196 442 189 442
813 584 839 584 839 622 813 622
178 440 210 440 210 478 178 478
882 342 903 342 903 381 882 381
109 687 144 687 144 726 109 726
454 862 490 862 490 901 454 901
250 1178 287 1178 287 1217 250 1217
735 990 778 990 778 1029 735 1029
607 953 619 953 619 992 607 992
326 521 342 521 342 560 326 560
183 692 206 692 206 731 183 731
112 597 140 597 140 636 112 636
461 586 491 586 491 625 461 625
179 328 212 328 212 367 179 367
179 848 213 848 213 887 179 887
661 405 700 405 700 444 661 444
316 1142 359 1142 359 1181 316 1181
675 533 688 533 688 572 675 572
256 457 270 457 270 496 256 496
185 804 211 804 211 843 185 843
808 458 836 458 836 497 808 497
601 1083 632 1083 632 1122 601 1122
880 677 913 677 913 716 880 716
667 993 709 993 709 1032 667 1032
470 1207 476 1207 476 1247 470 1247
319 1181 350 1181 350 1221 319 1221
312 424 348 424 348 464 312 464
525 836 567 836 567 876 525 876
745 527 768 527 768 567 745 567
113 1042 146 1042 146 1082 113 1082
319 560 354 560 354 600 319 600
460 657 490 657 490 698 460 698
384 809 419 809 419 850 384 850
454 924 491 924 491 965 454 965
451 823 490 823 490 864 451 864
472 452 478 452 478 493 472 493
466 375 479 375 479 416 466 416
812 885 843 885 843 926 812 926
181 1316 216 1316 216 1357 181 1357
176 956 213 956 213 997 176 997
807 1171 850 1171 850 1212 807 1212
313 602 356 602 356 643 313 643
317 1025 354 1025 354 1066 317 1066
670 573 699 573 699 615 670 615
312 379 352 379 352 421 312 421
107 289 148 289 148 331 107 331
735 731 774 731 774 774 735 774
606 613 625 613 625 656 606 656
736 774 774 774 774 817 736 817
108 845 147 845 147 888 108 888
737 871 776 871 776 914 737 914
455 289 496 289 496 332 455 332
597 1275 638 1275 638 1318 597 1318
525 288 567 288 567 331 525 331
875 293 916 293 916 336 875 336
609 577 621 577 621 621 609 621
254 768 270 768 270 812 254 812
875 766 917 766 917 810 875 810
405 523 429 523 429 568 405 568
191 998 204 998 204 1043 191 1043
666 905 703 905 703 950 666 950
889 965 904 965 904 1010 889 1010
664 359 699 359 699 404 664 404
608 710 621 710 621 756 608 756
601 744 629 744 629 791 601 791
809 1080 840 1080 840 1127 809 1127
739 1091 771 1091 771 1138 739 1138
244 1045 285 1045 285 1092 244 1092
110 638 145 638 145 685 110 685
806 953 842 953 842 1001 806 1001
106 1284 146 1284 146 1332 106 1332
881 628 905 628 905 677 881 677
884 1145 915 1145 915 1194 884 1194
392 1086 425 1086 425 1137 392 1137
600 658 632 658 632 709 600 709
317 829 350 829 350 880 317 880
878 715 910 715 910 766 878 766
668 719 700 719 700 772 668 772
529 568 564 568 564 629 529 629
