278 431 299 431 299 442 278 442
837 1093 863 1093 863 1105 837 1105
416 757 443 757 443 771 416 771
263 1360 316 1360 316 1375 263 1375
714 408 722 408 722 423 714 423
348 385 374 385 374 401 348 401
625 846 653 846 653 862 625 862
838 686 869 686 869 702 838 702
483 1144 515 1144 515 1160 483 1160
497 1181 508 1181 508 1198 497 1198
133 733 167 733 167 750 133 750
770 882 797 882 797 899 770 899
835 372 872 372 872 389 835 389
700 1062 719 1062 719 1080 700 1080
211 704 226 704 226 722 211 722
912 570 944 570 944 588 912 588
281 863 295 863 295 882 281 882
776 1360 791 1360 791 1379 776 1379
479 1161 519 1161 519 1180 479 1180
207 1066 228 1066 228 1085 207 1085
574 1170 580 1170 580 1190 574 1190
636 1197 650 1197 650 1217 636 1217
200 533 235 533 235 553 200 553
490 1325 505 1325 505 1346 490 1346
345 1057 374 1057 374 1078 345 1078
558 778 588 778 588 799 558 799
910 495 941 495 941 516 910 516
119 818 142 818 142 839 119 839
485 1094 514 1094 514 1115 485 1115
279 1012 296 1012 296 1034 279 1034
281 611 295 611 295 633 281 633
768 1250 799 1250 799 1272 768 1272
409 597 445 597 445 619 409 619
136 1364 152 1364 152 1387 136 1387
354 1190 372 1190 372 1213 354 1213
839 1307 869 1307 869 1330 839 1330
135 442 166 442 166 465 135 465
769 1040 801 1040 801 1063 769 1063
413 572 446 572 446 595 413 595
492 705 506 705 506 728 492 728
207 1293 231 1293 231 1316 207 1316
272 950 304 950 304 973 272 973
214 1352 236 1352 236 1375 214 1375
628 457 660 457 660 480 628 480
214 943 229 943 229 967 214 967
278 1366 294 1366 294 1390 278 1390
772 1010 789 1010 789 1034 772 1034
637 676 657 676 657 700 637 700
137 1163 157 1163 157 1187 137 1187
697 1155 725 1155 725 1179 697 1179
272 541 305 541 305 565 272 565
203 827 240 827 240 851 203 851
694 1259 735 1259 735 1283 694 1283
352 1293 364 1293 364 1317 352 1317
834 1016 870 1016 870 1040 834 1040
212 853 230 853 230 878 212 878
417 698 445 698 445 723 417 723
552 543 586 543 586 568 552 568
199 339 234 339 234 364 199 364
200 877 238 877 238 902 200 902
424 1328 436 1328 436 1353 424 1353
640 608 654 608 654 633 640 633
636 986 650 986 650 1011 636 1011
776 772 791 772 791 797 776 797
638 1362 654 1362 654 1387 638 1387
697 857 725 857 725 882 697 882
341 1139 377 1139 377 1164 341 1164
424 1116 440 1116 440 1141 424 1141
425 1245 444 1245 444 1270 425 1270
276 883 297 883 297 908 276 908
202 505 229 505 229 530 202 530
834 1109 868 1109 868 1134 834 1134
696 461 730 461 730 486 696 486
129 1302 164 1302 164 1327 129 1327
198 1374 241 1374 241 1399 198 1399
772 897 791 897 791 923 772 923
556 607 588 607 588 633 556 633
411 818 445 818 445 844 411 844
339 1080 377 1080 377 1106 339 1106
354 746 367 746 367 772 354 772
211 970 228 970 228 996 211 996
909 1076 935 1076 935 1102 909 1102
557 1367 587 1367 587 1393 557 1393
907 804 938 804 938 830 907 830
771 493 803 493 803 519 771 519
344 1166 380 1166 380 1192 344 1192
492 397 505 397 505 424 492 424
277 1266 292 1266 292 1293 277 1293
216 1113 231 1113 231 1140 216 1140
637 1096 656 1096 656 1123 637 1123
556 675 586 675 586 702 556 702
902 1389 938 1389 938 1416 902 1416
411 1309 454 1309 454 1336 411 1336
568 1141 581 1141 581 1168 568 1168
145 1010 158 1010 158 1037 145 1037
349 981 368 981 368 1008 349 1008
205 557 229 557 229 584 205 584
768 629 799 629 799 656 768 656
624 1219 658 1219 658 1246 624 1246
552 1312 587 1312 587 1339 552 1339
414 648 450 648 450 675 414 675
409 1043 446 1043 446 1070 409 1070
694 1118 732 1118 732 1145 694 1145
359 1007 367 1007 367 1034 359 1034
414 1357 441 1357 441 1384 414 1384
347 564 377 564 377 591 347 591
485 512 517 512 517 539 485 539
338 490 378 490 378 517 338 517
270 1038 310 1038 310 1065 270 1065
492 1064 505 1064 505 1092 492 1092
280 1392 295 1392 295 1420 280 1420
424 1218 443 1218 443 1246 424 1246
353 1212 376 1212 376 1240 353 1240
700 610 733 610 733 638 700 638
128 1074 166 1074 166 1102 128 1102
205 1210 243 1210 243 1238 205 1238
478 1116 517 1116 517 1144 478 1144
626 1017 669 1017 669 1045 626 1045
762 1224 807 1224 807 1252 762 1252
430 669 443 669 443 697 430 697
133 577 164 577 164 605 133 605
834 343 869 343 869 371 834 371
339 1279 379 1279 379 1307 339 1307
779 705 792 705 792 734 779 734
549 337 587 337 587 366 549 366
268 1083 307 1083 307 1112 268 1112
208 589 224 589 224 618 208 618
566 1338 584 1338 584 1367 566 1367
278 1291 300 1291 300 1320 278 1320
702 953 726 953 726 982 702 982
556 1194 588 1194 588 1223 556 1223
766 1071 800 1071 800 1100 766 1100
834 519 869 519 869 548 834 548
907 962 944 962 944 991 907 991
270 1149 307 1149 307 1178 270 1178
693 886 733 886 733 915 693 915
271 712 311 712 311 741 271 741
342 815 382 815 382 844 342 844
128 1188 173 1188 173 1217 128 1217
352 1356 369 1356 369 1385 352 1385
906 1031 941 1031 941 1060 906 1060
697 798 734 798 734 827 697 827
342 914 380 914 380 943 342 943
205 907 250 907 250 936 205 936
421 885 436 885 436 915 421 915
211 761 227 761 227 791 211 791
636 701 654 701 654 731 636 731
833 770 865 770 865 800 833 800
480 336 518 336 518 366 480 366
201 1316 241 1316 241 1346 201 1346
622 1393 662 1393 662 1423 622 1423
133 653 178 653 178 683 133 683
909 417 938 417 938 447 909 447
688 987 732 987 732 1017 688 1017
349 1387 373 1387 373 1418 349 1418
483 940 515 940 515 971 483 971
412 973 446 973 446 1004 412 1004
347 719 383 719 383 750 347 750
622 957 659 957 659 988 622 988
556 1393 595 1393 595 1424 556 1424
352 1029 368 1029 368 1060 352 1060
204 724 233 724 233 755 204 755
765 1103 795 1103 795 1134 765 1134
908 883 942 883 942 914 908 914
339 594 377 594 377 625 339 625
337 885 376 885 376 916 337 916
691 573 737 573 737 604 691 604
209 1033 228 1033 228 1065 209 1065
136 1391 162 1391 162 1423 136 1423
204 620 231 620 231 652 204 652
202 792 229 792 229 824 202 824
695 1388 728 1388 728 1420 695 1420
217 1393 224 1393 224 1425 217 1425
638 811 658 811 658 843 638 843
414 372 446 372 446 404 414 404
558 750 592 750 592 782 558 782
555 893 593 893 593 925 555 925
698 374 738 374 738 406 698 406
424 1144 443 1144 443 1176 424 1176
913 345 937 345 937 377 913 377
417 620 442 620 442 652 417 652
143 373 170 373 170 405 143 405
628 378 661 378 661 410 628 410
350 1320 383 1320 383 1352 350 1352
200 1141 237 1141 237 1173 200 1173
353 1106 371 1106 371 1139 353 1139
146 814 180 814 180 847 146 847
696 917 733 917 733 950 696 950
411 1388 449 1388 449 1421 411 1421
903 770 943 770 943 803 903 803
691 829 739 829 739 862 691 862
487 585 511 585 511 618 487 618
145 855 175 855 175 889 145 889
553 439 587 439 587 473 553 473
836 836 870 836 870 870 836 870
272 638 308 638 308 672 272 672
269 1179 305 1179 305 1213 269 1213
902 381 951 381 951 415 902 415
143 407 160 407 160 441 143 441
411 722 447 722 447 756 411 756
829 798 870 798 870 832 829 832
200 1175 244 1175 244 1209 200 1209
619 778 668 778 668 812 619 812
648 1288 660 1288 660 1322 648 1322
208 998 229 998 229 1032 208 1032
478 1347 515 1347 515 1381 478 1381
339 947 382 947 382 981 339 981
573 837 585 837 585 872 573 872
480 730 511 730 511 765 480 765
133 338 165 338 165 373 133 373
552 473 587 473 587 508 552 508
548 365 586 365 586 400 548 400
763 339 807 339 807 374 763 374
703 689 727 689 727 724 703 724
137 1040 165 1040 165 1075 137 1075
271 1323 303 1323 303 1358 271 1358
483 432 517 432 517 467 483 467
132 1220 169 1220 169 1255 132 1255
696 1084 735 1084 735 1119 696 1119
415 530 455 530 455 565 415 565
622 1157 664 1157 664 1192 622 1192
782 800 790 800 790 836 782 836
558 1017 594 1017 594 1053 558 1053
342 1244 378 1244 378 1280 342 1280
833 1139 874 1139 874 1175 833 1175
486 859 521 859 521 895 486 895
411 1006 451 1006 451 1042 411 1042
908 1191 949 1191 949 1227 908 1227
549 569 592 569 592 605 549 605
156 1140 164 1140 164 1176 156 1176
706 423 721 423 721 459 706 459
129 1327 161 1327 161 1363 129 1363
626 526 661 526 661 562 626 562
551 509 587 509 587 545 551 545
272 975 310 975 310 1011 272 1011
902 638 943 638 943 674 902 674
270 1113 311 1113 311 1149 270 1149
778 376 798 376 798 413 778 413
705 341 726 341 726 378 705 378
771 970 794 970 794 1007 771 1007
630 636 662 636 662 673 630 673
341 845 375 845 375 882 341 882
627 416 663 416 663 453 627 453
905 451 942 451 942 488 905 488
628 486 665 486 665 523 628 523
552 803 590 803 590 840 552 840
411 778 449 778 449 815 411 815
130 933 165 933 165 970 130 970
485 365 522 365 522 402 485 402
834 702 872 702 872 739 834 739
691 1286 734 1286 734 1323 691 1323
275 338 309 338 309 376 275 376
695 726 732 726 732 764 695 764
761 1383 803 1383 803 1421 761 1421
833 735 877 735 877 773 833 773
341 454 386 454 386 492 341 492
768 839 797 839 797 877 768 877
624 1119 658 1119 658 1157 624 1157
836 434 871 434 871 472 836 472
482 622 518 622 518 660 482 660
833 974 870 974 870 1012 833 1012
905 1154 949 1154 949 1192 905 1192
902 1263 947 1263 947 1301 902 1301
481 468 527 468 527 506 481 506
278 567 299 567 299 605 278 605
270 906 304 906 304 944 270 944
194 362 234 362 234 400 194 400
551 635 594 635 594 673 551 673
834 554 878 554 878 592 834 592
352 775 373 775 373 814 352 814
832 1175 871 1175 871 1214 832 1214
410 492 450 492 450 531 410 531
126 1103 167 1103 167 1142 126 1142
898 1349 939 1349 939 1388 898 1388
769 929 795 929 795 968 769 968
913 913 939 913 939 952 913 952
697 526 727 526 727 565 697 565
770 526 804 526 804 565 770 565
275 448 310 448 310 487 275 487
342 677 377 677 377 716 342 716
765 413 803 413 803 452 765 452
832 1213 872 1213 872 1252 832 1252
409 1179 455 1179 455 1218 409 1218
411 455 452 455 452 495 411 495
763 450 806 450 806 490 763 490
765 733 808 733 808 773 765 773
409 335 453 335 453 375 409 375
197 1084 242 1084 242 1124 197 1124
483 1240 511 1240 511 1280 483 1280
279 777 307 777 307 817 279 817
697 756 731 756 731 796 697 796
696 1222 732 1222 732 1262 696 1262
479 899 518 899 518 939 479 939
479 1384 519 1384 519 1425 479 1425
409 1073 457 1073 457 1114 409 1114
478 1283 526 1283 526 1324 478 1324
632 1314 655 1314 655 1355 632 1355
131 970 167 970 167 1011 131 1011
267 738 311 738 311 779 267 779
411 1269 446 1269 446 1311 411 1311
906 728 943 728 943 770 906 770
760 1135 800 1135 800 1177 760 1177
900 1221 940 1221 940 1263 900 1263
410 850 457 850 457 892 410 892
480 538 520 538 520 580 480 580
548 399 592 399 592 441 548 441
555 1271 599 1271 599 1313 555 1313
128 689 172 689 172 731 128 731
488 1197 514 1197 514 1239 488 1239
272 673 309 673 309 715 272 715
694 1183 732 1183 732 1225 694 1225
902 1107 944 1107 944 1149 902 1149
560 972 587 972 587 1015 560 1015
834 391 870 391 870 434 834 434
144 890 184 890 184 933 144 933
624 1248 665 1248 665 1291 624 1291
695 1019 730 1019 730 1063 695 1063
761 1179 805 1179 805 1223 761 1223
620 340 666 340 666 384 620 384
762 1273 808 1273 808 1317 762 1317
200 402 233 402 233 446 200 446
133 751 167 751 167 795 133 795
131 604 165 604 165 648 131 648
832 1046 871 1046 871 1090 832 1090
828 1333 875 1333 875 1377 828 1377
269 817 305 817 305 861 269 861
899 1302 941 1302 941 1346 899 1346
628 564 662 564 662 609 628 609
480 661 519 661 519 706 480 706
833 1381 873 1381 873 1426 833 1426
552 1054 595 1054 595 1099 552 1099
835 638 876 638 876 683 835 683
846 927 856 927 856 973 846 973
907 521 945 521 945 567 907 567
623 860 661 860 661 906 623 906
487 813 516 813 516 859 487 859
552 1225 594 1225 594 1271 552 1271
127 533 171 533 171 579 127 579
342 338 388 338 388 384 342 384
128 1256 177 1256 177 1302 128 1302
636 739 654 739 654 786 636 786
272 377 309 377 309 424 272 424
831 472 879 472 879 519 831 519
909 587 942 587 942 635 909 635
698 638 730 638 730 686 698 686
828 1255 877 1255 877 1303 828 1303
270 1220 304 1220 304 1269 270 1269
477 971 522 971 522 1020 477 1020
340 403 381 403 381 452 340 452
904 678 946 678 946 727 904 727
269 493 313 493 313 542 269 542
567 843 575 843 575 893 567 893
202 450 234 450 234 500 202 500
837 589 871 589 871 639 837 639
409 402 449 402 449 453 409 453
554 700 600 700 600 751 554 751
904 825 942 825 942 877 904 877
762 569 809 569 809 622 762 622
407 916 448 916 448 971 407 971
625 907 666 907 666 962 625 962
691 1329 735 1329 735 1384 691 1384
