287 1167 303 1167 303 1181 287 1181
639 1365 655 1365 655 1379 639 1379
135 552 186 552 186 566 135 566
348 1113 378 1113 378 1128 348 1128
490 431 522 431 522 447 490 447
344 477 392 477 392 493 344 493
345 1289 393 1289 393 1305 345 1305
634 1012 654 1012 654 1029 634 1029
211 1086 239 1086 239 1103 211 1103
71 1262 103 1262 103 1280 71 1280
567 555 589 555 589 573 567 573
705 897 727 897 727 915 705 915
705 1308 725 1308 725 1327 705 1327
703 459 725 459 725 478 703 478
487 1373 526 1373 526 1392 487 1392
769 726 790 726 790 746 769 746
772 1285 793 1285 793 1305 772 1305
854 806 874 806 874 826 854 826
633 514 655 514 655 534 633 534
564 962 587 962 587 982 564 982
489 342 521 342 521 362 489 362
555 987 604 987 604 1007 555 1007
428 645 443 645 443 665 428 665
348 457 377 457 377 477 348 477
575 626 583 626 583 647 575 647
568 1218 588 1218 588 1239 568 1239
484 958 534 958 534 979 484 979
698 914 736 914 736 935 698 935
416 310 455 310 455 331 416 331
556 1408 598 1408 598 1429 556 1429
155 525 168 525 168 547 155 547
557 310 592 310 592 332 557 332
208 462 244 462 244 484 208 484
419 622 458 622 458 644 419 644
434 828 447 828 447 850 434 850
431 1240 451 1240 451 1262 431 1262
562 1240 593 1240 593 1262 562 1262
695 1088 733 1088 733 1110 695 1110
358 1061 374 1061 374 1084 358 1084
429 411 449 411 449 434 429 434
348 1085 383 1085 383 1108 348 1108
355 429 377 429 377 452 355 452
498 610 522 610 522 633 498 633
486 519 519 519 519 542 486 542
764 375 803 375 803 398 764 398
762 1141 797 1141 797 1165 762 1165
417 923 455 923 455 947 417 947
427 1022 447 1022 447 1046 427 1046
629 574 665 574 665 598 629 598
344 308 385 308 385 332 344 332
144 911 168 911 168 936 144 936
415 1301 453 1301 453 1326 415 1326
208 846 248 846 248 872 208 872
63 864 106 864 106 890 63 890
824 488 870 488 870 514 824 514
345 736 392 736 392 762 345 762
347 649 384 649 384 675 347 675
63 1314 105 1314 105 1340 63 1340
350 710 383 710 383 736 350 736
629 647 666 647 666 673 629 673
219 611 239 611 239 638 219 638
631 1306 658 1306 658 1333 631 1333
559 1151 594 1151 594 1178 559 1178
559 1049 594 1049 594 1076 559 1076
278 720 315 720 315 747 278 747
692 525 733 525 733 552 692 552
67 809 109 809 109 836 67 836
487 1237 529 1237 529 1264 487 1264
773 662 788 662 788 689 773 689
570 494 586 494 586 521 570 521
499 680 518 680 518 707 499 707
283 576 313 576 313 603 283 603
281 376 313 376 313 403 281 403
489 1101 524 1101 524 1128 489 1128
139 376 176 376 176 403 139 403
277 308 314 308 314 335 277 335
344 364 382 364 382 391 344 391
423 332 447 332 447 360 423 360
430 1402 458 1402 458 1430 430 1430
700 1326 736 1326 736 1354 700 1354
145 771 166 771 166 799 145 799
354 1257 376 1257 376 1285 354 1285
705 393 720 393 720 421 705 421
206 1307 237 1307 237 1335 206 1335
204 1397 240 1397 240 1425 204 1425
631 1027 668 1027 668 1055 631 1055
560 1376 599 1376 599 1404 560 1404
354 585 375 585 375 614 354 614
503 545 525 545 525 574 503 574
71 778 106 778 106 807 71 807
485 365 528 365 528 394 485 394
204 782 250 782 250 811 204 811
695 1355 742 1355 742 1384 695 1384
62 887 111 887 111 916 62 916
634 458 650 458 650 487 634 487
216 944 236 944 236 973 216 973
77 636 100 636 100 665 77 665
702 938 725 938 725 967 702 967
353 332 378 332 378 361 353 361
761 1215 795 1215 795 1244 761 1244
139 309 174 309 174 338 139 338
556 1263 601 1263 601 1292 556 1292
356 962 374 962 374 992 356 992
496 1031 515 1031 515 1061 496 1061
355 800 375 800 375 830 355 830
80 1062 101 1062 101 1092 80 1092
488 924 525 924 525 954 488 954
343 1032 382 1032 382 1062 343 1062
206 871 247 871 247 901 206 901
69 450 102 450 102 480 69 480
767 313 807 313 807 343 767 343
423 1095 461 1095 461 1126 423 1126
415 666 454 666 454 697 415 697
628 990 667 990 667 1021 628 1021
625 670 666 670 666 701 625 701
346 867 389 867 389 898 346 898
80 832 102 832 102 863 80 863
567 414 595 414 595 445 567 445
500 800 531 800 531 831 500 831
278 407 313 407 313 438 278 438
492 486 526 486 526 517 492 517
275 994 319 994 319 1025 275 1025
698 1377 744 1377 744 1408 698 1408
138 937 186 937 186 968 138 968
704 833 720 833 720 865 704 865
761 1348 800 1348 800 1380 761 1380
347 613 388 613 388 645 347 645
502 1397 520 1397 520 1429 502 1429
352 491 376 491 376 523 352 523
69 1097 105 1097 105 1129 69 1129
634 1095 673 1095 673 1127 634 1127
425 943 449 943 449 976 425 976
214 810 243 810 243 843 214 843
147 566 177 566 177 599 147 599
423 1332 456 1332 456 1365 423 1365
210 746 246 746 246 779 210 779
347 1131 387 1131 387 1164 347 1164
759 260 801 260 801 293 759 293
704 1056 723 1056 723 1089 704 1089
214 491 234 491 234 524 214 524
491 309 513 309 513 342 491 342
770 343 796 343 796 376 770 376
628 485 661 485 661 518 628 518
766 747 801 747 801 780 766 780
494 763 529 763 529 796 494 796
137 340 174 340 174 373 137 373
762 779 805 779 805 812 762 812
75 1277 97 1277 97 1310 75 1310
210 976 238 976 238 1009 210 1009
416 850 460 850 460 883 416 883
359 393 375 393 375 427 359 427
627 828 664 828 664 862 627 862
141 700 179 700 179 734 141 734
490 574 529 574 529 608 490 608
764 1309 804 1309 804 1343 764 1343
637 537 657 537 657 571 637 571
356 673 381 673 381 707 356 707
492 1302 526 1302 526 1336 492 1336
420 886 465 886 465 920 420 920
713 1397 724 1397 724 1432 713 1432
570 1181 593 1181 593 1216 570 1216
564 521 598 521 598 556 564 556
488 1336 522 1336 522 1371 488 1371
350 1218 385 1218 385 1253 350 1253
696 795 733 795 733 830 696 830
557 1081 594 1081 594 1116 557 1116
629 959 669 959 669 994 629 994
567 1115 587 1115 587 1150 567 1150
75 1338 96 1338 96 1373 75 1373
698 422 729 422 729 457 698 457
768 1381 809 1381 809 1416 768 1416
352 928 374 928 374 963 352 963
699 1277 736 1277 736 1312 699 1312
626 746 663 746 663 781 626 781
766 393 803 393 803 428 766 428
762 1245 799 1245 799 1280 762 1280
640 1057 660 1057 660 1093 640 1093
707 970 733 970 733 1006 707 1006
765 687 801 687 801 723 765 723
280 873 316 873 316 909 280 909
764 528 802 528 802 564 764 564
421 491 462 491 462 527 421 527
828 318 871 318 871 354 828 354
69 1222 114 1222 114 1258 69 1258
696 1157 743 1157 743 1193 696 1193
418 1202 453 1202 453 1238 418 1238
279 334 315 334 315 370 279 370
299 606 308 606 308 643 299 643
499 394 515 394 515 431 499 431
426 696 448 696 448 733 426 733
563 375 594 375 594 412 563 412
430 1167 463 1167 463 1204 430 1204
561 887 596 887 596 924 561 924
700 1245 735 1245 735 1282 700 1282
629 1332 664 1332 664 1369 629 1369
281 438 323 438 323 475 281 475
513 1122 521 1122 521 1159 513 1159
487 449 527 449 527 486 487 486
280 784 320 784 320 821 280 821
762 1061 803 1061 803 1098 762 1098
554 1337 606 1337 606 1374 554 1374
220 903 240 903 240 940 220 940
558 921 595 921 595 958 558 958
762 1023 800 1023 800 1060 762 1060
277 911 317 911 317 948 277 948
629 1127 669 1127 669 1164 629 1164
150 405 169 405 169 443 150 443
357 764 376 764 376 802 357 802
289 639 309 639 309 677 289 677
704 484 724 484 724 522 704 522
76 596 98 596 98 634 76 634
140 482 180 482 180 520 140 520
209 528 252 528 252 566 209 566
829 667 874 667 874 705 829 705
560 1009 606 1009 606 1047 560 1047
356 995 376 995 376 1033 356 1033
497 1063 518 1063 518 1101 497 1101
560 695 592 695 592 733 560 733
694 860 728 860 728 898 694 898
763 863 803 863 803 901 763 901
430 1264 448 1264 448 1303 430 1303
635 308 659 308 659 347 635 347
67 556 108 556 108 595 67 595
206 414 249 414 249 453 206 453
508 1263 515 1263 515 1302 508 1302
788 887 797 887 797 926 788 926
350 830 382 830 382 870 350 870
281 676 314 676 314 716 281 716
831 361 868 361 868 401 831 401
416 1051 459 1051 459 1091 416 1091
559 796 604 796 604 836 559 836
366 1348 392 1348 392 1389 366 1389
208 1046 244 1046 244 1087 208 1087
209 643 248 643 248 684 209 684
70 523 111 523 111 564 70 564
625 785 669 785 669 826 625 826
695 355 740 355 740 396 695 396
81 917 100 917 100 958 81 958
279 1118 310 1118 310 1159 279 1159
351 899 386 899 386 940 351 940
421 1126 459 1126 459 1167 421 1167
625 390 666 390 666 431 625 431
274 742 326 742 326 783 274 783
557 333 606 333 606 374 557 374
158 844 167 844 167 886 158 886
225 1009 235 1009 235 1051 225 1051
629 424 655 424 655 466 629 466
702 1011 730 1011 730 1053 702 1053
700 312 730 312 730 354 700 354
763 1100 800 1100 800 1142 763 1142
137 732 179 732 179 774 137 774
420 1364 463 1364 463 1406 420 1406
348 1386 392 1386 392 1428 348 1428
487 835 527 835 527 877 487 877
827 399 867 399 867 441 827 441
218 567 239 567 239 610 218 610
633 346 649 346 649 389 633 389
281 949 312 949 312 992 281 992
141 802 174 802 174 845 141 845
67 403 101 403 101 446 67 446
762 479 807 479 807 522 762 522
637 702 656 702 656 745 637 745
496 637 523 637 523 680 496 680
418 528 459 528 459 571 418 571
696 652 738 652 738 695 696 695
420 793 462 793 462 836 420 836
428 573 451 573 451 617 428 617
630 1384 655 1384 655 1428 630 1428
75 484 101 484 101 528 75 528
205 1213 245 1213 245 1257 205 1257
826 620 867 620 867 664 826 664
765 615 804 615 804 659 765 659
560 580 600 580 600 624 560 624
824 706 869 706 869 750 824 750
497 1145 525 1145 525 1190 497 1190
71 1016 103 1016 103 1061 71 1061
499 876 518 876 518 921 499 921
774 432 794 432 794 477 774 477
276 1074 316 1074 316 1119 276 1119
694 1195 741 1195 741 1240 694 1240
481 1189 529 1189 529 1234 481 1234
146 866 165 866 165 912 146 912
829 574 865 574 865 620 829 620
830 756 873 756 873 802 830 802
763 978 799 978 799 1025 763 1025
627 858 663 858 663 905 627 905
70 665 111 665 111 712 70 712
696 697 739 697 739 744 696 744
561 647 606 647 606 694 561 694
359 1299 367 1299 367 1347 359 1347
349 1167 382 1167 382 1215 349 1215
134 651 182 651 182 699 134 699
765 1168 802 1168 802 1217 765 1217
558 1291 597 1291 597 1340 558 1340
647 1155 655 1155 655 1204 647 1204
77 1125 99 1125 99 1174 77 1174
491 981 523 981 523 1030 491 1030
628 1257 667 1257 667 1306 628 1306
427 358 447 358 447 407 427 407
156 441 178 441 178 490 156 490
68 1171 101 1171 101 1220 68 1220
765 563 805 563 805 612 765 612
489 710 530 710 530 759 489 759
760 928 809 928 809 978 760 978
71 963 104 963 104 1013 71 1013
204 1104 253 1104 253 1154 204 1154
86 1375 95 1375 95 1426 86 1426
275 523 315 523 315 574 275 574
141 604 184 604 184 656 141 656
694 603 741 603 741 655 694 655
761 1378 792 1378 792 1431 761 1431
641 588 661 588 661 641 641 641
696 741 740 741 740 794 696 794
559 445 604 445 604 499 559 499
278 824 321 824 321 878 278 878
426 734 449 734 449 789 426 789
631 905 660 905 660 960 631 960
417 438 458 438 458 493 417 493
205 1255 254 1255 254 1310 205 1310
426 965 454 965 454 1020 426 1020
561 829 604 829 604 884 561 884
204 1155 253 1155 253 1210 204 1210
706 1102 724 1102 724 1158 706 1158
768 808 801 808 801 865 768 865
346 525 385 525 385 582 346 582
562 736 594 736 594 794 562 794
209 687 252 687 252 746 209 746
624 1204 665 1204 665 1263 624 1263
200 1333 242 1333 242 1393 200 1393
67 716 114 716 114 778 67 778
707 545 726 545 726 610 707 610
