830 1118 864 1118 864 1133 830 1133
546 486 591 486 591 503 546 503
215 1086 228 1086 228 1104 215 1104
144 374 163 374 163 392 144 392
420 657 438 657 438 675 420 675
558 1205 589 1205 589 1223 558 1223
52 559 83 559 83 577 52 577
693 852 728 852 728 870 693 870
99 790 113 790 113 809 99 809
212 636 232 636 232 655 212 655
75 1330 97 1330 97 1349 75 1349
70 303 82 303 82 323 70 323
350 400 371 400 371 420 350 420
427 1175 448 1175 448 1195 427 1195
147 449 161 449 161 469 147 469
211 1012 232 1012 232 1033 211 1033
695 602 727 602 727 623 695 623
762 1025 795 1025 795 1046 762 1046
70 1388 111 1388 111 1409 70 1409
97 701 114 701 114 722 97 722
835 835 865 835 865 856 835 856
94 847 124 847 124 868 94 868
57 680 81 680 81 702 57 702
702 1102 714 1102 714 1125 702 1125
92 728 119 728 119 751 92 751
631 674 649 674 649 697 631 697
496 951 510 951 510 975 496 975
833 968 866 968 866 992 833 992
481 1140 524 1140 524 1164 481 1164
67 1360 111 1360 111 1384 67 1384
214 1153 233 1153 233 1178 214 1178
61 347 98 347 98 372 61 372
59 323 100 323 100 348 59 348
423 769 433 769 433 794 423 794
702 1165 720 1165 720 1190 702 1190
349 334 367 334 367 359 349 359
485 375 520 375 520 400 485 400
548 380 588 380 588 405 548 405
825 1172 870 1172 870 1197 825 1197
59 584 75 584 75 610 59 610
208 298 229 298 229 324 208 324
553 693 585 693 585 719 553 719
832 496 851 496 851 522 832 522
549 511 584 511 584 537 549 537
693 534 734 534 734 560 693 560
66 647 77 647 77 674 66 674
144 499 165 499 165 527 144 527
423 1239 445 1239 445 1267 423 1267
204 207 235 207 235 235 204 235
484 1072 522 1072 522 1100 484 1100
545 541 588 541 588 569 545 569
424 574 440 574 440 602 424 602
218 792 234 792 234 820 218 820
423 1269 456 1269 456 1297 423 1297
342 595 378 595 378 623 342 623
92 602 119 602 119 630 92 630
90 521 119 521 119 549 90 549
137 533 173 533 173 561 137 561
563 860 582 860 582 889 563 889
704 778 725 778 725 807 704 807
283 832 316 832 316 861 283 861
129 470 180 470 180 499 129 499
57 616 82 616 82 645 57 645
347 529 379 529 379 558 347 558
336 497 382 497 382 526 336 526
199 327 252 327 252 356 199 356
96 669 113 669 113 699 96 699
213 758 237 758 237 788 213 788
55 702 85 702 85 732 55 732
419 380 453 380 453 410 419 410
691 1033 731 1033 731 1063 691 1063
833 524 856 524 856 554 833 554
619 460 653 460 653 490 619 490
826 858 867 858 867 888 826 888
772 425 786 425 786 456 772 456
491 1164 513 1164 513 1195 491 1195
92 814 116 814 116 845 92 845
489 921 515 921 515 952 489 952
275 417 313 417 313 448 275 448
688 1303 727 1303 727 1334 688 1334
274 501 314 501 314 532 274 532
354 564 369 564 369 595 354 595
771 885 785 885 785 916 771 916
284 611 304 611 304 642 284 642
487 855 519 855 519 886 487 886
823 385 862 385 862 416 823 416
142 301 158 301 158 333 142 333
278 573 313 573 313 605 278 605
756 825 795 825 795 857 756 857
70 1299 113 1299 113 1331 70 1331
835 889 860 889 860 921 835 921
553 789 593 789 593 821 553 821
840 801 858 801 858 834 840 834
92 753 124 753 124 786 92 786
555 892 587 892 587 925 555 925
337 461 381 461 381 494 337 494
422 299 438 299 438 332 422 332
58 516 75 516 75 549 58 549
699 1375 723 1375 723 1408 699 1408
836 1198 859 1198 859 1232 836 1232
833 997 869 997 869 1031 833 1031
60 377 109 377 109 411 60 411
211 557 231 557 231 591 211 591
550 411 584 411 584 445 550 445
270 945 312 945 312 979 270 979
272 534 315 534 315 568 272 568
682 1269 729 1269 729 1303 682 1303
695 564 722 564 722 599 695 599
210 825 243 825 243 860 210 860
478 1201 530 1201 530 1236 478 1236
210 970 234 970 234 1005 210 1005
92 632 125 632 125 667 92 667
334 622 381 622 381 657 334 657
271 464 320 464 320 499 271 499
207 1179 239 1179 239 1214 207 1214
53 480 87 480 87 515 53 515
558 930 576 930 576 966 558 966
413 338 441 338 441 374 413 374
482 880 532 880 532 916 482 916
847 1232 857 1232 857 1268 847 1268
560 568 574 568 574 604 560 604
558 751 595 751 595 787 558 787
132 563 180 563 180 599 132 599
572 446 581 446 581 483 572 483
489 980 511 980 511 1017 489 1017
141 740 172 740 172 777 141 777
554 1054 588 1054 588 1091 554 1091
691 810 730 810 730 847 691 847
416 730 440 730 440 767 416 767
62 1108 105 1108 105 1145 62 1145
341 425 386 425 386 462 341 462
829 1326 875 1326 875 1363 829 1363
562 824 582 824 582 861 562 861
129 333 166 333 166 370 129 370
686 1230 733 1230 733 1267 686 1267
339 296 386 296 386 333 339 333
753 1316 803 1316 803 1353 753 1353
779 1182 787 1182 787 1220 779 1220
556 610 580 610 580 648 556 648
275 861 314 861 314 899 275 899
829 1134 874 1134 874 1172 829 1172
759 388 804 388 804 426 759 426
559 649 576 649 576 687 559 687
200 593 237 593 237 631 200 631
557 1009 594 1009 594 1047 557 1047
686 1066 733 1066 733 1104 686 1104
832 454 859 454 859 493 832 493
759 1220 791 1220 791 1259 759 1259
340 359 376 359 376 398 340 398
198 1274 244 1274 244 1313 198 1313
288 739 304 739 304 778 288 778
278 697 314 697 314 736 278 736
423 686 438 686 438 725 423 725
487 612 510 612 510 651 487 651
764 1141 796 1141 796 1180 764 1180
620 374 661 374 661 413 620 413
413 848 456 848 456 887 413 887
270 336 320 336 320 375 270 375
413 1134 452 1134 452 1174 413 1174
199 1314 241 1314 241 1354 199 1354
692 1190 722 1190 722 1230 692 1230
405 244 448 244 448 284 405 284
827 1276 872 1276 872 1316 827 1316
837 559 859 559 859 600 837 600
275 372 300 372 300 413 275 413
275 1081 310 1081 310 1122 275 1122
67 1016 109 1016 109 1057 67 1057
831 760 873 760 873 801 831 801
572 721 582 721 582 762 572 762
277 783 304 783 304 824 277 824
690 1334 726 1334 726 1375 690 1375
830 1071 867 1071 867 1112 830 1112
626 758 663 758 663 799 626 799
204 1040 245 1040 245 1081 204 1081
413 419 455 419 455 460 413 460
759 636 802 636 802 678 759 678
72 1255 100 1255 100 1297 72 1297
89 475 121 475 121 517 89 517
829 1032 866 1032 866 1074 829 1074
68 976 106 976 106 1018 68 1018
414 1202 460 1202 460 1244 414 1244
415 1096 451 1096 451 1139 415 1139
138 699 174 699 174 742 138 742
694 388 733 388 733 431 694 431
201 414 246 414 246 457 201 457
755 852 800 852 800 895 755 895
273 901 311 901 311 944 273 944
136 402 175 402 175 445 136 445
619 531 666 531 666 574 619 574
755 460 805 460 805 503 755 503
155 779 172 779 172 822 155 822
280 985 300 985 300 1028 280 1028
486 1099 528 1099 528 1142 486 1142
132 653 174 653 174 696 132 696
478 649 523 649 523 692 478 692
560 1289 596 1289 596 1333 560 1333
763 731 804 731 804 775 763 775
697 433 724 433 724 477 697 477
88 555 119 555 119 599 88 599
758 588 796 588 796 632 758 632
692 626 733 626 733 670 692 670
825 660 869 660 869 704 825 704
476 568 523 568 523 612 476 612
826 1364 873 1364 873 1408 826 1408
824 927 876 927 876 971 824 971
64 868 109 868 109 913 64 913
412 604 444 604 444 649 412 649
483 327 523 327 523 372 483 372
629 330 651 330 651 375 629 375
629 628 652 628 652 673 629 673
492 690 520 690 520 735 492 735
273 1031 306 1031 306 1076 273 1076
760 496 801 496 801 541 760 541
691 1123 742 1123 742 1168 691 1168
486 467 533 467 533 513 486 513
205 513 251 513 251 559 205 559
694 935 732 935 732 982 694 982
201 1223 243 1223 243 1270 201 1270
197 234 242 234 242 281 197 281
197 1106 247 1106 247 1153 197 1153
615 490 668 490 668 537 615 537
833 600 863 600 863 648 833 648
558 1147 593 1147 593 1195 558 1195
206 659 243 659 243 707 206 707
764 1092 801 1092 801 1140 764 1140
411 998 455 998 455 1047 411 1047
687 989 737 989 737 1038 687 1038
65 1056 100 1056 100 1105 65 1105
550 969 592 969 592 1018 550 1018
776 543 784 543 784 593 776 593
690 723 734 723 734 773 690 773
415 887 449 887 449 937 415 937
410 526 448 526 448 576 410 576
71 414 89 414 89 465 71 465
413 794 459 794 459 845 413 845
66 918 112 918 112 969 66 969
65 1207 112 1207 112 1258 65 1258
762 331 799 331 799 383 762 383
210 353 234 353 234 405 210 405
763 917 788 917 788 969 763 969
409 940 463 940 463 992 409 992
703 480 720 480 720 533 703 533
218 702 240 702 240 755 218 755
766 1356 803 1356 803 1409 766 1409
831 704 869 704 869 757 831 757
482 735 520 735 520 788 482 788
761 777 794 777 794 830 761 830
205 921 246 921 246 974 205 974
132 597 178 597 178 650 132 650
488 791 524 791 524 845 488 845
478 513 530 513 530 567 478 567
558 1092 589 1092 589 1146 558 1146
759 976 804 976 804 1030 759 1030
557 1232 593 1232 593 1287 557 1287
695 668 735 668 735 723 695 723
688 876 732 876 732 931 688 931
200 459 251 459 251 514 200 514
282 644 308 644 308 700 282 700
407 466 455 466 455 522 407 522
203 1353 242 1353 242 1410 203 1410
415 1300 457 1300 457 1357 415 1357
401 1358 456 1358 456 1415 401 1415
202 864 245 864 245 921 202 921
414 1041 453 1041 453 1099 414 1099
754 1263 805 1263 805 1321 754 1321
622 579 669 579 669 638 622 638
499 1019 507 1019 507 1078 499 1078
67 1148 104 1148 104 1207 67 1207
283 1129 305 1129 305 1190 283 1190
761 678 801 678 801 739 761 739
615 702 660 702 660 765 615 765
480 402 519 402 519 470 480 470
