132 678 145 678 145 692 132 692
400 1104 432 1104 432 1119 400 1119
404 381 429 381 429 396 404 396
755 1345 774 1345 774 1362 755 1362
334 479 361 479 361 496 334 496
198 936 228 936 228 953 198 953
131 575 148 575 148 593 131 593
158 710 179 710 179 728 158 728
880 1062 898 1062 898 1080 880 1080
329 715 373 715 373 733 329 733
141 1060 161 1060 161 1079 141 1079
139 1326 166 1326 166 1345 139 1345
803 723 837 723 837 742 803 742
461 917 509 917 509 936 461 936
207 696 227 696 227 715 207 715
544 997 566 997 566 1016 544 1016
752 1012 774 1012 774 1031 752 1031
206 1294 229 1294 229 1313 206 1313
751 1364 785 1364 785 1383 751 1383
129 622 149 622 149 642 129 642
265 1013 295 1013 295 1033 265 1033
131 693 146 693 146 713 131 713
546 652 565 652 565 672 546 672
156 691 177 691 177 711 156 711
880 822 901 822 901 842 880 842
747 676 769 676 769 696 747 696
468 1334 498 1334 498 1354 468 1354
139 854 161 854 161 874 139 874
207 1109 230 1109 230 1129 207 1129
468 893 498 893 498 913 468 913
341 978 360 978 360 999 341 999
128 597 147 597 147 618 128 618
755 1255 776 1255 776 1276 755 1276
752 1321 773 1321 773 1342 752 1342
273 776 295 776 295 797 273 797
264 834 306 834 306 855 264 855
748 822 767 822 767 844 748 844
332 609 364 609 364 631 332 631
874 1010 907 1010 907 1032 874 1032
194 752 233 752 233 774 194 774
330 1113 371 1113 371 1135 330 1135
199 769 243 769 243 791 199 791
474 868 494 868 494 890 474 890
270 1267 298 1267 298 1289 270 1289
867 349 899 349 899 371 867 371
262 1101 304 1101 304 1123 262 1123
144 1270 165 1270 165 1292 144 1292
543 713 575 713 575 735 543 735
538 1362 575 1362 575 1384 538 1384
339 695 363 695 363 718 339 718
152 638 177 638 177 661 152 661
152 666 181 666 181 689 152 689
802 663 836 663 836 686 802 686
410 1361 427 1361 427 1384 410 1384
272 348 288 348 288 371 272 371
206 914 224 914 224 938 206 938
473 528 493 528 493 552 473 552
471 406 492 406 492 430 471 430
754 1094 775 1094 775 1118 754 1118
752 1119 778 1119 778 1143 752 1143
471 799 503 799 503 823 471 823
143 979 162 979 162 1003 143 1003
803 482 850 482 850 506 803 506
464 579 495 579 495 604 464 604
734 763 784 763 784 788 734 788
757 1212 772 1212 772 1237 757 1237
546 1163 566 1163 566 1188 546 1188
467 1018 507 1018 507 1043 467 1043
141 474 158 474 158 499 141 499
879 983 899 983 899 1008 879 1008
204 263 231 263 231 288 204 288
873 567 900 567 900 592 873 592
272 720 287 720 287 746 272 746
473 1305 491 1305 491 1331 473 1331
811 635 831 635 831 661 811 661
765 1307 787 1307 787 1333 765 1333
200 625 232 625 232 651 200 651
197 1312 242 1312 242 1338 197 1338
545 938 561 938 561 964 545 964
543 785 563 785 563 811 543 811
750 1232 780 1232 780 1258 750 1258
144 1037 178 1037 178 1063 144 1063
212 1270 248 1270 248 1296 212 1296
264 1123 307 1123 307 1149 264 1149
535 221 568 221 568 248 535 248
277 1210 293 1210 293 1237 277 1237
202 849 226 849 226 876 202 876
201 1077 231 1077 231 1104 201 1104
544 1020 576 1020 576 1047 544 1047
337 952 370 952 370 979 337 979
473 553 491 553 491 580 473 580
808 418 827 418 827 445 808 445
272 1149 292 1149 292 1176 272 1176
136 1005 169 1005 169 1032 136 1032
328 632 365 632 365 659 328 659
141 796 158 796 158 824 141 824
136 501 161 501 161 529 136 529
406 483 425 483 425 511 406 511
272 919 292 919 292 947 272 947
154 605 177 605 177 633 154 633
464 1354 502 1354 502 1382 464 1382
876 1351 914 1351 914 1379 876 1379
194 953 233 953 233 981 194 981
131 449 172 449 172 477 131 477
134 1187 183 1187 183 1215 134 1215
139 1124 161 1124 161 1152 139 1152
262 742 298 742 298 770 262 770
196 307 245 307 245 335 196 335
745 611 762 611 762 640 745 640
199 1046 233 1046 233 1075 199 1075
531 560 570 560 570 589 531 589
197 1183 236 1183 236 1212 197 1212
261 1288 302 1288 302 1317 261 1317
461 1194 509 1194 509 1223 461 1223
870 639 898 639 898 668 870 668
799 303 832 303 832 332 799 332
396 639 434 639 434 668 396 668
868 1033 909 1033 909 1062 868 1062
861 372 905 372 905 401 861 401
742 842 772 842 772 872 742 872
534 590 567 590 567 620 534 620
196 1244 243 1244 243 1274 196 1274
333 416 363 416 363 446 333 446
734 218 765 218 765 248 734 248
138 1296 175 1296 175 1326 138 1326
267 799 304 799 304 829 267 829
129 313 174 313 174 343 129 343
134 532 166 532 166 562 134 562
133 824 168 824 168 854 133 854
138 1244 175 1244 175 1274 138 1274
274 984 312 984 312 1014 274 1014
197 820 239 820 239 850 197 850
730 397 773 397 773 427 730 427
534 1094 579 1094 579 1124 534 1124
729 340 779 340 779 370 729 370
276 1236 295 1236 295 1267 276 1267
266 589 299 589 299 620 266 620
873 881 907 881 907 912 873 912
266 886 307 886 307 917 266 917
532 347 574 347 574 378 532 378
734 698 778 698 778 729 734 729
132 383 177 383 177 414 132 414
465 644 501 644 501 675 465 675
132 726 171 726 171 757 132 757
198 789 240 789 240 820 198 820
747 1277 795 1277 795 1308 747 1308
533 309 569 309 569 341 533 341
468 375 504 375 504 407 468 407
131 761 168 761 168 793 131 793
194 983 231 983 231 1015 194 1015
395 344 438 344 438 376 395 376
397 709 433 709 433 741 397 741
740 951 777 951 777 983 740 983
202 340 226 340 226 372 202 372
331 1007 362 1007 362 1039 331 1039
874 1156 910 1156 910 1188 874 1188
403 1285 440 1285 440 1317 403 1317
795 774 835 774 835 806 795 806
751 789 765 789 765 822 751 822
740 308 760 308 760 341 740 341
869 787 904 787 904 820 869 820
201 715 228 715 228 748 201 748
267 949 297 949 297 982 267 982
328 443 370 443 370 476 328 476
194 229 237 229 237 262 194 262
136 870 187 870 187 903 136 903
135 643 146 643 146 676 135 676
265 1178 298 1178 298 1211 265 1211
870 1083 910 1083 910 1116 870 1116
531 474 573 474 573 507 531 507
474 764 498 764 498 798 474 798
868 309 895 309 895 343 868 343
874 846 907 846 907 880 874 880
465 1120 506 1120 506 1154 465 1154
141 1212 160 1212 160 1246 141 1246
812 738 834 738 834 772 812 772
804 539 831 539 831 573 804 573
271 851 303 851 303 885 271 885
402 1031 442 1031 442 1065 402 1065
337 343 360 343 360 378 337 378
404 996 431 996 431 1031 404 1031
536 810 570 810 570 845 536 845
197 372 237 372 237 407 197 407
331 918 372 918 372 953 331 953
138 413 157 413 157 448 138 448
341 1078 360 1078 360 1113 341 1113
876 909 898 909 898 944 876 944
470 1044 500 1044 500 1079 470 1079
337 573 361 573 361 608 337 608
332 658 364 658 364 693 332 693
807 506 840 506 840 541 807 541
535 617 570 617 570 652 535 652
401 771 437 771 437 806 401 806
140 1346 181 1346 181 1381 140 1381
861 254 903 254 903 289 861 289
461 1157 516 1157 516 1192 461 1192
408 395 429 395 429 431 408 431
198 876 230 876 230 912 198 912
743 872 777 872 777 908 743 908
745 977 779 977 779 1013 745 1013
871 526 908 526 908 562 871 562
395 1120 443 1120 443 1156 395 1156
744 1028 804 1028 804 1064 744 1064
207 1209 228 1209 228 1245 207 1245
761 1060 786 1060 786 1096 761 1096
137 1086 176 1086 176 1122 137 1122
862 669 910 669 910 705 862 705
410 1068 428 1068 428 1104 410 1104
875 946 902 946 902 982 875 982
872 454 903 454 903 490 872 490
870 754 901 754 901 790 870 790
539 1185 575 1185 575 1221 539 1221
264 1030 302 1030 302 1066 264 1066
534 961 573 961 573 997 534 997
262 461 302 461 302 497 262 497
271 1064 300 1064 300 1101 271 1101
334 498 367 498 367 535 334 535
802 448 837 448 837 485 802 485
462 1270 505 1270 505 1307 462 1307
529 1326 581 1326 581 1363 529 1363
742 428 757 428 757 465 742 465
474 972 496 972 496 1009 474 1009
267 370 291 370 291 407 267 407
336 784 366 784 366 821 336 821
803 685 836 685 836 722 803 722
874 1315 909 1315 909 1352 874 1352
737 639 774 639 774 676 737 676
196 584 236 584 236 621 196 621
546 1120 562 1120 562 1158 546 1158
403 599 430 599 430 637 403 637
544 675 565 675 565 713 544 713
202 1009 224 1009 224 1047 202 1047
403 1207 439 1207 439 1245 403 1245
140 1152 168 1152 168 1191 140 1191
200 507 233 507 233 546 200 546
329 1040 380 1040 380 1079 329 1079
407 511 425 511 425 550 407 550
335 1136 370 1136 370 1175 335 1175
876 1114 913 1114 913 1153 876 1153
422 730 433 730 433 770 422 770
195 653 237 653 237 693 195 693
530 252 576 252 576 292 530 292
139 344 154 344 154 384 139 384
487 1079 505 1079 505 1119 487 1119
270 308 294 308 294 348 270 348
734 247 764 247 764 287 734 287
800 572 837 572 837 612 800 612
867 486 907 486 907 526 867 526
742 1180 790 1180 790 1220 742 1220
731 367 769 367 769 408 731 408
748 728 766 728 766 769 748 769
804 375 832 375 832 416 804 416
472 928 504 928 504 969 472 969
531 896 573 896 573 937 531 937
325 378 371 378 371 419 325 419
542 1047 562 1047 562 1088 542 1088
402 1245 436 1245 436 1286 402 1286
470 603 491 603 491 645 470 645
203 541 231 541 231 583 203 583
402 806 422 806 422 848 402 848
260 414 304 414 304 456 260 456
463 485 512 485 512 527 463 527
470 720 508 720 508 763 470 763
826 594 836 594 836 637 826 637
197 408 239 408 239 451 197 451
532 431 576 431 576 474 532 474
472 825 489 825 489 868 472 868
262 544 298 544 298 587 262 587
869 1191 907 1191 907 1234 869 1234
463 1223 502 1223 502 1266 463 1266
532 850 573 850 573 893 532 893
737 469 780 469 780 512 737 512
328 530 371 530 371 573 328 573
873 1227 905 1227 905 1271 873 1271
265 678 302 678 302 722 265 722
398 896 438 896 438 940 398 940
866 405 910 405 910 449 866 449
390 669 438 669 438 713 390 713
262 499 303 499 303 543 262 543
202 1336 243 1336 243 1380 202 1380
461 676 511 676 511 720 461 720
401 1322 445 1322 445 1367 401 1367
737 907 790 907 790 952 737 952
745 1143 787 1143 787 1189 745 1189
395 552 433 552 433 598 395 598
345 1180 366 1180 366 1227 345 1227
334 822 366 822 366 869 334 869
534 508 568 508 568 555 534 555
145 902 159 902 159 950 145 950
404 940 432 940 432 988 404 988
734 574 776 574 776 622 734 622
627 460 685 460 685 508 627 508
398 1157 441 1157 441 1205 398 1205
330 867 368 867 368 915 330 915
531 1278 582 1278 582 1326 531 1326
390 848 437 848 437 897 390 897
143 927 160 927 160 977 143 977
400 431 434 431 434 481 400 481
870 597 908 597 908 647 870 647
543 736 565 736 565 786 543 786
633 516 680 516 680 567 633 567
348 730 355 730 355 782 348 782
199 457 230 457 230 509 199 509
460 432 500 432 500 485 460 485
873 705 898 705 898 758 873 758
736 516 771 516 771 569 736 569
534 379 561 379 561 434 534 434
265 622 296 622 296 677 265 677
