561 582 571 582 571 592 561 592
115 1310 132 1310 132 1320 115 1320
820 645 837 645 837 656 820 656
609 1359 622 1359 622 1372 609 1372
814 424 841 424 841 437 814 437
401 1364 431 1364 431 1377 401 1377
64 653 79 653 79 667 64 667
613 613 628 613 628 627 613 627
472 378 495 378 495 392 472 392
264 583 289 583 289 597 264 597
407 735 424 735 424 750 407 750
815 890 837 890 837 905 815 905
254 864 296 864 296 879 254 879
130 575 145 575 145 590 130 590
68 1088 83 1088 83 1103 68 1103
771 456 783 456 783 472 771 472
131 1060 146 1060 146 1076 131 1076
682 835 703 835 703 851 682 851
536 904 568 904 568 920 536 920
684 526 701 526 701 542 684 542
614 1006 632 1006 632 1022 614 1022
751 997 768 997 768 1014 751 1014
557 754 579 754 579 771 557 771
812 769 837 769 837 786 812 786
261 318 290 318 290 335 261 335
58 356 64 356 64 373 58 373
53 339 66 339 66 356 53 356
813 323 843 323 843 340 813 340
336 1367 354 1367 354 1384 336 1384
540 403 568 403 568 421 540 421
124 599 157 599 157 617 124 617
56 1205 88 1205 88 1223 56 1223
83 393 96 393 96 412 83 412
546 474 562 474 562 493 546 493
768 498 791 498 791 517 768 517
673 1070 703 1070 703 1089 673 1089
74 317 96 317 96 336 74 336
330 1018 364 1018 364 1037 330 1037
147 1341 157 1341 157 1361 147 1361
616 1091 632 1091 632 1111 616 1111
61 1363 78 1363 78 1383 61 1383
405 1315 422 1315 422 1335 405 1335
198 564 223 564 223 584 198 584
813 567 841 567 841 587 813 587
327 418 355 418 355 438 327 438
404 357 420 357 420 377 404 377
549 382 566 382 566 402 549 402
114 1359 137 1359 137 1379 114 1379
805 1043 852 1043 852 1063 805 1063
746 476 758 476 758 497 746 497
685 733 700 733 700 754 685 754
605 376 637 376 637 397 605 397
808 985 847 985 847 1006 808 1006
532 749 542 749 542 770 532 770
336 1109 351 1109 351 1130 336 1130
140 1361 165 1361 165 1382 140 1382
202 542 218 542 218 563 202 563
130 656 149 656 149 677 130 677
62 699 81 699 81 720 62 720
536 1239 565 1239 565 1260 536 1260
809 751 852 751 852 772 809 772
618 692 632 692 632 714 618 714
808 1126 847 1126 847 1148 808 1148
687 465 701 465 701 487 687 487
616 558 630 558 630 580 616 580
556 724 576 724 576 746 556 746
767 474 788 474 788 496 767 496
78 338 96 338 96 361 78 361
677 785 707 785 707 808 677 808
258 1021 288 1021 288 1044 258 1044
743 1128 773 1128 773 1151 743 1151
52 313 71 313 71 336 52 336
750 1359 771 1359 771 1382 750 1382
678 547 708 547 708 570 678 570
395 421 428 421 428 444 395 444
56 675 90 675 90 698 56 698
543 1214 558 1214 558 1237 543 1237
478 460 494 460 494 483 478 483
58 722 86 722 86 745 58 745
736 1150 776 1150 776 1173 736 1173
811 531 855 531 855 554 811 554
752 903 767 903 767 927 752 927
334 601 350 601 350 625 334 625
613 1029 634 1029 634 1053 613 1053
120 1215 156 1215 156 1239 120 1239
334 960 351 960 351 984 334 984
339 670 357 670 357 694 339 694
543 809 562 809 562 833 543 833
742 451 762 451 762 475 742 475
555 779 576 779 576 803 555 803
63 803 84 803 84 827 63 827
397 1259 430 1259 430 1283 397 1283
674 570 711 570 711 594 674 594
676 1123 719 1123 719 1147 676 1147
612 1305 626 1305 626 1330 612 1330
751 1100 766 1100 766 1125 751 1125
131 1001 147 1001 147 1026 131 1026
547 319 564 319 564 344 547 344
828 477 845 477 845 502 828 502
130 707 150 707 150 732 130 732
816 1144 839 1144 839 1169 816 1169
401 1336 427 1336 427 1361 401 1361
741 1259 771 1259 771 1284 741 1284
400 1149 430 1149 430 1174 400 1174
124 680 156 680 156 705 124 705
399 754 435 754 435 779 399 779
65 1030 82 1030 82 1055 65 1055
49 871 70 871 70 896 49 896
471 509 498 509 498 534 471 534
545 1009 560 1009 560 1034 545 1034
407 672 423 672 423 697 407 697
132 775 149 775 149 800 132 800
126 1192 147 1192 147 1217 126 1217
403 876 426 876 426 901 403 901
818 615 842 615 842 640 818 640
191 402 223 402 223 427 191 427
200 315 214 315 214 341 200 341
614 950 628 950 628 976 614 976
204 516 223 516 223 542 204 542
406 902 426 902 426 928 406 928
69 1224 81 1224 81 1250 69 1250
769 426 789 426 789 452 769 452
336 1131 356 1131 356 1157 336 1157
810 822 841 822 841 848 810 848
813 587 847 587 847 613 813 613
51 896 65 896 65 922 51 922
52 373 67 373 67 399 52 399
116 1332 134 1332 134 1358 116 1358
263 1286 291 1286 291 1312 263 1312
255 1080 291 1080 291 1106 255 1106
113 852 134 852 134 879 113 879
607 631 636 631 636 658 607 658
534 1131 566 1131 566 1158 534 1158
123 1162 157 1162 157 1189 123 1189
256 1107 291 1107 291 1134 256 1134
255 335 291 335 291 362 255 362
327 808 372 808 372 835 327 835
264 996 284 996 284 1023 264 1023
59 562 88 562 88 589 59 589
325 1077 362 1077 362 1104 325 1104
473 565 511 565 511 592 473 592
544 641 557 641 557 669 544 669
822 700 839 700 839 728 822 728
739 387 762 387 762 415 739 415
526 720 550 720 550 748 526 748
533 1261 566 1261 566 1289 533 1289
605 499 640 499 640 527 605 527
669 808 707 808 707 836 669 836
256 362 296 362 296 390 256 390
826 1098 835 1098 835 1126 826 1126
67 590 82 590 82 618 67 618
203 465 222 465 222 493 203 493
679 700 702 700 702 728 679 728
61 1252 87 1252 87 1280 61 1280
747 1333 775 1333 775 1361 747 1361
331 1241 360 1241 360 1269 331 1269
813 502 847 502 847 530 813 530
602 1327 638 1327 638 1355 602 1355
54 453 93 453 93 481 54 481
684 402 710 402 710 430 684 430
54 777 92 777 92 805 54 805
330 1341 369 1341 369 1369 330 1369
396 815 437 815 437 843 396 843
60 1177 80 1177 80 1206 60 1206
611 581 636 581 636 610 611 610
260 1216 287 1216 287 1245 260 1245
605 527 642 527 642 556 605 556
486 346 493 346 493 375 486 375
130 508 143 508 143 537 130 537
76 361 97 361 97 390 76 390
398 928 429 928 429 957 398 957
262 828 298 828 298 857 262 857
398 1072 434 1072 434 1101 398 1101
540 539 576 539 576 568 540 568
134 1232 147 1232 147 1262 134 1262
751 600 770 600 770 630 751 630
744 626 769 626 769 656 744 656
524 770 551 770 551 800 524 800
398 606 429 606 429 636 398 636
59 921 64 921 64 951 59 951
545 873 558 873 558 903 545 903
819 1012 835 1012 835 1042 819 1042
683 888 705 888 705 918 683 918
611 714 637 714 637 744 611 744
743 927 769 927 769 957 743 957
813 725 841 725 841 755 813 755
466 534 498 534 498 564 466 564
253 1044 288 1044 288 1074 253 1074
139 852 176 852 176 882 139 882
54 1109 94 1109 94 1139 54 1139
771 391 784 391 784 421 771 421
558 1191 566 1191 566 1222 558 1222
692 753 704 753 704 784 692 784
402 530 422 530 422 561 402 561
745 869 774 869 774 900 745 900
60 1143 90 1143 90 1174 60 1174
536 1034 568 1034 568 1065 536 1065
330 738 363 738 363 769 330 769
260 479 295 479 295 510 260 510
605 975 641 975 641 1006 605 1006
473 393 491 393 491 424 473 424
61 745 82 745 82 776 61 776
613 1057 635 1057 635 1088 613 1088
261 1314 285 1314 285 1345 261 1345
396 448 420 448 420 479 396 479
127 1261 152 1261 152 1292 127 1292
189 588 225 588 225 619 189 619
477 314 496 314 496 346 477 346
820 347 839 347 839 379 820 379
609 1156 634 1156 634 1188 609 1188
194 374 222 374 222 406 194 406
812 379 844 379 844 411 812 411
188 491 222 491 222 523 188 523
327 1306 363 1306 363 1338 327 1338
392 324 439 324 439 356 392 356
402 500 418 500 418 532 402 532
145 888 169 888 169 920 145 920
76 912 101 912 101 944 76 944
811 667 847 667 847 699 811 699
326 980 362 980 362 1012 326 1012
537 343 574 343 574 375 537 375
532 421 569 421 569 453 532 453
476 483 495 483 495 515 476 515
57 828 89 828 89 860 57 860
190 341 224 341 224 373 190 373
544 1065 563 1065 563 1098 544 1098
262 600 287 600 287 633 262 633
121 1024 154 1024 154 1057 121 1057
55 1284 89 1284 89 1317 55 1317
340 1269 354 1269 354 1302 340 1302
141 1309 166 1309 166 1342 141 1342
329 1158 359 1158 359 1191 329 1191
126 800 157 800 157 833 126 833
669 1089 708 1089 708 1122 669 1122
328 475 368 475 368 508 328 508
548 1097 563 1097 563 1131 548 1131
257 673 296 673 296 707 257 707
603 1190 646 1190 646 1224 603 1224
679 591 701 591 701 625 679 625
745 958 770 958 770 992 745 992
399 698 432 698 432 732 399 732
534 1158 567 1158 567 1192 534 1192
811 786 845 786 845 820 811 820
810 442 848 442 848 476 810 476
120 879 132 879 132 913 120 913
127 1087 151 1087 151 1121 127 1121
603 919 636 919 636 953 603 953
57 1052 90 1052 90 1086 57 1086
675 918 709 918 709 952 675 952
57 1000 93 1000 93 1034 57 1034
531 1344 569 1344 569 1378 531 1378
393 844 432 844 432 878 393 878
747 415 753 415 753 450 747 450
677 626 710 626 710 661 677 661
599 1271 635 1271 635 1306 599 1306
681 852 700 852 700 887 681 887
336 1039 356 1039 356 1074 336 1074
260 1178 286 1178 286 1213 260 1213
542 502 573 502 573 537 542 537
678 487 709 487 709 522 678 522
57 616 92 616 92 651 57 651
54 526 90 526 90 561 54 561
123 619 164 619 164 654 123 654
259 1345 302 1345 302 1380 259 1380
607 1112 636 1112 636 1148 607 1148
608 658 640 658 640 694 608 694
396 636 437 636 437 672 396 672
256 545 294 545 294 581 256 581
264 707 286 707 286 743 264 743
675 1028 709 1028 709 1064 675 1064
807 947 845 947 845 983 807 983
259 1249 297 1249 297 1285 259 1285
740 1174 781 1174 781 1210 740 1210
691 362 703 362 703 399 691 399
473 424 501 424 501 461 473 461
126 1122 154 1122 154 1159 126 1159
330 438 360 438 360 475 330 475
671 991 709 991 709 1028 671 1028
671 660 715 660 715 697 671 697
411 477 419 477 419 514 411 514
122 535 156 535 156 572 122 572
745 562 779 562 779 599 745 599
120 925 158 925 158 962 120 962
743 1058 768 1058 768 1096 743 1096
403 563 435 563 435 601 403 601
408 1275 428 1275 428 1313 408 1313
677 431 711 431 711 469 677 469
256 791 294 791 294 829 256 829
326 562 368 562 368 600 326 600
407 774 428 774 428 812 407 812
326 918 364 918 364 956 326 956
258 637 299 637 299 675 258 675
268 914 279 914 279 953 268 953
335 835 347 835 347 874 335 874
543 834 561 834 561 873 543 873
680 953 708 953 708 992 680 992
395 1174 431 1174 431 1213 395 1213
197 424 218 424 218 463 197 463
262 952 287 952 287 991 262 991
607 831 642 831 642 870 607 870
807 854 848 854 848 893 807 893
734 1017 779 1017 779 1057 734 1057
118 418 155 418 155 458 118 458
602 279 643 279 643 319 602 319
52 410 98 410 98 450 52 450
76 871 96 871 96 912 76 912
330 770 360 770 360 811 330 811
532 967 569 967 569 1008 532 1008
121 966 161 966 161 1007 121 1007
825 1169 831 1169 831 1210 825 1210
268 878 286 878 286 919 268 919
335 628 354 628 354 669 335 669
603 327 641 327 641 368 603 368
606 454 644 454 644 495 606 495
117 277 158 277 158 318 117 318
398 1213 434 1213 434 1255 398 1255
807 906 848 906 848 948 807 948
741 280 782 280 782 322 741 322
134 732 142 732 142 775 134 775
53 957 88 957 88 1000 53 1000
326 1194 362 1194 362 1237 326 1237
743 654 784 654 784 697 743 697
540 668 563 668 563 711 540 711
330 365 353 365 353 408 330 408
749 519 785 519 785 562 749 562
57 482 88 482 88 525 57 525
605 786 643 786 643 829 605 829
679 318 718 318 718 361 679 361
530 923 570 923 570 966 530 966
393 277 436 277 436 320 393 320
742 698 779 698 779 742 742 742
742 832 780 832 780 876 742 876
329 517 366 517 366 561 329 561
331 695 364 695 364 740 331 740
328 874 364 874 364 919 328 919
807 1055 841 1055 841 1100 807 1100
260 745 300 745 300 790 260 790
260 433 285 433 285 479 260 479
534 597 570 597 570 643 534 643
394 1024 435 1024 435 1070 394 1070
743 733 775 733 775 780 743 780
118 461 156 461 156 508 118 508
265 384 283 384 283 431 265 431
55 1316 90 1316 90 1363 55 1363
735 782 784 782 784 829 735 829
605 746 636 746 636 794 605 794
598 1222 636 1222 636 1270 598 1270
605 870 633 870 633 919 605 919
742 1284 779 1284 779 1333 742 1333
120 366 158 366 158 415 120 415
535 1289 563 1289 563 1341 535 1341
607 398 638 398 638 454 607 454
