640 493 651 493 651 500 640 500
181 1364 214 1364 214 1371 181 1371
472 451 506 451 506 458 472 458
51 973 84 973 84 981 51 981
118 1004 147 1004 147 1012 118 1012
260 944 287 944 287 954 260 954
187 1348 217 1348 217 1358 187 1358
755 1341 777 1341 777 1352 755 1352
209 1246 219 1246 219 1258 209 1258
541 1241 567 1241 567 1253 541 1253
123 439 151 439 151 452 123 452
330 1219 357 1219 357 1232 330 1232
693 900 705 900 705 914 693 914
822 1135 851 1135 851 1150 822 1150
750 950 781 950 781 966 750 966
196 732 210 732 210 749 196 749
414 1100 435 1100 435 1117 414 1117
754 639 781 639 781 656 754 656
682 915 711 915 711 932 682 932
819 901 853 901 853 919 819 919
484 692 496 692 496 710 484 710
616 1076 646 1076 646 1094 616 1094
342 610 355 610 355 629 342 629
55 1350 74 1350 74 1369 55 1369
468 679 514 679 514 698 468 698
59 1167 75 1167 75 1187 59 1187
547 369 574 369 574 389 547 389
400 984 435 984 435 1004 400 1004
621 841 637 841 637 862 621 862
270 396 289 396 289 417 270 417
125 1150 144 1150 144 1171 125 1171
683 1351 702 1351 702 1372 683 1372
409 1146 433 1146 433 1167 409 1167
476 426 505 426 505 447 476 447
753 493 786 493 786 514 753 514
342 323 353 323 353 344 342 344
60 848 76 848 76 869 60 869
686 1291 706 1291 706 1313 686 1313
52 1184 81 1184 81 1206 52 1206
189 754 224 754 224 776 189 776
269 895 280 895 280 917 269 917
821 845 851 845 851 867 821 867
404 723 439 723 439 745 404 745
473 571 498 571 498 594 473 594
401 1046 430 1046 430 1069 401 1069
745 1356 787 1356 787 1379 745 1379
542 1177 564 1177 564 1200 542 1200
616 1301 649 1301 649 1324 616 1324
183 1259 220 1259 220 1282 183 1282
818 695 855 695 855 718 818 718
814 1189 855 1189 855 1212 814 1212
200 961 215 961 215 984 200 984
478 658 501 658 501 681 478 681
753 467 792 467 792 490 753 490
821 589 840 589 840 613 821 613
827 919 846 919 846 943 827 943
194 458 221 458 221 482 194 482
259 807 290 807 290 831 259 831
47 728 79 728 79 752 47 752
474 594 493 594 493 618 474 618
618 418 643 418 643 442 618 442
750 779 787 779 787 803 750 803
690 1205 703 1205 703 1230 690 1230
263 447 292 447 292 472 263 472
609 735 641 735 641 760 609 760
259 734 296 734 296 759 259 759
757 1113 777 1113 777 1138 757 1138
620 907 641 907 641 932 620 932
550 838 572 838 572 863 550 863
469 1385 505 1385 505 1410 469 1410
813 943 859 943 859 968 813 968
272 918 278 918 278 943 272 943
620 812 638 812 638 837 620 837
349 886 370 886 370 911 349 911
337 1154 359 1154 359 1179 337 1179
412 330 443 330 443 355 412 355
821 1328 852 1328 852 1353 821 1353
611 536 647 536 647 561 611 561
64 788 76 788 76 814 64 814
335 1342 350 1342 350 1368 335 1368
187 1188 218 1188 218 1214 187 1214
114 1215 145 1215 145 1241 114 1241
545 740 578 740 578 766 545 766
49 399 82 399 82 425 49 425
751 410 787 410 787 436 751 436
113 869 149 869 149 895 113 895
623 640 635 640 635 666 623 666
619 1236 634 1236 634 1262 619 1262
690 1227 708 1227 708 1253 690 1253
549 990 570 990 570 1016 549 1016
618 1381 643 1381 643 1407 618 1407
679 766 713 766 713 792 679 792
752 545 787 545 787 571 752 571
746 1312 788 1312 788 1338 746 1338
62 1242 74 1242 74 1269 62 1269
202 431 216 431 216 458 202 458
340 661 356 661 356 688 340 688
759 328 775 328 775 355 759 355
756 661 777 661 777 688 756 688
689 461 713 461 713 488 689 488
187 812 222 812 222 839 187 839
540 463 577 463 577 490 540 490
819 1217 858 1217 858 1244 819 1244
763 751 775 751 775 778 763 778
550 583 568 583 568 610 550 610
823 613 842 613 842 640 823 640
754 382 781 382 781 409 754 409
472 974 501 974 501 1001 472 1001
683 1081 713 1081 713 1108 683 1108
327 1314 358 1314 358 1341 327 1341
468 1256 509 1256 509 1283 468 1283
342 538 359 538 359 565 342 565
266 832 285 832 285 859 266 859
266 668 287 668 287 695 266 695
257 472 291 472 291 499 257 499
120 335 161 335 161 362 120 362
814 1388 858 1388 858 1415 814 1415
828 717 840 717 840 745 828 745
758 1171 774 1171 774 1199 758 1199
684 1261 705 1261 705 1289 684 1289
824 958 845 958 845 986 824 986
815 405 849 405 849 433 815 433
273 420 284 420 284 448 273 448
828 816 841 816 841 844 828 844
763 1140 777 1140 777 1168 763 1168
548 682 574 682 574 710 548 710
468 811 507 811 507 839 468 839
693 367 707 367 707 396 693 396
197 676 212 676 212 705 197 705
826 1105 842 1105 842 1134 826 1134
202 375 223 375 223 404 202 404
684 968 710 968 710 997 684 997
186 1096 218 1096 218 1125 186 1125
680 702 713 702 713 731 680 731
326 630 360 630 360 659 326 659
187 1215 221 1215 221 1244 187 1244
182 1319 219 1319 219 1348 182 1348
540 928 579 928 579 957 540 957
603 1357 652 1357 652 1386 603 1386
340 754 354 754 354 783 340 783
266 1167 282 1167 282 1196 266 1196
192 985 220 985 220 1014 192 1014
684 396 713 396 713 425 684 425
401 1248 433 1248 433 1277 401 1277
749 605 784 605 784 634 749 634
328 510 367 510 367 539 328 539
626 1328 638 1328 638 1357 626 1357
555 957 568 957 568 986 555 986
60 327 75 327 75 356 60 356
474 326 500 326 500 355 474 355
615 503 642 503 642 532 615 532
611 564 644 564 644 593 611 593
329 952 366 952 366 981 329 981
678 674 720 674 720 703 678 703
107 1385 152 1385 152 1414 107 1414
121 970 137 970 137 1000 121 1000
269 638 287 638 287 668 269 668
57 501 77 501 77 531 57 531
53 1101 79 1101 79 1131 53 1131
541 1148 574 1148 574 1178 541 1178
748 1283 786 1283 786 1313 748 1313
759 1048 774 1048 774 1078 759 1078
759 1019 779 1019 779 1049 759 1049
329 783 360 783 360 813 329 813
470 508 505 508 505 538 470 538
332 377 368 377 368 407 332 407
324 982 363 982 363 1012 324 1012
768 688 775 688 775 719 768 719
341 402 352 402 352 433 341 433
340 684 356 684 356 715 340 715
270 365 288 365 288 396 270 396
124 455 149 455 149 486 124 486
193 781 220 781 220 812 193 812
540 1262 569 1262 569 1293 540 1293
753 574 783 574 783 605 753 605
821 517 854 517 854 548 821 548
50 755 83 755 83 786 50 786
613 327 647 327 647 358 613 358
610 1163 647 1163 647 1194 610 1194
751 807 788 807 788 838 751 838
49 1033 86 1033 86 1064 49 1064
476 830 498 830 498 861 476 861
752 355 779 355 779 386 752 386
753 1082 781 1082 781 1113 753 1113
332 844 361 844 361 875 332 875
45 1370 77 1370 77 1401 45 1401
330 813 363 813 363 844 330 844
326 1365 361 1365 361 1396 326 1396
187 402 225 402 225 433 187 433
187 482 227 482 227 513 187 513
537 1050 578 1050 578 1081 537 1081
257 864 303 864 303 895 257 895
558 1119 576 1119 576 1150 558 1150
756 885 775 885 775 916 756 916
542 1295 563 1295 563 1326 542 1326
331 1382 354 1382 354 1413 331 1413
616 668 642 668 642 699 616 699
118 611 152 611 152 642 118 642
188 700 222 700 222 731 188 731
611 700 647 700 647 731 611 731
112 1359 149 1359 149 1390 112 1390
397 694 434 694 434 725 397 725
486 1192 496 1192 496 1224 486 1224
344 345 365 345 365 377 344 377
756 916 777 916 777 948 756 948
59 1066 80 1066 80 1098 59 1098
824 332 849 332 849 364 824 364
820 746 849 746 849 778 820 778
679 601 710 601 710 633 679 633
402 401 435 401 435 433 402 433
751 1195 784 1195 784 1227 751 1227
116 731 151 731 151 763 116 763
197 565 234 565 234 597 197 597
252 1197 291 1197 291 1229 252 1229
271 696 286 696 286 728 271 728
757 719 776 719 776 751 757 751
541 766 583 766 583 798 541 798
554 610 566 610 566 643 554 643
414 1326 426 1326 426 1359 414 1359
199 883 213 883 213 916 199 916
406 616 428 616 428 649 406 649
686 534 709 534 709 567 686 567
259 1044 287 1044 287 1077 259 1077
51 565 79 565 79 598 51 598
464 1002 508 1002 508 1035 464 1035
558 861 564 861 564 894 558 894
480 736 497 736 497 769 480 769
330 433 357 433 357 466 330 466
683 427 713 427 713 460 683 460
58 814 89 814 89 847 58 847
681 838 718 838 718 871 681 871
408 902 428 902 428 935 408 935
687 937 707 937 707 970 687 970
544 1016 571 1016 571 1049 544 1049
475 904 508 904 508 937 475 937
750 436 787 436 787 469 750 469
114 1280 151 1280 151 1313 114 1313
418 1115 424 1115 424 1149 418 1149
406 1175 428 1175 428 1209 406 1209
192 603 218 603 218 637 192 637
55 425 83 425 83 459 55 459
817 367 853 367 853 401 817 401
188 341 224 341 224 375 188 375
611 935 649 935 649 969 611 969
50 996 89 996 89 1030 50 1030
544 803 575 803 575 837 544 837
474 390 508 390 508 424 474 424
45 1207 81 1207 81 1241 45 1241
118 575 156 575 156 609 118 609
259 536 298 536 298 570 259 570
327 1074 372 1074 372 1108 327 1108
749 1376 782 1376 782 1411 749 1411
609 1130 642 1130 642 1165 609 1165
259 501 294 501 294 536 259 536
343 912 379 912 379 947 343 947
183 1125 226 1125 226 1160 183 1160
478 1116 497 1116 497 1151 478 1151
187 847 225 847 225 882 187 882
400 1007 439 1007 439 1042 400 1042
116 403 156 403 156 438 116 438
408 824 427 824 427 859 408 859
185 1283 212 1283 212 1318 185 1318
544 646 573 646 573 681 544 681
474 356 507 356 507 391 474 391
681 331 715 331 715 366 681 366
47 1131 83 1131 83 1166 47 1166
763 509 773 509 773 545 763 545
123 895 136 895 136 931 123 931
554 391 570 391 570 427 554 427
821 865 852 865 852 901 821 901
677 730 716 730 716 766 677 766
110 1242 152 1242 152 1278 110 1278
326 1240 369 1240 369 1276 326 1276
825 1151 844 1151 844 1187 825 1187
118 933 148 933 148 969 118 969
121 694 154 694 154 730 121 730
182 1375 219 1375 219 1411 182 1411
486 708 495 708 495 745 486 745
481 1033 500 1033 500 1070 481 1070
263 606 294 606 294 643 263 643
49 530 80 530 80 567 49 567
557 710 563 710 563 747 557 747
552 425 570 425 570 462 552 462
401 436 436 436 436 473 401 473
819 1346 856 1346 856 1383 819 1383
113 1174 152 1174 152 1211 113 1211
46 689 89 689 89 726 46 726
126 358 142 358 142 395 126 395
619 1002 645 1002 645 1039 619 1039
823 988 850 988 850 1025 823 1025
819 778 849 778 849 815 819 815
688 492 720 492 720 529 688 529
119 489 152 489 152 526 119 526
813 478 848 478 848 515 813 515
398 535 434 535 434 572 398 572
115 1021 152 1021 152 1058 115 1058
679 869 716 869 716 906 679 906
397 786 441 786 441 823 397 823
67 459 75 459 75 497 67 497
823 1028 843 1028 843 1066 823 1066
684 1314 712 1314 712 1352 684 1352
473 773 507 773 507 811 473 811
612 1039 648 1039 648 1077 612 1077
471 1152 511 1152 511 1190 471 1190
537 1376 578 1376 578 1414 537 1414
531 1200 573 1200 573 1238 531 1238
187 637 230 637 230 675 187 675
69 1316 92 1316 92 1354 69 1354
190 1019 215 1019 215 1057 190 1057
542 1083 575 1083 575 1121 542 1121
396 1069 440 1069 440 1107 396 1107
185 1057 232 1057 232 1095 185 1095
262 957 282 957 282 996 262 996
815 437 849 437 849 476 815 476
55 927 92 927 92 966 55 966
259 1080 296 1080 296 1119 259 1119
392 1209 441 1209 441 1248 392 1248
684 1370 709 1370 709 1409 684 1409
612 446 645 446 645 485 612 485
610 865 651 865 651 904 610 904
465 618 508 618 508 657 465 657
328 1177 371 1177 371 1216 328 1216
419 746 430 746 430 786 419 786
54 1269 74 1269 74 1309 54 1309
259 323 302 323 302 363 259 363
329 568 368 568 368 608 329 608
816 548 856 548 856 588 816 588
751 842 792 842 792 882 751 882
609 969 650 969 650 1009 609 1009
479 940 495 940 495 981 479 981
404 857 434 857 434 898 404 898
330 466 361 466 361 507 330 507
606 1093 648 1093 648 1134 606 1134
186 1153 231 1153 231 1194 186 1194
680 1163 715 1163 715 1204 680 1204
679 635 717 635 717 676 679 676
189 294 232 294 232 335 189 335
680 793 723 793 723 834 680 834
482 529 489 529 489 571 482 571
123 1064 139 1064 139 1106 123 1106
58 357 83 357 83 399 58 399
471 862 505 862 505 904 471 904
611 595 645 595 645 637 611 637
465 1217 506 1217 506 1259 465 1259
538 883 585 883 585 925 538 925
108 1318 156 1318 156 1360 108 1360
815 1062 854 1062 854 1104 815 1104
399 1365 438 1365 438 1407 399 1407
187 916 231 916 231 958 187 958
260 996 295 996 295 1039 260 1039
470 1285 505 1285 505 1328 470 1328
818 1284 860 1284 860 1327 818 1327
332 1110 360 1110 360 1153 332 1153
605 1262 647 1262 647 1305 605 1305
823 1240 842 1240 842 1283 823 1283
403 1282 432 1282 432 1325 403 1325
46 643 89 643 89 686 46 686
47 599 83 599 83 643 47 643
403 935 446 935 446 979 403 979
326 1276 364 1276 364 1321 326 1321
398 649 441 649 441 694 398 694
266 759 286 759 286 804 266 804
254 1122 296 1122 296 1167 254 1167
677 570 720 570 720 615 677 615
119 529 154 529 154 575 119 575
119 762 152 762 152 808 119 808
749 969 785 969 785 1015 749 1015
394 569 438 569 438 615 394 615
405 356 435 356 435 404 405 404
327 709 363 709 363 757 327 757
611 761 648 761 648 809 611 809
540 532 579 532 579 580 540 580
544 1327 563 1327 563 1376 544 1376
681 1033 723 1033 723 1082 681 1082
486 1328 492 1328 492 1378 486 1378
542 491 581 491 581 541 542 541
678 1112 717 1112 717 1163 678 1163
470 1070 515 1070 515 1121 470 1121
754 1228 783 1228 783 1283 754 1283
197 512 221 512 221 567 197 567
52 869 77 869 77 925 52 925
682 985 723 985 723 1042 682 1042
815 640 850 640 850 699 815 699
402 469 435 469 435 535 402 535
