89 435 120 435 120 443 89 443
159 849 190 849 190 857 159 857
22 416 56 416 56 425 22 425
15 1287 52 1287 52 1296 15 1296
161 632 188 632 188 641 161 641
610 704 618 704 618 714 610 714
20 727 53 727 53 737 20 737
469 609 478 609 478 620 469 620
317 1384 337 1384 337 1396 317 1396
88 979 124 979 124 991 88 991
771 674 790 674 790 687 771 687
93 414 118 414 118 427 93 427
802 499 821 499 821 513 802 513
427 983 474 983 474 997 427 997
795 1391 809 1391 809 1407 795 1407
711 800 738 800 738 817 711 817
372 534 401 534 401 551 372 551
14 1126 54 1126 54 1143 14 1143
499 842 544 842 544 859 499 859
806 686 821 686 821 703 806 703
222 362 243 362 243 379 222 379
310 1293 338 1293 338 1310 310 1310
316 1343 331 1343 331 1360 316 1360
808 554 826 554 826 571 808 571
709 1022 735 1022 735 1039 709 1039
573 575 618 575 618 592 573 592
226 342 242 342 242 360 226 360
95 1325 108 1325 108 1343 95 1343
298 1126 319 1126 319 1144 298 1144
446 791 457 791 457 810 446 810
722 435 745 435 745 454 722 454
799 756 823 756 823 775 799 775
375 668 400 668 400 687 375 687
216 384 243 384 243 403 216 403
24 700 61 700 61 719 24 719
426 1282 471 1282 471 1301 426 1301
29 1202 41 1202 41 1221 29 1221
772 1183 815 1183 815 1202 772 1202
31 681 44 681 44 701 31 701
248 390 267 390 267 410 248 410
379 649 398 649 398 669 379 669
166 732 185 732 185 752 166 752
235 575 258 575 258 595 235 595
301 532 326 532 326 552 301 552
249 411 275 411 275 431 249 431
561 1354 612 1354 612 1374 561 1374
282 1346 301 1346 301 1367 282 1367
785 1049 810 1049 810 1070 785 1070
768 592 798 592 798 613 768 613
582 862 602 862 602 883 582 883
769 689 791 689 791 710 769 710
797 734 821 734 821 755 797 755
798 630 826 630 826 651 798 651
645 365 677 365 677 386 645 386
252 331 268 331 268 352 252 352
278 1323 303 1323 303 1344 278 1344
639 909 680 909 680 930 639 930
501 1343 528 1343 528 1365 501 1365
579 619 608 619 608 641 579 641
32 344 49 344 49 366 32 366
314 1358 335 1358 335 1380 314 1380
299 706 328 706 328 728 299 728
646 416 681 416 681 438 646 438
644 670 684 670 684 692 644 692
436 1227 457 1227 457 1250 436 1250
705 1001 739 1001 739 1024 705 1024
498 1141 534 1141 534 1164 498 1164
803 776 823 776 823 799 803 799
25 1336 45 1336 45 1359 25 1359
161 752 193 752 193 775 161 775
81 1305 121 1305 121 1328 81 1328
514 446 532 446 532 469 514 469
770 520 790 520 790 543 770 543
703 1072 738 1072 738 1095 703 1095
501 786 538 786 538 809 501 809
578 519 617 519 617 542 578 542
711 514 753 514 753 537 711 537
294 661 339 661 339 684 294 684
221 728 269 728 269 751 221 751
650 732 673 732 673 756 650 756
779 310 809 310 809 334 779 334
157 778 189 778 189 802 157 802
495 1288 530 1288 530 1312 495 1312
13 1182 51 1182 51 1206 13 1206
13 1220 54 1220 54 1244 13 1244
721 376 737 376 737 400 721 400
234 745 256 745 256 769 234 769
800 603 824 603 824 627 800 627
368 948 405 948 405 972 368 972
640 388 678 388 678 412 640 412
299 1232 319 1232 319 1257 299 1257
501 586 535 586 535 611 501 611
495 1314 533 1314 533 1339 495 1339
566 1182 606 1182 606 1207 566 1207
87 746 135 746 135 771 87 771
720 716 735 716 735 741 720 741
650 757 667 757 667 782 650 782
570 987 603 987 603 1012 570 1012
369 1062 402 1062 402 1087 369 1087
501 644 536 644 536 669 501 669
369 689 404 689 404 714 369 714
773 1023 816 1023 816 1048 773 1048
295 339 344 339 344 364 295 364
715 910 734 910 734 935 715 935
798 416 825 416 825 441 798 441
296 1149 323 1149 323 1174 296 1174
572 1380 602 1380 602 1405 572 1405
637 782 680 782 680 807 637 807
721 489 737 489 737 515 721 515
653 644 670 644 670 670 653 670
88 1376 109 1376 109 1402 88 1402
501 939 533 939 533 965 501 965
433 1342 470 1342 470 1368 433 1368
432 924 469 924 469 950 432 950
517 413 530 413 530 439 517 439
804 441 819 441 819 467 804 467
722 579 741 579 741 605 722 605
296 1258 323 1258 323 1284 296 1284
506 756 538 756 538 782 506 782
154 1109 189 1109 189 1135 154 1135
702 1162 743 1162 743 1188 702 1188
775 646 788 646 788 673 775 673
239 517 253 517 253 544 239 544
305 681 326 681 326 708 305 708
519 386 543 386 543 413 519 413
800 657 825 657 825 684 800 684
644 844 677 844 677 871 644 871
716 310 750 310 750 337 716 337
290 728 331 728 331 755 290 755
705 935 748 935 748 962 705 962
93 1248 110 1248 110 1275 93 1275
804 571 823 571 823 598 804 598
651 307 671 307 671 334 651 334
506 1205 530 1205 530 1232 506 1232
374 481 399 481 399 508 374 508
89 879 121 879 121 906 89 906
577 454 610 454 610 481 577 481
372 1003 407 1003 407 1030 372 1030
707 1329 746 1329 746 1356 707 1356
495 963 537 963 537 990 495 990
777 489 783 489 783 516 777 516
580 1243 595 1243 595 1270 580 1270
443 760 463 760 463 787 443 787
716 882 737 882 737 909 716 909
441 1065 463 1065 463 1092 441 1092
158 903 186 903 186 930 158 930
377 753 393 753 393 781 377 781
239 631 256 631 256 659 239 659
801 469 820 469 820 497 801 497
372 779 399 779 399 807 372 807
707 1190 741 1190 741 1218 707 1218
252 304 267 304 267 332 252 332
804 704 822 704 822 732 804 732
710 1041 732 1041 732 1069 710 1069
91 672 119 672 119 700 91 700
379 1033 409 1033 409 1061 379 1061
387 507 396 507 396 535 387 535
162 1175 175 1175 175 1203 162 1203
312 1312 340 1312 340 1340 312 1340
295 987 325 987 325 1015 295 1015
569 1264 601 1264 601 1292 569 1292
159 521 193 521 193 549 159 549
381 409 395 409 395 438 381 438
808 521 823 521 823 550 808 550
772 616 789 616 789 645 772 645
587 592 605 592 605 621 587 621
773 421 793 421 793 450 773 450
650 614 677 614 677 643 650 643
291 922 323 922 323 951 291 951
707 1096 739 1096 739 1125 707 1125
575 707 608 707 608 736 575 736
776 801 815 801 815 830 776 830
83 1045 123 1045 123 1074 83 1074
150 971 191 971 191 1000 150 1000
501 473 545 473 545 502 501 502
574 1326 596 1326 596 1355 574 1355
658 563 681 563 681 592 658 592
506 916 530 916 530 945 506 945
714 606 743 606 743 635 714 635
298 469 333 469 333 498 298 498
292 1086 328 1086 328 1115 292 1115
432 811 470 811 470 840 432 840
83 1176 123 1176 123 1205 83 1205
153 1375 174 1375 174 1405 153 1405
151 1204 184 1204 184 1234 151 1234
19 863 58 863 58 893 19 893
707 817 749 817 749 847 707 847
290 1174 336 1174 336 1204 290 1204
713 1255 734 1255 734 1285 713 1285
250 355 274 355 274 385 250 385
580 543 611 543 611 573 580 573
709 742 743 742 743 772 709 772
225 771 259 771 259 801 225 801
774 333 814 333 814 363 774 363
772 1210 814 1210 814 1240 772 1240
298 498 328 498 328 528 298 528
92 346 122 346 122 376 92 376
365 1170 402 1170 402 1200 365 1200
516 889 529 889 529 920 516 920
436 575 464 575 464 606 436 606
775 889 809 889 809 920 775 920
498 505 544 505 544 536 498 536
647 813 666 813 666 844 647 844
578 929 606 929 606 960 578 960
646 498 680 498 680 529 646 529
707 1353 741 1353 741 1384 707 1384
775 949 812 949 812 980 775 980
436 419 473 419 473 450 436 450
502 611 541 611 541 642 502 642
429 1251 469 1251 469 1282 429 1282
87 770 129 770 129 801 87 801
226 305 245 305 245 337 226 337
152 1273 185 1273 185 1305 152 1305
578 959 612 959 612 991 578 991
646 467 682 467 682 499 646 499
580 423 617 423 617 455 580 455
80 1273 118 1273 118 1305 80 1305
640 437 685 437 685 469 640 469
429 1132 475 1132 475 1164 429 1164
235 665 254 665 254 697 235 697
712 769 738 769 738 801 712 801
438 449 470 449 470 481 438 481
575 483 610 483 610 515 575 515
298 410 335 410 335 442 298 442
90 804 128 804 128 836 90 836
430 1002 471 1002 471 1034 430 1034
595 736 605 736 605 768 595 768
705 1125 732 1125 732 1157 705 1157
297 1198 327 1198 327 1230 297 1230
501 859 537 859 537 891 501 891
572 1101 609 1101 609 1133 572 1133
446 1032 458 1032 458 1065 446 1065
584 825 601 825 601 858 584 858
719 456 740 456 740 489 719 489
300 555 328 555 328 588 300 588
229 693 259 693 259 726 229 726
499 1030 534 1030 534 1063 499 1063
645 529 681 529 681 562 645 562
34 470 51 470 51 503 34 503
798 380 825 380 825 413 798 413
776 918 806 918 806 951 776 951
82 1343 113 1343 113 1376 82 1376
278 1368 310 1368 310 1401 278 1401
152 1304 188 1304 188 1337 152 1337
499 994 539 994 539 1027 499 1027
431 545 472 545 472 578 431 578
227 544 260 544 260 578 227 578
572 1015 605 1015 605 1049 572 1049
640 586 684 586 684 620 640 620
715 843 734 843 734 877 715 877
779 856 804 856 804 890 779 890
159 594 191 594 191 628 159 628
640 873 673 873 673 907 640 907
440 385 477 385 477 419 440 419
292 1058 330 1058 330 1092 292 1092
366 719 410 719 410 753 366 753
508 807 530 807 530 841 508 841
231 596 259 596 259 630 231 630
704 1224 741 1224 741 1258 704 1258
647 337 686 337 686 371 647 371
571 1063 610 1063 610 1097 571 1097
150 1005 191 1005 191 1040 150 1040
574 384 619 384 619 419 574 419
14 1306 61 1306 61 1341 14 1341
377 967 396 967 396 1002 377 1002
430 884 466 884 466 919 430 919
574 1206 596 1206 596 1242 574 1242
440 607 465 607 465 643 440 643
440 640 469 640 469 676 440 676
439 680 475 680 475 716 439 716
773 825 812 825 812 861 773 861
368 810 408 810 408 846 368 846
437 1096 464 1096 464 1132 437 1132
775 1071 803 1071 803 1107 775 1107
710 1375 733 1375 733 1411 710 1411
297 439 324 439 324 475 297 475
779 984 809 984 809 1020 779 1020
300 308 330 308 330 344 300 344
432 1367 463 1367 463 1403 432 1403
568 1293 602 1293 602 1329 568 1329
293 853 335 853 335 889 293 889
442 946 462 946 462 983 442 983
305 627 332 627 332 664 305 664
711 398 746 398 746 435 711 435
434 1156 469 1156 469 1193 434 1193
576 641 613 641 613 678 576 678
496 1104 534 1104 534 1141 496 1141
368 552 410 552 410 589 368 589
599 667 610 667 610 704 599 704
594 1030 606 1030 606 1067 594 1067
715 960 733 960 733 997 715 997
371 1089 402 1089 402 1126 371 1126
505 717 538 717 538 754 505 754
780 1241 818 1241 818 1278 780 1278
150 1142 193 1142 193 1179 150 1179
153 865 200 865 200 902 153 902
509 1064 529 1064 529 1102 509 1102
771 452 796 452 796 490 771 490
770 380 795 380 795 418 770 418
22 827 51 827 51 865 22 865
503 1165 537 1165 537 1203 503 1203
773 1355 808 1355 808 1393 773 1393
158 436 195 436 195 474 158 474
294 885 333 885 333 923 294 923
89 379 132 379 132 417 89 417
301 590 332 590 332 628 301 628
93 587 126 587 126 625 93 625
86 941 128 941 128 979 86 979
151 929 193 929 193 967 151 967
23 1086 41 1086 41 1124 23 1124
23 583 54 583 54 621 23 621
510 347 541 347 541 385 510 385
152 1039 185 1039 185 1077 152 1077
155 645 199 645 199 683 155 683
20 432 67 432 67 470 20 470
287 949 342 949 342 987 287 987
21 507 59 507 59 546 21 546
17 744 61 744 61 783 17 783
102 906 111 906 111 945 102 945
649 690 669 690 669 729 649 729
436 347 475 347 475 386 436 386
20 545 54 545 54 585 20 585
298 758 338 758 338 798 298 798
703 1286 745 1286 745 1326 703 1326
432 844 476 844 476 884 432 884
436 1185 455 1185 455 1225 436 1225
441 510 466 510 466 550 441 550
439 479 481 479 481 519 439 519
21 1241 65 1241 65 1281 21 1281
582 344 605 344 605 385 582 385
17 1001 50 1001 50 1042 17 1042
775 1316 810 1316 810 1357 775 1357
89 448 129 448 129 489 89 489
157 478 200 478 200 519 157 519
444 1294 452 1294 452 1336 444 1336
721 538 741 538 741 580 721 580
163 802 187 802 187 844 163 844
769 545 795 545 795 587 769 587
294 233 338 233 338 275 294 275
158 345 198 345 198 387 158 387
83 837 124 837 124 879 83 879
497 1366 539 1366 539 1408 497 1408
369 439 413 439 413 481 369 481
296 362 341 362 341 404 296 404
712 676 748 676 748 718 712 718
18 621 50 621 50 664 18 664
779 1280 813 1280 813 1323 779 1323
13 1045 57 1045 57 1088 13 1088
715 336 752 336 752 379 715 379
148 1232 189 1232 189 1275 148 1275
15 1360 58 1360 58 1404 15 1404
290 1016 339 1016 339 1060 290 1060
442 714 466 714 466 758 442 758
25 368 62 368 62 412 25 412
229 481 266 481 266 525 229 525
367 1125 399 1125 399 1170 367 1170
17 784 55 784 55 829 17 829
81 1203 120 1203 120 1248 81 1248
159 550 195 550 195 595 159 595
568 1133 610 1133 610 1179 568 1179
371 899 405 899 405 945 371 945
86 700 128 700 128 746 86 746
378 1201 397 1201 397 1248 378 1248
159 682 199 682 199 729 159 729
178 1061 187 1061 187 1108 178 1108
83 1128 125 1128 125 1175 83 1175
710 632 747 632 747 680 710 680
502 538 542 538 542 586 502 586
494 1237 535 1237 535 1285 494 1285
159 386 201 386 201 434 159 434
228 433 268 433 268 482 228 482
502 669 549 669 549 718 502 718
84 996 124 996 124 1045 84 1045
28 1132 36 1132 36 1182 28 1182
297 800 337 800 337 851 297 851
89 534 135 534 135 586 89 586
44 638 54 638 54 690 44 690
372 846 410 846 410 898 372 898
15 896 57 896 57 949 15 949
90 627 132 627 132 681 90 681
82 1074 131 1074 131 1129 82 1129
369 350 406 350 406 407 369 407
368 591 407 591 407 649 368 649
15 945 51 945 51 1004 15 1004
