816 434 841 434 841 440 816 440
108 697 128 697 128 704 108 704
344 1131 380 1131 380 1139 344 1139
151 947 177 947 177 958 151 958
149 1300 175 1300 175 1311 149 1311
216 1333 243 1333 243 1344 216 1344
299 1002 308 1002 308 1014 299 1014
107 685 119 685 119 697 107 697
632 838 654 838 654 850 632 850
826 596 837 596 837 609 826 609
433 1117 452 1117 452 1130 433 1130
599 593 621 593 621 606 599 606
344 510 372 510 372 523 344 523
817 555 843 555 843 569 817 569
825 610 839 610 839 625 825 625
278 1237 316 1237 316 1252 278 1252
148 536 178 536 178 551 148 551
602 726 618 726 618 742 602 742
730 541 749 541 749 557 730 557
610 1049 643 1049 643 1065 610 1065
416 363 436 363 436 379 416 379
630 797 653 797 653 813 630 813
735 463 745 463 745 480 735 480
748 1106 766 1106 766 1123 748 1123
546 843 565 843 565 860 546 860
599 572 621 572 621 589 599 589
485 827 505 827 505 844 485 844
812 1266 832 1266 832 1283 812 1283
680 781 701 781 701 798 680 798
226 955 237 955 237 972 226 972
683 1013 702 1013 702 1030 683 1030
403 1086 423 1086 423 1103 403 1103
406 1015 427 1015 427 1032 406 1032
740 408 769 408 769 425 740 425
213 456 242 456 242 473 213 473
95 1000 111 1000 111 1018 95 1018
636 780 650 780 650 798 636 798
810 918 827 918 827 936 810 936
481 327 501 327 501 345 481 345
680 1293 700 1293 700 1311 680 1311
599 704 622 704 622 722 599 722
483 1135 500 1135 500 1154 483 1154
548 980 567 980 567 999 548 999
419 854 439 854 439 873 419 873
677 437 699 437 699 456 677 456
537 689 588 689 588 708 537 708
616 994 636 994 636 1013 616 1013
747 797 767 797 767 816 747 816
747 1178 771 1178 771 1197 747 1197
806 1333 833 1333 833 1352 806 1352
352 1284 372 1284 372 1303 352 1303
616 1259 641 1259 641 1278 616 1278
633 707 658 707 658 726 633 726
225 767 244 767 244 787 225 787
549 644 570 644 570 664 549 664
542 894 575 894 575 914 542 914
538 520 578 520 578 540 538 540
678 630 695 630 695 650 678 650
481 632 500 632 500 652 481 652
220 786 246 786 246 806 220 806
671 1035 709 1035 709 1055 671 1055
403 1034 424 1034 424 1054 403 1054
215 658 243 658 243 678 215 678
281 699 313 699 313 719 281 719
602 1323 644 1323 644 1343 602 1343
810 1086 827 1086 827 1107 810 1107
753 334 777 334 777 355 753 355
630 733 655 733 655 754 630 754
430 1093 455 1093 455 1114 430 1114
816 509 839 509 839 530 816 530
816 451 839 451 839 472 816 472
728 557 752 557 752 578 728 578
283 485 310 485 310 506 283 506
673 888 709 888 709 909 673 909
626 815 654 815 654 837 626 837
537 667 576 667 576 689 537 689
747 356 762 356 762 378 747 378
293 811 308 811 308 833 293 833
287 463 308 463 308 485 287 485
150 844 180 844 180 866 150 866
346 972 379 972 379 994 346 994
740 1219 774 1219 774 1241 740 1241
758 523 774 523 774 545 758 545
402 1103 425 1103 425 1125 402 1125
478 649 506 649 506 671 478 671
345 1328 378 1328 378 1350 345 1350
800 997 836 997 836 1019 800 1019
289 1299 303 1299 303 1322 289 1322
428 1017 456 1017 456 1040 428 1040
148 709 179 709 179 732 148 732
609 392 642 392 642 415 609 415
283 1212 316 1212 316 1235 283 1235
605 1070 643 1070 643 1093 605 1093
669 542 710 542 710 565 669 565
735 516 748 516 748 539 735 539
633 634 649 634 649 657 633 657
814 1214 830 1214 830 1237 814 1237
613 506 640 506 640 529 613 529
741 1196 774 1196 774 1219 741 1219
800 974 836 974 836 997 800 997
433 1070 447 1070 447 1093 433 1093
745 1052 762 1052 762 1075 745 1075
219 636 238 636 238 659 219 659
601 612 621 612 621 635 601 635
809 1284 832 1284 832 1307 809 1307
816 570 841 570 841 593 816 593
283 752 317 752 317 775 283 775
211 1053 246 1053 246 1076 211 1076
607 340 643 340 643 363 607 363
735 426 772 426 772 449 735 449
540 869 578 869 578 892 540 892
817 531 838 531 838 555 817 555
478 847 509 847 509 871 478 871
739 309 772 309 772 333 739 333
739 819 772 819 772 843 739 843
552 956 588 956 588 980 552 980
539 1189 576 1189 576 1213 539 1213
820 623 832 623 832 647 820 647
622 485 638 485 638 509 622 509
807 866 823 866 823 890 807 890
616 1206 634 1206 634 1230 616 1230
289 1059 309 1059 309 1083 289 1083
757 545 784 545 784 569 757 569
486 1157 516 1157 516 1181 486 1181
488 303 520 303 520 327 488 327
144 922 179 922 179 946 144 946
671 457 708 457 708 481 671 481
811 388 828 388 828 413 811 413
603 640 620 640 620 665 603 665
756 461 783 461 783 486 756 486
98 810 125 810 125 835 98 835
428 1042 461 1042 461 1067 428 1067
542 1005 579 1005 579 1030 542 1030
606 1021 648 1021 648 1046 606 1046
747 745 761 745 761 770 747 770
408 1060 422 1060 422 1085 408 1085
750 382 767 382 767 407 750 407
634 680 654 680 654 705 634 705
473 436 507 436 507 461 473 461
736 917 771 917 771 942 736 942
472 350 510 350 510 375 472 375
211 1126 253 1126 253 1151 211 1151
608 743 618 743 618 768 608 768
421 799 437 799 437 824 421 824
631 656 658 656 658 681 631 681
282 835 315 835 315 860 282 860
557 818 591 818 591 843 557 843
542 336 579 336 579 361 542 361
539 1212 580 1212 580 1237 539 1237
680 1241 694 1241 694 1267 680 1267
680 724 696 724 696 750 680 750
482 1081 500 1081 500 1107 482 1107
555 1134 589 1134 589 1160 555 1160
213 807 249 807 249 833 213 833
469 375 507 375 507 401 469 401
422 877 447 877 447 903 422 903
349 1180 374 1180 374 1206 349 1206
154 1056 171 1056 171 1083 154 1083
354 749 372 749 372 776 354 776
757 493 780 493 780 520 757 520
813 481 840 481 840 508 813 508
675 601 706 601 706 628 675 628
681 380 697 380 697 407 681 407
283 780 308 780 308 807 283 807
480 874 505 874 505 901 480 901
414 902 441 902 441 929 414 929
349 1303 376 1303 376 1330 349 1330
747 1125 778 1125 778 1152 747 1152
150 680 184 680 184 707 150 707
485 772 501 772 501 799 485 799
364 1069 384 1069 384 1096 364 1096
754 571 786 571 786 598 754 598
804 1107 836 1107 836 1134 804 1134
142 866 181 866 181 893 142 893
614 935 629 935 629 963 614 963
416 304 432 304 432 332 416 332
552 699 572 699 572 727 552 727
343 631 376 631 376 659 343 659
471 671 512 671 512 699 471 699
91 895 109 895 109 923 91 923
756 631 778 631 778 659 756 659
146 1079 176 1079 176 1107 146 1107
806 1306 837 1306 837 1334 806 1334
427 1199 462 1199 462 1227 427 1227
603 530 643 530 643 558 603 558
156 815 175 815 175 843 156 843
87 866 108 866 108 894 87 894
544 583 566 583 566 611 544 611
281 976 315 976 315 1004 281 1004
671 752 705 752 705 780 671 780
281 1248 317 1248 317 1276 281 1276
279 1181 317 1181 317 1209 279 1209
736 889 781 889 781 917 736 917
806 1020 827 1020 827 1049 806 1049
211 1301 241 1301 241 1330 211 1330
429 1135 463 1135 463 1164 429 1164
638 751 649 751 649 780 638 780
625 602 656 602 656 631 625 631
544 790 583 790 583 819 544 819
541 767 581 767 581 796 541 796
539 1161 579 1161 579 1190 539 1190
675 406 708 406 708 436 675 436
671 513 705 513 705 543 671 543
211 335 245 335 245 365 211 365
736 1075 771 1075 771 1105 736 1105
406 414 450 414 450 444 406 444
630 570 655 570 655 600 630 600
539 485 574 485 574 515 539 515
542 1035 580 1035 580 1065 542 1065
409 723 448 723 448 753 409 753
544 305 585 305 585 335 544 335
679 956 696 956 696 986 679 986
480 488 500 488 500 518 480 518
603 769 627 769 627 799 603 799
741 1244 766 1244 766 1274 741 1274
798 889 832 889 832 919 798 919
476 796 511 796 511 826 476 826
675 1138 710 1138 710 1168 675 1168
278 1270 314 1270 314 1300 278 1300
737 1153 778 1153 778 1183 737 1183
475 1183 522 1183 522 1213 475 1213
471 1281 518 1281 518 1311 471 1311
803 354 826 354 826 385 803 385
80 834 115 834 115 865 80 865
470 934 508 934 508 965 470 965
277 508 316 508 316 539 277 539
554 1314 567 1314 567 1345 554 1345
347 1250 377 1250 377 1281 347 1281
805 1236 837 1236 837 1267 805 1267
475 966 508 966 508 997 475 997
608 1227 644 1227 644 1258 608 1258
148 502 189 502 189 533 148 533
283 1319 324 1319 324 1350 283 1350
278 1146 321 1146 321 1177 278 1177
217 555 248 555 248 586 217 586
737 1277 773 1277 773 1308 737 1308
539 610 576 610 576 641 539 641
736 768 775 768 775 799 736 799
601 960 641 960 641 991 601 991
283 903 314 903 314 935 283 935
477 900 511 900 511 932 477 932
89 922 109 922 109 954 89 954
483 401 512 401 512 433 483 433
801 758 832 758 832 790 801 790
413 483 449 483 449 515 413 515
674 1314 713 1314 713 1346 674 1346
355 1096 369 1096 369 1129 355 1129
553 917 573 917 573 950 553 950
729 484 751 484 751 517 729 517
418 382 446 382 446 415 418 415
410 331 441 331 441 364 410 364
416 821 451 821 451 854 416 854
345 850 380 850 380 883 345 883
672 1264 707 1264 707 1297 672 1297
474 1104 515 1104 515 1137 474 1137
491 518 499 518 499 551 491 551
550 396 566 396 566 429 550 429
616 1093 635 1093 635 1126 616 1126
489 598 510 598 510 631 489 631
483 1209 507 1209 507 1242 483 1242
283 620 316 620 316 653 283 653
212 1156 247 1156 247 1189 212 1189
550 1096 566 1096 566 1129 550 1129
679 569 698 569 698 602 679 602
353 815 378 815 378 848 353 848
481 697 508 697 508 730 481 730
430 1164 459 1164 459 1197 430 1197
675 482 708 482 708 515 675 515
738 1312 776 1312 776 1345 738 1345
601 307 648 307 648 340 601 340
674 307 701 307 701 341 674 341
340 424 377 424 377 458 340 458
278 1117 316 1117 316 1151 278 1151
417 932 433 932 433 966 417 966
547 1279 574 1279 574 1313 547 1313
734 978 771 978 771 1012 734 1012
669 692 707 692 707 726 669 726
210 1191 249 1191 249 1225 210 1225
616 450 640 450 640 484 616 484
757 598 785 598 785 632 757 632
804 1051 835 1051 835 1085 804 1085
149 604 182 604 182 638 149 638
411 597 447 597 447 631 411 631
539 428 577 428 577 462 539 462
605 856 649 856 649 890 605 890
96 401 103 401 103 436 96 436
86 330 105 330 105 365 86 365
151 1190 178 1190 178 1225 151 1225
80 365 112 365 112 400 80 400
740 939 772 939 772 974 740 974
802 733 835 733 835 768 802 768
346 1041 379 1041 379 1076 346 1076
798 700 839 700 839 735 798 735
618 416 635 416 635 451 618 451
678 346 703 346 703 381 678 381
547 1060 572 1060 572 1095 547 1095
214 918 251 918 251 953 214 953
471 1245 512 1245 512 1280 471 1280
155 1228 173 1228 173 1264 155 1264
804 791 834 791 834 827 804 827
674 980 707 980 707 1016 674 1016
141 389 187 389 187 425 141 425
155 889 172 889 172 925 155 925
541 729 576 729 576 765 541 765
802 1178 841 1178 841 1214 802 1214
342 1143 385 1143 385 1179 342 1179
336 384 384 384 384 420 336 420
545 459 570 459 570 495 545 495
299 719 324 719 324 755 299 755
742 662 770 662 770 698 742 698
145 425 186 425 186 461 145 461
217 1226 241 1226 241 1263 217 1263
475 563 508 563 508 600 475 600
548 358 575 358 575 395 548 395
215 679 248 679 248 716 215 716
280 541 314 541 314 578 280 578
149 774 185 774 185 811 149 811
344 775 381 775 381 812 344 812
282 864 321 864 321 901 282 901
209 477 254 477 254 514 209 514
288 937 307 937 307 974 288 974
281 343 306 343 306 380 281 380
149 462 178 462 178 499 149 499
472 457 513 457 513 494 472 494
673 845 715 845 715 882 673 882
605 666 620 666 620 704 605 704
614 1281 636 1281 636 1319 614 1319
217 1261 240 1261 240 1299 217 1299
671 1167 707 1167 707 1205 671 1205
345 933 381 933 381 971 345 971
143 1262 188 1262 188 1300 143 1300
287 1086 307 1086 307 1124 287 1124
83 496 113 496 113 534 83 534
82 539 115 539 115 577 82 577
410 448 439 448 439 487 410 487
741 849 773 849 773 888 741 888
802 313 837 313 837 352 802 352
735 1011 772 1011 772 1050 735 1050
279 582 318 582 318 621 279 621
409 967 450 967 450 1006 409 1006
607 1128 652 1128 652 1167 607 1167
152 642 171 642 171 681 152 681
145 735 181 735 181 774 145 774
616 359 633 359 633 398 616 398
225 976 232 976 232 1016 225 1016
803 942 832 942 832 982 803 982
673 802 704 802 704 842 673 842
210 877 246 877 246 917 210 917
213 514 244 514 244 554 213 554
675 1095 707 1095 707 1135 675 1135
214 1013 248 1013 248 1053 214 1053
409 519 452 519 452 559 409 559
210 834 255 834 255 874 210 874
209 364 246 364 246 405 209 405
83 607 121 607 121 648 83 648
79 958 123 958 123 999 79 999
413 558 452 558 452 599 413 599
605 1166 649 1166 649 1207 605 1207
682 1051 698 1051 698 1092 682 1092
278 659 314 659 314 700 278 700
669 1205 711 1205 711 1246 669 1246
799 653 842 653 842 694 799 694
145 961 186 961 186 1003 145 1003
473 1044 517 1044 517 1086 473 1086
414 679 448 679 448 721 414 721
537 541 576 541 576 583 537 583
410 636 452 636 452 678 410 678
800 1136 847 1136 847 1178 800 1178
278 418 317 418 317 460 278 460
143 1148 188 1148 188 1190 143 1190
474 1306 517 1306 517 1349 474 1349
347 1207 387 1207 387 1251 347 1251
475 1000 512 1000 512 1044 475 1044
80 452 118 452 118 496 80 496
344 659 383 659 383 703 344 703
802 239 833 239 833 283 802 283
544 1238 581 1238 581 1282 544 1282
798 825 837 825 837 869 798 869
144 1106 185 1106 185 1151 144 1151
342 994 384 994 384 1039 342 1039
739 701 774 701 774 746 739 746
669 648 713 648 713 693 669 693
338 343 383 343 383 388 338 388
409 754 444 754 444 800 409 800
671 910 706 910 706 956 671 956
338 459 377 459 377 506 338 506
148 554 188 554 188 602 148 602
605 889 649 889 649 937 605 937
347 699 381 699 381 748 347 748
343 581 381 581 381 630 343 630
79 753 120 753 120 803 79 803
214 1075 248 1075 248 1125 214 1125
346 886 381 886 381 936 346 936
478 727 518 727 518 780 478 780
214 404 247 404 247 459 214 459
76 1019 110 1019 110 1077 76 1077
