405 1038 424 1038 424 1046 405 1046
721 713 738 713 738 723 721 723
649 1085 670 1085 670 1096 649 1096
687 841 711 841 711 853 687 853
407 1002 420 1002 420 1016 407 1016
634 738 652 738 652 752 634 752
280 1314 307 1314 307 1328 280 1328
281 1079 307 1079 307 1093 281 1093
208 1392 237 1392 237 1407 208 1407
633 412 648 412 648 427 633 427
147 1157 164 1157 164 1173 147 1173
149 1107 161 1107 161 1123 149 1123
406 1093 427 1093 427 1109 406 1109
615 1325 639 1325 639 1341 615 1341
213 621 225 621 225 638 213 638
77 958 93 958 93 975 77 975
425 1243 443 1243 443 1260 425 1260
206 1275 239 1275 239 1292 206 1292
621 1117 632 1117 632 1134 621 1134
358 968 376 968 376 985 358 985
145 549 163 549 163 566 145 566
495 481 514 481 514 498 495 498
425 1384 445 1384 445 1401 425 1401
564 757 584 757 584 774 564 774
717 841 741 841 741 858 717 858
617 1265 643 1265 643 1282 617 1282
778 1182 788 1182 788 1200 778 1200
625 1007 636 1007 636 1025 625 1025
568 1177 586 1177 586 1195 568 1195
423 644 442 644 442 662 423 662
406 1073 427 1073 427 1091 406 1091
629 551 656 551 656 569 629 569
428 1196 441 1196 441 1214 428 1214
686 742 709 742 709 760 686 760
141 925 166 925 166 943 141 943
353 1132 379 1132 379 1150 353 1150
68 368 87 368 87 386 68 386
562 944 588 944 588 962 562 962
699 594 728 594 728 612 699 612
695 1163 728 1163 728 1181 695 1181
285 789 305 789 305 808 285 808
69 779 99 779 99 798 69 798
207 919 242 919 242 938 207 938
568 702 584 702 584 721 568 721
72 599 92 599 92 618 72 618
686 718 712 718 712 737 686 737
650 1007 664 1007 664 1027 650 1027
212 472 227 472 227 492 212 492
360 1110 376 1110 376 1130 360 1130
565 1329 585 1329 585 1349 565 1349
650 1334 672 1334 672 1354 650 1354
343 494 374 494 374 514 343 514
725 818 737 818 737 838 725 838
218 1154 233 1154 233 1174 218 1174
651 1188 674 1188 674 1208 651 1208
402 1018 428 1018 428 1038 402 1038
566 1278 597 1278 597 1298 566 1298
706 1298 720 1298 720 1318 706 1318
701 1055 722 1055 722 1075 701 1075
281 1097 305 1097 305 1117 281 1117
281 1212 307 1212 307 1232 281 1232
615 1184 644 1184 644 1204 615 1204
781 510 792 510 792 531 781 531
659 1312 671 1312 671 1333 659 1333
211 1206 232 1206 232 1227 211 1227
281 813 310 813 310 834 281 834
693 665 706 665 706 686 693 686
567 1125 586 1125 586 1146 567 1146
692 648 716 648 716 669 692 669
620 1367 648 1367 648 1388 620 1388
208 728 238 728 238 749 208 749
140 716 171 716 171 737 140 737
277 1292 310 1292 310 1313 277 1313
707 537 722 537 722 559 707 559
620 1161 635 1161 635 1183 620 1183
623 1282 638 1282 638 1304 623 1304
837 385 857 385 857 407 837 407
139 1312 173 1312 173 1334 139 1334
621 1305 635 1305 635 1327 621 1327
634 682 649 682 649 704 634 704
214 706 230 706 230 728 214 728
776 812 804 812 804 834 776 834
421 785 450 785 450 807 421 807
206 525 236 525 236 547 206 547
689 881 709 881 709 903 689 903
440 1085 465 1085 465 1107 440 1107
617 1343 642 1343 642 1365 617 1365
632 941 659 941 659 963 632 963
647 1289 678 1289 678 1311 647 1311
649 1135 681 1135 681 1157 649 1157
346 1016 381 1016 381 1038 346 1038
271 1237 310 1237 310 1259 271 1259
624 1241 635 1241 635 1264 624 1264
778 631 792 631 792 654 778 654
639 917 654 917 654 940 639 940
656 1240 671 1240 671 1263 656 1263
217 1024 238 1024 238 1047 217 1047
280 908 306 908 306 931 280 931
150 1287 164 1287 164 1310 150 1310
707 1001 722 1001 722 1024 707 1024
286 734 301 734 301 757 286 757
635 824 654 824 654 847 635 847
564 996 587 996 587 1019 564 1019
684 904 715 904 715 927 684 927
498 418 513 418 513 442 498 442
656 1265 674 1265 674 1289 656 1289
69 513 98 513 98 537 69 537
766 1201 798 1201 798 1225 766 1225
625 851 670 851 670 875 625 875
285 1024 301 1024 301 1048 285 1048
771 1325 788 1325 788 1349 771 1349
570 1347 587 1347 587 1371 570 1371
143 1049 165 1049 165 1073 143 1073
72 1089 98 1089 98 1113 72 1113
411 443 447 443 447 467 411 467
149 692 165 692 165 716 149 716
356 908 373 908 373 932 356 932
616 1138 639 1138 639 1162 616 1162
716 728 743 728 743 752 716 752
350 991 383 991 383 1015 350 1015
658 1380 669 1380 669 1405 658 1405
618 1063 639 1063 639 1088 618 1088
650 1355 676 1355 676 1380 650 1380
435 851 463 851 463 876 435 876
765 1157 797 1157 797 1182 765 1182
352 1259 385 1259 385 1284 352 1284
696 1320 730 1320 730 1345 696 1345
415 811 451 811 451 836 415 836
555 898 592 898 592 923 555 923
553 380 591 380 591 405 553 405
554 968 592 968 592 993 554 993
685 782 709 782 709 807 685 807
634 464 660 464 660 489 634 489
614 1090 645 1090 645 1115 614 1115
277 623 311 623 311 648 277 648
348 1154 384 1154 384 1179 348 1179
626 966 663 966 663 991 626 991
723 684 737 684 737 710 723 710
774 1064 788 1064 788 1090 774 1090
425 580 441 580 441 606 425 606
776 938 792 938 792 964 776 964
688 761 708 761 708 787 688 787
635 794 657 794 657 820 635 820
403 846 426 846 426 872 403 872
615 1032 641 1032 641 1058 615 1058
436 1025 464 1025 464 1051 436 1051
563 776 595 776 595 802 563 802
79 570 114 570 114 596 79 596
204 812 241 812 241 838 204 838
419 1358 461 1358 461 1384 419 1384
67 686 111 686 111 712 67 712
76 893 90 893 90 919 76 919
425 1265 448 1265 448 1291 425 1291
274 933 313 933 313 959 274 959
136 1177 176 1177 176 1203 136 1203
62 421 109 421 109 447 62 447
351 333 375 333 375 359 351 359
209 1293 238 1293 238 1319 209 1319
697 1132 727 1132 727 1158 697 1158
560 1299 595 1299 595 1325 560 1325
556 839 592 839 592 865 556 865
136 389 173 389 173 415 136 415
342 365 382 365 382 391 342 391
430 757 442 757 442 784 430 784
569 916 582 916 582 943 569 943
144 484 160 484 160 511 144 511
285 879 301 879 301 906 285 906
691 688 713 688 713 715 691 715
72 655 101 655 101 682 72 682
758 366 795 366 795 393 758 393
203 641 240 641 240 668 203 668
135 1333 176 1333 176 1360 135 1360
203 752 246 752 246 779 203 779
134 1269 183 1269 183 1296 134 1296
283 412 302 412 302 439 283 439
772 998 793 998 793 1025 772 1025
205 332 231 332 231 359 205 359
649 1211 678 1211 678 1238 649 1238
684 853 715 853 715 880 684 880
643 1028 678 1028 678 1055 643 1055
646 1054 683 1054 683 1081 646 1081
696 612 734 612 734 639 696 639
134 743 175 743 175 770 134 770
135 1206 176 1206 176 1233 135 1233
417 1292 459 1292 459 1319 417 1319
79 1061 93 1061 93 1089 79 1089
77 749 92 749 92 777 77 777
565 406 582 406 582 434 565 434
352 1040 383 1040 383 1068 352 1068
138 899 177 899 177 927 138 927
691 1105 735 1105 735 1133 691 1133
772 692 794 692 794 720 772 720
403 1047 431 1047 431 1075 403 1075
61 299 90 299 90 327 61 327
211 1049 244 1049 244 1077 211 1077
690 1345 725 1345 725 1373 690 1373
765 535 801 535 801 563 765 563
624 573 660 573 660 601 624 601
634 520 649 520 649 548 634 548
774 965 792 965 792 993 774 993
772 657 795 657 795 685 772 685
435 912 461 912 461 940 435 940
628 706 655 706 655 734 628 734
699 1025 727 1025 727 1053 699 1053
66 454 95 454 95 482 66 482
561 1094 592 1094 592 1122 561 1122
209 1178 244 1178 244 1206 209 1206
287 1187 306 1187 306 1216 287 1216
284 1259 303 1259 303 1288 284 1288
417 1216 448 1216 448 1245 417 1245
401 937 432 937 432 966 401 966
414 610 447 610 447 639 414 639
275 759 308 759 308 788 275 788
67 1113 102 1113 102 1142 67 1142
407 341 445 341 445 370 407 370
422 415 442 415 442 444 422 444
139 419 164 419 164 448 139 448
63 332 92 332 92 361 63 361
279 1048 310 1048 310 1077 279 1077
198 549 239 549 239 578 198 578
78 482 92 482 92 512 78 512
491 506 511 506 511 536 491 536
402 972 429 972 429 1002 402 1002
768 753 800 753 800 783 768 783
276 962 310 962 310 992 276 992
560 808 595 808 595 838 560 838
66 984 104 984 104 1014 66 1014
354 647 369 647 369 677 354 677
493 626 509 626 509 656 493 656
401 907 429 907 429 937 401 937
401 875 429 875 429 905 401 905
685 807 715 807 715 837 685 837
346 876 376 876 376 906 346 906
561 1376 592 1376 592 1406 561 1406
139 1123 173 1123 173 1153 139 1153
767 1130 802 1130 802 1160 767 1160
558 1147 594 1147 594 1177 558 1177
488 449 525 449 525 479 488 479
413 248 454 248 454 278 413 278
723 755 736 755 736 786 723 786
722 652 737 652 737 683 722 683
216 675 234 675 234 706 216 706
565 865 587 865 587 896 565 896
701 1223 723 1223 723 1254 701 1254
347 623 379 623 379 654 347 654
63 800 104 800 104 831 63 831
134 775 181 775 181 806 134 806
777 719 793 719 793 750 777 750
701 1077 721 1077 721 1108 701 1108
278 483 301 483 301 514 278 514
627 432 652 432 652 463 627 463
350 1191 381 1191 381 1222 350 1222
557 724 593 724 593 755 557 755
201 408 239 408 239 439 201 439
275 991 314 991 314 1022 275 1022
343 551 384 551 384 582 343 582
217 1321 231 1321 231 1352 217 1352
282 541 296 541 296 572 282 572
623 1204 639 1204 639 1235 623 1235
772 783 793 783 793 814 772 814
768 909 797 909 797 940 768 940
436 1053 465 1053 465 1084 436 1084
69 831 102 831 102 862 69 862
698 563 733 563 733 594 698 594
829 507 865 507 865 538 829 538
207 840 246 840 246 871 207 871
635 491 649 491 649 523 635 523
657 1154 671 1154 671 1186 657 1186
772 1292 791 1292 791 1324 772 1324
71 387 97 387 97 419 71 419
832 584 862 584 862 616 832 616
345 932 375 932 375 964 345 964
136 1074 175 1074 175 1106 136 1106
204 494 230 494 230 526 204 526
344 391 377 391 377 423 344 423
134 514 167 514 167 546 134 546
343 300 378 300 378 332 343 332
131 301 167 301 167 333 131 333
274 341 311 341 311 373 274 373
558 1061 598 1061 598 1093 558 1093
64 864 108 864 108 896 64 896
283 518 301 518 301 551 283 551
278 1156 303 1156 303 1189 278 1189
764 473 798 473 798 506 764 506
554 667 595 667 595 700 554 700
213 778 234 778 234 811 213 811
487 658 518 658 518 691 487 691
828 410 863 410 863 443 828 443
345 1374 385 1374 385 1407 345 1407
764 598 808 598 808 631 764 631
700 1182 714 1182 714 1215 700 1215
773 399 789 399 789 432 773 432
719 900 750 900 750 933 719 933
434 991 467 991 467 1024 434 1024
147 656 164 656 164 690 147 690
70 920 98 920 98 954 70 954
767 875 798 875 798 909 767 909
628 759 661 759 661 793 628 793
344 458 377 458 377 492 344 492
618 338 653 338 653 372 618 372
209 941 240 941 240 975 209 975
696 942 731 942 731 976 696 976
413 210 453 210 453 244 413 244
411 517 456 517 456 551 411 551
690 1374 740 1374 740 1408 690 1408
698 1260 729 1260 729 1295 698 1295
485 539 519 539 519 574 485 574
353 1224 384 1224 384 1259 353 1259
692 386 728 386 728 421 692 421
776 437 790 437 790 472 776 472
779 566 797 566 797 601 779 601
339 425 378 425 378 460 339 460
199 299 243 299 243 334 199 334
490 579 508 579 508 615 490 615
772 1095 796 1095 796 1131 772 1131
688 421 729 421 729 457 688 457
770 1257 796 1257 796 1293 770 1293
415 549 442 549 442 585 415 585
348 678 376 678 376 714 348 714
833 444 869 444 869 480 833 480
484 377 526 377 526 413 484 413
558 437 586 437 586 474 558 474
202 1119 250 1119 250 1156 202 1156
698 971 726 971 726 1008 698 1008
560 629 591 629 591 666 560 666
718 780 749 780 749 817 718 817
208 1084 239 1084 239 1121 208 1121
556 553 591 553 591 590 556 590
66 619 101 619 101 656 66 656
207 1353 242 1353 242 1390 207 1390
776 1227 792 1227 792 1264 776 1264
418 303 437 303 437 340 418 340
768 838 798 838 798 876 768 876
557 590 594 590 594 628 557 628
562 1236 592 1236 592 1274 562 1274
345 513 378 513 378 551 345 551
620 372 656 372 656 410 620 410
694 460 731 460 731 498 694 498
828 541 868 541 868 579 828 579
273 1369 314 1369 314 1407 273 1407
132 447 179 447 179 485 132 485
273 299 305 299 305 338 273 338
417 669 453 669 453 708 417 708
622 648 659 648 659 687 622 687
417 371 436 371 436 410 417 410
555 476 591 476 591 515 555 515
66 1018 104 1018 104 1057 66 1057
345 715 387 715 387 754 345 754
628 875 670 875 670 914 628 914
623 606 673 606 673 645 623 645
145 1227 166 1227 166 1266 145 1266
347 834 378 834 378 873 347 873
827 299 862 299 862 338 827 338
434 951 466 951 466 991 434 991
416 1317 459 1317 459 1357 416 1357
554 513 599 513 599 553 554 553
144 618 170 618 170 658 144 658
68 537 102 537 102 577 68 577
136 860 176 860 176 900 136 900
345 751 387 751 387 791 345 791
360 1070 373 1070 373 1111 360 1111
296 1120 314 1120 314 1161 296 1161
205 437 230 437 230 478 205 478
831 342 860 342 860 383 831 383
694 496 730 496 730 537 694 537
558 1197 598 1197 598 1238 558 1238
277 649 320 649 320 690 277 690
140 1365 179 1365 179 1407 140 1407
550 334 596 334 596 376 550 376
276 690 310 690 310 732 276 732
271 576 306 576 306 618 271 618
346 794 387 794 387 836 346 836
209 368 228 368 228 411 209 411
210 875 243 875 243 918 210 918
79 708 101 708 101 751 79 751
208 1229 242 1229 242 1272 208 1272
270 1327 313 1327 313 1370 270 1370
409 470 454 470 454 513 409 513
348 578 375 578 375 622 348 622
562 1018 596 1018 596 1062 562 1062
139 572 176 572 176 616 139 616
484 336 522 336 522 380 484 380
413 1152 460 1152 460 1196 413 1196
283 838 303 838 303 883 283 883
686 340 734 340 734 385 686 385
274 440 309 440 309 485 274 485
136 813 179 813 179 858 136 858
410 712 454 712 454 757 410 757
411 1112 452 1112 452 1158 411 1158
764 1026 799 1026 799 1073 764 1073
134 998 177 998 177 1046 134 1046
220 974 234 974 234 1025 220 1025
135 944 173 944 173 997 135 997
127 336 174 336 174 389 127 389
