113 483 132 483 132 494 113 494
140 740 159 740 159 754 140 754
113 444 132 444 132 458 113 458
142 440 166 440 166 454 142 454
110 383 137 383 137 398 110 398
419 843 428 843 428 858 419 858
673 1361 704 1361 704 1377 673 1377
536 1280 555 1280 555 1297 536 1297
472 473 489 473 489 490 472 490
886 613 922 613 922 631 886 631
113 681 127 681 127 699 113 699
244 432 269 432 269 450 244 450
108 701 135 701 135 719 108 719
114 658 127 658 127 677 114 677
142 695 156 695 156 714 142 714
261 910 280 910 280 929 261 929
192 1289 211 1289 211 1308 192 1308
679 562 699 562 699 581 679 581
603 1214 624 1214 624 1233 603 1233
532 1000 563 1000 563 1019 532 1019
468 1227 488 1227 488 1246 468 1246
405 308 426 308 426 327 405 327
816 1012 837 1012 837 1031 816 1031
547 454 569 454 569 473 547 473
610 460 632 460 632 479 610 479
609 850 632 850 632 869 609 869
396 935 419 935 419 954 396 954
118 459 130 459 130 478 118 478
605 1306 635 1306 635 1325 605 1325
679 876 694 876 694 896 679 896
467 1282 484 1282 484 1302 467 1302
747 1336 768 1336 768 1356 747 1356
538 822 561 822 561 842 538 842
138 607 163 607 163 627 138 627
750 1064 769 1064 769 1084 750 1084
401 516 422 516 422 536 401 536
676 1339 697 1339 697 1359 676 1359
817 764 838 764 838 784 817 784
404 400 426 400 426 420 404 420
610 920 640 920 640 940 610 940
120 398 131 398 131 419 120 419
116 617 127 617 127 638 116 638
112 575 128 575 128 596 112 596
603 1399 625 1399 625 1420 603 1420
679 822 702 822 702 843 679 843
244 456 267 456 267 477 244 477
605 1377 628 1377 628 1398 605 1398
195 460 218 460 218 481 195 481
749 589 770 589 770 610 749 610
678 1248 700 1248 700 1269 678 1269
142 458 164 458 164 479 142 479
601 1325 629 1325 629 1346 601 1346
614 991 628 991 628 1012 614 1012
402 875 421 875 421 896 402 896
110 525 129 525 129 546 110 546
257 1357 277 1357 277 1378 257 1378
109 637 130 637 130 658 109 658
419 500 447 500 447 521 419 521
885 890 902 890 902 912 885 912
116 418 136 418 136 440 116 440
243 513 267 513 267 535 243 535
109 596 137 596 137 618 109 618
459 1303 495 1303 495 1325 459 1325
388 961 425 961 425 983 388 983
328 309 366 309 366 331 328 331
468 858 491 858 491 880 468 880
252 1244 286 1244 286 1266 252 1266
811 321 852 321 852 343 811 343
753 723 769 723 769 746 753 746
135 549 164 549 164 572 135 572
671 586 708 586 708 609 671 609
807 791 846 791 846 814 807 814
184 518 224 518 224 541 184 541
463 1352 490 1352 490 1375 463 1375
186 1392 223 1392 223 1415 186 1415
400 538 423 538 423 561 400 561
139 386 170 386 170 409 139 409
469 494 490 494 490 518 469 518
741 1087 771 1087 771 1111 741 1111
608 628 629 628 629 652 608 652
137 715 160 715 160 739 137 739
605 571 631 571 631 595 605 595
109 500 139 500 139 524 109 524
188 310 224 310 224 334 188 334
529 1020 567 1020 567 1044 529 1044
602 483 641 483 641 507 602 507
467 912 487 912 487 937 467 937
601 970 637 970 637 995 601 995
184 1308 220 1308 220 1333 184 1333
823 348 839 348 839 373 823 373
609 874 645 874 645 899 609 899
463 331 501 331 501 356 463 356
818 808 834 808 834 833 818 833
470 628 491 628 491 654 470 654
675 645 702 645 702 671 675 671
891 727 910 727 910 753 891 753
542 571 563 571 563 597 542 597
110 720 132 720 132 746 110 746
806 1387 846 1387 846 1413 806 1413
546 596 567 596 567 623 546 623
483 309 513 309 513 336 483 336
544 547 574 547 574 574 544 574
134 632 166 632 166 659 134 659
529 1301 568 1301 568 1328 529 1328
254 777 296 777 296 804 254 804
598 899 640 899 640 926 598 926
595 1349 639 1349 639 1376 595 1376
260 1308 274 1308 274 1335 260 1335
677 755 695 755 695 782 677 782
192 1195 214 1195 214 1222 192 1222
607 1235 635 1235 635 1262 607 1262
274 504 311 504 311 531 274 531
144 519 157 519 157 546 144 546
470 796 486 796 486 823 470 823
395 562 427 562 427 589 395 589
886 461 920 461 920 488 886 488
144 411 163 411 163 439 144 439
462 1248 495 1248 495 1276 462 1276
607 780 623 780 623 808 607 808
539 1386 566 1386 566 1414 539 1414
463 938 495 938 495 966 463 966
398 668 432 668 432 696 398 696
273 428 308 428 308 456 273 456
275 580 313 580 313 608 275 608
667 1378 707 1378 707 1406 667 1406
186 1363 229 1363 229 1391 186 1391
472 1322 485 1322 485 1350 472 1350
260 848 280 848 280 876 260 876
336 324 359 324 359 352 336 352
402 366 434 366 434 394 402 394
460 883 495 883 495 911 460 911
599 541 635 541 635 569 599 569
531 842 569 842 569 870 531 870
682 312 699 312 699 341 682 341
396 1094 418 1094 418 1123 396 1123
396 984 421 984 421 1013 396 1013
542 312 572 312 572 341 542 341
262 310 284 310 284 339 262 339
601 941 633 941 633 970 601 970
272 393 305 393 305 422 272 422
257 936 292 936 292 965 257 965
673 344 711 344 711 373 673 373
524 1357 564 1357 564 1386 524 1386
667 846 708 846 708 875 667 875
525 1049 571 1049 571 1078 525 1078
197 633 212 633 212 663 197 663
817 945 834 945 834 975 817 975
741 1387 768 1387 768 1417 741 1417
389 1252 427 1252 427 1282 389 1282
606 598 645 598 645 628 606 628
472 965 489 965 489 995 472 995
545 387 563 387 563 417 545 417
392 844 422 844 422 874 392 874
670 1106 701 1106 701 1136 670 1136
257 1041 289 1041 289 1071 257 1071
463 691 501 691 501 721 463 721
184 1257 224 1257 224 1287 184 1287
537 1326 555 1326 555 1357 537 1357
613 395 631 395 631 426 613 426
397 697 422 697 422 728 397 728
465 658 497 658 497 689 465 689
185 1098 217 1098 217 1129 185 1129
250 1333 286 1333 286 1364 250 1364
737 1357 776 1357 776 1388 737 1388
529 662 571 662 571 693 529 693
461 398 506 398 506 429 461 429
132 307 147 307 147 338 132 338
540 972 561 972 561 1003 540 1003
112 543 137 543 137 574 112 574
190 661 219 661 219 692 190 692
741 1274 776 1274 776 1305 741 1305
388 594 424 594 424 625 388 625
457 763 505 763 505 794 457 794
607 1149 626 1149 626 1181 607 1181
240 480 270 480 270 512 240 512
605 504 636 504 636 536 605 536
463 996 494 996 494 1028 463 1028
605 337 641 337 641 369 605 369
741 614 774 614 774 646 741 646
398 332 435 332 435 364 398 364
599 1181 637 1181 637 1213 599 1213
882 395 921 395 921 427 882 427
392 730 432 730 432 762 392 762
184 1128 225 1128 225 1160 184 1160
810 1225 851 1225 851 1257 810 1257
684 609 712 609 712 641 684 641
186 486 230 486 230 518 186 518
667 414 713 414 713 446 667 446
748 520 767 520 767 553 748 553
264 1009 283 1009 283 1042 264 1042
882 912 912 912 912 945 882 945
669 1305 701 1305 701 1338 669 1338
741 1030 776 1030 776 1063 741 1063
605 307 641 307 641 340 605 340
125 339 158 339 158 372 125 372
184 857 217 857 217 890 184 890
732 1189 774 1189 774 1222 732 1222
526 1245 568 1245 568 1278 526 1278
539 624 569 624 569 658 539 658
744 962 774 962 774 996 744 996
814 1037 853 1037 853 1071 814 1071
190 1223 211 1223 211 1257 190 1257
468 360 491 360 491 394 468 394
536 754 569 754 569 788 536 788
462 822 495 822 495 856 462 856
740 1300 780 1300 780 1334 740 1334
536 480 577 480 577 514 536 514
669 1213 705 1213 705 1247 669 1247
671 1272 713 1272 713 1306 671 1306
148 572 162 572 162 607 148 607
249 536 264 536 264 571 249 571
747 744 778 744 778 779 747 779
885 753 918 753 918 788 885 788
604 425 639 425 639 460 604 460
132 660 168 660 168 695 132 695
531 784 567 784 567 819 531 819
397 1013 420 1013 420 1048 397 1048
390 1123 422 1123 422 1158 390 1158
670 522 704 522 704 557 670 557
897 577 920 577 920 613 897 613
277 541 305 541 305 577 277 577
742 550 773 550 773 586 742 586
808 974 844 974 844 1010 808 1010
457 1187 494 1187 494 1223 457 1223
535 415 573 415 573 451 535 451
392 806 430 806 430 842 392 842
806 1348 844 1348 844 1384 806 1384
326 489 366 489 366 525 326 525
254 659 294 659 294 695 254 695
891 424 910 424 910 460 891 460
256 1378 281 1378 281 1414 256 1414
529 1211 566 1211 566 1247 529 1247
809 689 847 689 847 725 809 725
668 1181 706 1181 706 1217 668 1217
462 1027 506 1027 506 1063 462 1063
252 696 298 696 298 732 252 732
804 1147 850 1147 850 1183 804 1183
139 480 169 480 169 516 139 516
191 941 222 941 222 977 191 977
252 1170 288 1170 288 1206 252 1206
532 1080 570 1080 570 1116 532 1116
543 511 570 511 570 548 543 548
533 687 571 687 571 724 533 724
802 1308 841 1308 841 1345 802 1345
671 375 713 375 713 412 671 412
666 1031 709 1031 709 1068 666 1068
197 1325 211 1325 211 1362 197 1362
251 872 290 872 290 909 251 909
810 1181 850 1181 850 1218 810 1218
802 1111 848 1111 848 1148 802 1148
396 427 445 427 445 464 396 464
186 335 236 335 236 372 186 372
810 1071 838 1071 838 1109 810 1109
242 390 271 390 271 428 242 428
275 460 307 460 307 498 275 498
742 997 774 997 774 1035 742 1035
672 723 705 723 705 761 672 761
249 1204 291 1204 291 1242 249 1242
180 772 223 772 223 810 180 810
673 487 706 487 706 526 673 526
466 430 504 430 504 469 466 469
320 522 370 522 370 561 320 561
390 1051 418 1051 418 1090 390 1090
888 535 917 535 917 574 888 574
671 781 704 781 704 820 671 820
741 1149 778 1149 778 1188 741 1188
253 344 299 344 299 383 253 383
747 1109 764 1109 764 1149 747 1149
194 416 227 416 227 456 194 456
392 895 436 895 436 935 392 935
256 967 285 967 285 1007 256 1007
807 833 839 833 839 873 807 873
601 808 634 808 634 848 601 848
810 721 847 721 847 761 810 761
188 1156 227 1156 227 1196 188 1196
808 875 849 875 849 915 808 915
324 399 367 399 367 439 324 439
468 590 485 590 485 630 468 630
535 718 563 718 563 758 535 758
252 1268 290 1268 290 1308 252 1308
188 973 233 973 233 1013 188 1013
602 742 637 742 637 783 602 783
457 1153 497 1153 497 1194 457 1194
536 343 576 343 576 384 536 384
609 1261 626 1261 626 1302 609 1302
186 692 230 692 230 733 186 733
178 894 229 894 229 935 178 935
746 401 783 401 783 443 746 443
880 640 919 640 919 682 880 682
739 312 781 312 781 354 739 354
455 1374 502 1374 502 1416 455 1416
341 352 351 352 351 394 341 394
604 363 633 363 633 405 604 405
252 806 292 806 292 848 252 848
254 731 296 731 296 773 254 773
254 244 300 244 300 286 254 286
478 519 489 519 489 561 478 561
333 562 356 562 356 604 333 604
882 489 916 489 916 531 882 531
668 1138 704 1138 704 1180 668 1180
743 680 780 680 780 722 743 722
809 648 849 648 849 690 809 690
386 1287 428 1287 428 1329 386 1329
186 1013 229 1013 229 1056 186 1056
409 454 423 454 423 497 409 497
811 909 836 909 836 952 811 952
742 781 786 781 786 824 742 824
809 419 853 419 853 462 809 462
810 553 854 553 854 596 810 596
252 613 297 613 297 656 252 656
602 652 641 652 641 696 602 696
385 1207 431 1207 431 1251 385 1251
885 350 911 350 911 394 885 394
601 1008 629 1008 629 1052 601 1052
465 545 500 545 500 589 465 589
459 719 498 719 498 763 459 763
746 437 787 437 787 481 746 481
743 355 787 355 787 399 743 399
193 545 211 545 211 589 193 589
811 511 849 511 849 555 811 555
253 1123 291 1123 291 1167 253 1167
741 480 785 480 785 524 741 524
181 731 227 731 227 775 181 775
601 699 641 699 641 744 601 744
393 624 436 624 436 669 393 669
672 893 708 893 708 938 672 938
878 681 918 681 918 726 878 726
523 1166 569 1166 569 1211 523 1211
753 647 769 647 769 692 753 692
192 369 230 369 230 414 192 414
671 982 710 982 710 1027 671 1027
670 449 713 449 713 494 670 494
739 915 783 915 783 960 739 960
181 1051 232 1051 232 1096 181 1096
455 1113 494 1113 494 1159 455 1159
528 875 570 875 570 921 528 921
742 823 778 823 778 869 742 869
813 467 855 467 855 513 813 513
178 810 217 810 217 857 178 857
665 1064 709 1064 709 1111 665 1111
396 760 419 760 419 807 396 807
391 1330 419 1330 419 1377 391 1377
188 585 226 585 226 632 188 632
599 1111 636 1111 636 1159 599 1159
738 865 777 865 777 914 738 914
813 367 847 367 847 417 813 417
530 927 572 927 572 977 530 977
669 939 714 939 714 989 669 989
252 1073 289 1073 289 1123 252 1123
386 1161 421 1161 421 1212 386 1212
669 673 709 673 709 724 669 724
456 1064 496 1064 496 1115 456 1115
525 1117 571 1117 571 1168 525 1168
808 1255 843 1255 843 1307 808 1307
396 1358 430 1358 430 1411 396 1411
874 846 916 846 916 899 874 899
329 439 358 439 358 493 329 493
739 1219 781 1219 781 1273 739 1273
814 594 846 594 846 649 814 649
881 789 915 789 915 845 881 845
598 1050 644 1050 644 1110 598 1110
