659 831 684 831 684 839 659 839
101 674 141 674 141 683 101 683
395 1226 423 1226 423 1238 395 1238
794 1283 823 1283 823 1295 794 1295
246 404 273 404 273 418 246 418
315 829 344 829 344 843 315 843
115 1008 139 1008 139 1023 115 1023
183 1163 206 1163 206 1179 183 1179
243 550 285 550 285 566 243 566
115 1045 141 1045 141 1061 115 1061
182 1310 215 1310 215 1326 182 1326
320 1200 349 1200 349 1217 320 1217
249 936 289 936 289 953 249 953
176 612 218 612 218 629 176 629
175 1210 217 1210 217 1227 175 1227
588 363 607 363 607 381 588 381
799 1295 818 1295 818 1313 799 1313
722 515 747 515 747 533 722 533
788 575 816 575 816 593 788 593
250 1093 280 1093 280 1111 250 1111
726 440 745 440 745 458 726 458
787 455 807 455 807 473 787 473
396 926 416 926 416 944 396 944
533 1305 554 1305 554 1323 533 1323
522 564 544 564 544 582 522 582
478 958 494 958 494 977 478 977
523 819 545 819 545 838 523 838
50 1230 75 1230 75 1249 50 1249
308 430 352 430 352 449 308 449
388 585 408 585 408 604 388 604
790 740 810 740 810 759 790 759
456 482 476 482 476 501 456 501
53 983 74 983 74 1002 53 1002
50 1145 76 1145 76 1164 50 1164
654 781 682 781 682 800 654 800
725 360 742 360 742 380 725 380
251 912 276 912 276 932 251 932
663 1050 684 1050 684 1070 663 1070
110 794 138 794 138 814 110 814
656 1221 685 1221 685 1241 656 1241
178 759 209 759 209 779 178 779
243 421 276 421 276 441 243 441
311 1329 349 1329 349 1349 311 1349
525 1059 547 1059 547 1080 525 1080
388 1325 419 1325 419 1346 388 1346
264 1359 285 1359 285 1380 264 1380
182 986 212 986 212 1007 182 1007
377 299 420 299 420 320 377 320
183 442 200 442 200 463 183 463
117 1133 137 1133 137 1155 117 1155
655 594 675 594 675 616 655 616
585 558 618 558 618 580 585 580
479 874 496 874 496 896 479 896
106 815 143 815 143 837 106 837
318 848 343 848 343 870 318 870
109 454 140 454 140 476 109 476
109 598 141 598 141 620 109 620
111 504 151 504 151 526 111 526
34 365 75 365 75 387 34 387
181 418 200 418 200 441 181 441
393 700 414 700 414 723 393 723
116 526 144 526 144 549 116 549
792 686 807 686 807 709 792 709
787 399 803 399 803 422 787 422
455 427 472 427 472 450 455 450
116 477 133 477 133 500 116 500
460 618 477 618 477 641 460 641
659 757 678 757 678 780 659 780
313 738 343 738 343 761 313 761
399 1145 421 1145 421 1169 399 1169
719 379 749 379 749 403 719 403
650 803 689 803 689 827 650 827
186 735 200 735 200 759 186 759
454 526 478 526 478 550 454 550
396 986 423 986 423 1010 396 1010
243 703 275 703 275 727 243 727
310 762 352 762 352 786 310 786
508 256 553 256 553 280 508 280
529 1352 554 1352 554 1376 529 1376
794 932 826 932 826 956 794 956
41 456 73 456 73 480 41 480
314 371 347 371 347 395 314 395
517 1140 559 1140 559 1164 517 1164
452 636 481 636 481 661 452 661
242 333 273 333 273 358 242 358
726 654 741 654 741 679 726 679
525 1005 544 1005 544 1030 525 1030
400 1080 419 1080 419 1105 400 1105
323 1050 344 1050 344 1075 323 1075
448 502 484 502 484 527 448 527
173 371 210 371 210 396 173 396
180 1284 219 1284 219 1309 180 1309
111 1155 150 1155 150 1180 111 1180
176 870 220 870 220 895 176 895
474 929 499 929 499 955 474 955
115 982 141 982 141 1008 115 1008
40 817 71 817 71 843 40 843
649 1243 687 1243 687 1269 649 1269
107 883 150 883 150 909 107 909
791 476 810 476 810 502 791 502
53 955 73 955 73 981 53 981
398 1170 420 1170 420 1196 398 1196
529 1325 554 1325 554 1351 529 1351
182 896 209 896 209 922 182 922
721 680 749 680 749 706 721 706
320 1352 348 1352 348 1378 320 1378
42 624 73 624 73 650 42 650
177 1180 211 1180 211 1206 177 1206
50 1356 88 1356 88 1382 50 1382
588 299 600 299 600 325 588 325
661 1194 681 1194 681 1220 661 1220
52 1167 75 1167 75 1193 52 1193
474 845 502 845 502 871 474 871
783 547 816 547 816 573 783 573
716 535 752 535 752 561 716 561
316 1024 354 1024 354 1050 316 1050
50 686 67 686 67 713 50 713
42 430 76 430 76 457 42 457
246 1112 284 1112 284 1139 246 1139
320 714 338 714 338 741 320 741
118 769 136 769 136 796 118 796
323 952 344 952 344 979 323 979
652 537 674 537 674 564 652 564
386 610 409 610 409 637 386 637
472 900 502 900 502 927 472 927
518 708 556 708 556 735 518 735
448 660 491 660 491 687 448 687
111 1270 155 1270 155 1297 111 1297
390 641 409 641 409 669 390 669
530 1250 549 1250 549 1278 530 1278
474 787 496 787 496 815 474 815
322 1217 349 1217 349 1245 322 1245
783 335 813 335 813 363 783 363
183 507 221 507 221 535 183 535
46 1029 86 1029 86 1057 46 1057
475 758 498 758 498 786 475 786
395 1014 419 1014 419 1042 395 1042
182 1225 210 1225 210 1253 182 1253
474 815 503 815 503 843 474 843
313 572 346 572 346 600 313 600
242 518 277 518 277 546 242 546
176 1008 214 1008 214 1036 176 1036
515 620 555 620 555 648 515 648
446 296 491 296 491 324 446 324
182 1253 207 1253 207 1281 182 1281
246 563 277 563 277 591 246 591
447 362 478 362 478 390 447 390
109 1025 151 1025 151 1053 109 1053
109 1109 156 1109 156 1137 109 1137
788 813 808 813 808 842 788 842
404 1197 424 1197 424 1226 404 1226
521 1111 551 1111 551 1140 521 1140
394 1348 425 1348 425 1377 394 1377
517 760 550 760 550 789 517 789
173 705 208 705 208 734 173 734
48 1112 84 1112 84 1141 48 1141
649 252 694 252 694 281 649 281
797 1144 814 1144 814 1173 797 1173
588 529 609 529 609 558 588 558
244 771 280 771 280 800 244 800
43 925 79 925 79 954 43 954
514 734 557 734 557 763 514 763
523 648 539 648 539 677 523 677
726 330 748 330 748 359 726 359
524 1080 548 1080 548 1109 524 1109
176 385 202 385 202 414 176 414
722 599 750 599 750 628 722 628
45 480 76 480 76 509 45 509
178 845 209 845 209 874 178 874
384 725 416 725 416 754 384 754
47 1003 80 1003 80 1032 47 1032
254 1214 287 1214 287 1243 254 1243
245 988 280 988 280 1017 245 1017
384 1292 432 1292 432 1321 384 1321
795 864 807 864 807 894 795 894
254 1060 278 1060 278 1090 254 1090
191 1352 217 1352 217 1382 191 1382
182 1323 213 1323 213 1353 182 1353
522 1275 557 1275 557 1305 522 1305
514 532 549 532 549 562 514 562
256 1325 275 1325 275 1355 256 1355
319 400 340 400 340 430 319 430
438 732 464 732 464 762 438 762
471 725 499 725 499 755 471 755
396 1112 425 1112 425 1142 396 1142
115 952 144 952 144 982 115 982
584 329 615 329 615 359 584 359
376 217 413 217 413 247 376 247
176 781 213 781 213 811 176 811
786 836 826 836 826 866 786 866
782 1022 825 1022 825 1052 782 1052
57 651 67 651 67 682 57 682
187 953 206 953 206 984 187 984
469 693 495 693 495 724 469 724
656 1073 687 1073 687 1104 656 1104
518 840 549 840 549 871 518 871
383 556 420 556 420 587 383 587
41 714 79 714 79 745 41 745
654 658 678 658 678 689 654 689
448 451 484 451 484 482 448 482
525 870 541 870 541 901 525 901
457 550 473 550 473 581 457 581
390 859 413 859 413 890 390 890
38 332 69 332 69 363 38 363
715 620 752 620 752 651 715 651
518 1029 557 1029 557 1060 518 1060
517 788 557 788 557 819 517 819
251 1290 284 1290 284 1322 251 1322
789 1166 823 1166 823 1198 789 1198
783 708 822 708 822 740 783 740
804 1338 817 1338 817 1370 804 1370
312 543 341 543 341 575 312 575
245 842 274 842 274 874 245 874
715 296 747 296 747 328 715 328
382 891 416 891 416 923 382 923
511 504 547 504 547 536 511 536
646 561 682 561 682 593 646 593
313 1168 354 1168 354 1200 313 1200
661 1124 675 1124 675 1157 661 1157
321 871 338 871 338 904 321 904
391 667 410 667 410 700 391 700
586 495 608 495 608 528 586 528
786 959 822 959 822 992 786 992
578 578 618 578 618 611 578 611
381 250 424 250 424 283 381 283
777 658 825 658 825 691 777 691
797 1054 815 1054 815 1087 797 1087
517 587 548 587 548 620 517 620
515 946 552 946 552 979 515 979
441 694 464 694 464 727 441 727
785 625 816 625 816 658 785 658
438 805 471 805 471 838 438 838
523 1161 561 1161 561 1194 523 1194
176 334 209 334 209 368 176 368
313 644 346 644 346 678 313 678
178 924 211 924 211 958 178 958
42 507 77 507 77 541 42 541
248 1186 285 1186 285 1220 248 1220
647 297 685 297 685 331 647 331
249 952 279 952 279 986 249 986
656 1099 688 1099 688 1133 656 1133
785 761 819 761 819 795 785 795
179 812 222 812 222 846 179 846
377 821 425 821 425 855 377 855
660 687 674 687 674 722 660 722
780 420 812 420 812 455 780 455
520 1197 557 1197 557 1232 520 1232
45 1199 83 1199 83 1234 45 1234
517 974 556 974 556 1009 517 1009
110 1233 155 1233 155 1268 110 1268
657 365 669 365 669 400 657 400
515 339 533 339 533 374 515 374
439 767 466 767 466 802 439 802
112 419 140 419 140 454 112 454
246 444 276 444 276 479 246 479
518 674 548 674 548 709 518 709
391 949 422 949 422 984 391 984
651 1310 688 1310 688 1345 651 1345
654 985 687 985 687 1020 654 1020
377 440 418 440 418 475 377 475
793 1313 835 1313 835 1348 793 1348
40 541 83 541 83 576 40 576
255 633 272 633 272 669 255 669
58 1250 75 1250 75 1286 58 1286
320 1127 344 1127 344 1163 320 1163
657 1153 684 1153 684 1189 657 1189
653 1013 691 1013 691 1049 653 1049
779 297 817 297 817 333 779 333
50 1322 88 1322 88 1358 50 1358
586 458 605 458 605 494 586 494
789 893 816 893 816 929 789 929
382 520 415 520 415 556 382 556
379 321 412 321 412 357 379 357
244 666 279 666 279 702 244 702
649 617 684 617 684 653 649 653
784 1088 820 1088 820 1124 784 1124
780 364 821 364 821 400 780 400
787 589 825 589 825 625 787 625
51 743 69 743 69 780 51 780
583 421 614 421 614 458 583 458
447 323 481 323 481 360 447 360
650 331 684 331 684 368 650 368
241 874 288 874 288 911 241 911
451 580 481 580 481 617 451 617
177 576 215 576 215 613 177 613
305 331 355 331 355 368 305 368
588 385 606 385 606 423 588 423
511 299 547 299 547 337 511 337
311 516 354 516 354 554 311 554
246 478 281 478 281 516 246 516
653 1333 681 1333 681 1371 653 1371
182 1083 211 1083 211 1121 182 1121
318 983 340 983 340 1022 318 1022
397 1040 421 1040 421 1079 397 1079
251 1019 279 1019 279 1058 251 1058
718 400 756 400 756 439 718 439
721 558 760 558 760 597 721 597
41 841 82 841 82 880 41 880
180 626 209 626 209 665 180 665
247 802 280 802 280 841 247 841
444 389 484 389 484 428 444 428
783 781 831 781 831 820 783 820
110 377 142 377 142 417 110 417
313 1285 351 1285 351 1325 313 1325
659 1268 683 1268 683 1308 659 1308
321 906 346 906 346 946 321 946
654 718 684 718 684 758 654 758
325 1246 343 1246 343 1286 325 1286
522 1223 548 1223 548 1263 522 1263
180 1125 215 1125 215 1165 180 1165
648 211 691 211 691 251 648 251
182 662 204 662 204 703 182 703
246 593 275 593 275 634 246 634
41 778 81 778 81 819 41 819
373 394 418 394 418 435 373 435
109 1343 157 1343 157 1384 109 1384
112 907 143 907 143 948 112 948
508 373 541 373 541 414 508 414
646 843 688 843 688 884 646 884
316 672 340 672 340 714 316 714
381 351 406 351 406 393 381 393
42 388 71 388 71 430 42 430
652 396 681 396 681 438 652 438
509 418 556 418 556 460 509 460
790 1199 825 1199 825 1241 790 1241
646 439 688 439 688 481 646 481
791 502 806 502 806 545 791 545
249 1247 284 1247 284 1290 249 1290
171 459 221 459 221 502 171 502
792 1109 813 1109 813 1152 792 1152
116 333 149 333 149 376 116 376
111 1062 146 1062 146 1105 111 1105
243 729 274 729 274 773 243 773
109 1185 149 1185 149 1229 109 1229
309 479 351 479 351 523 309 523
509 211 552 211 552 255 509 255
111 548 141 548 141 592 111 592
312 785 348 785 348 829 312 829
310 599 348 599 348 643 310 643
174 532 214 532 214 576 174 576
112 1301 143 1301 143 1346 112 1346
47 1286 85 1286 85 1331 47 1331
384 1244 419 1244 419 1289 384 1289
510 463 548 463 548 508 510 508
42 578 77 578 77 624 42 624
791 986 805 986 805 1033 791 1033
378 478 421 478 421 525 378 525
324 440 334 440 334 487 324 487
242 359 271 359 271 406 242 406
107 724 145 724 145 772 107 772
652 891 696 891 696 939 652 939
520 898 546 898 546 946 520 946
652 936 687 936 687 984 652 984
250 1140 282 1140 282 1188 250 1188
111 835 144 835 144 884 111 884
180 1036 217 1036 217 1085 180 1085
316 1075 346 1075 346 1124 316 1124
794 1234 824 1234 824 1284 794 1284
110 618 140 618 140 668 110 668
649 486 684 486 684 536 649 536
46 1061 82 1061 82 1115 46 1115
711 461 755 461 755 516 711 516
382 758 423 758 423 816 382 816
