627 959 661 959 661 967 627 967
552 1131 586 1131 586 1140 552 1140
152 516 178 516 178 528 152 528
284 1092 308 1092 308 1105 284 1105
491 1011 519 1011 519 1024 491 1024
633 935 664 935 664 948 633 948
563 806 592 806 592 820 563 820
84 1205 101 1205 101 1220 84 1220
362 518 382 518 382 533 362 533
627 1117 663 1117 663 1132 627 1132
431 781 445 781 445 796 431 796
359 699 384 699 384 714 359 714
486 1371 515 1371 515 1386 486 1386
367 539 384 539 384 554 367 554
292 407 317 407 317 422 292 422
211 1176 238 1176 238 1191 211 1191
840 913 867 913 867 929 840 929
427 1337 447 1337 447 1354 427 1354
160 495 173 495 173 512 160 512
770 854 794 854 794 871 770 871
429 516 455 516 455 533 429 533
85 659 104 659 104 677 85 677
626 1038 661 1038 661 1056 626 1056
842 863 858 863 858 881 842 881
354 1372 373 1372 373 1390 354 1390
846 481 869 481 869 499 846 499
767 914 797 914 797 932 767 932
425 1101 449 1101 449 1120 425 1120
225 391 245 391 245 410 225 410
352 923 392 923 392 942 352 942
149 922 176 922 176 941 149 941
566 751 593 751 593 770 566 770
77 1036 106 1036 106 1056 77 1056
85 1150 102 1150 102 1170 85 1170
495 640 523 640 523 661 495 661
353 1315 376 1315 376 1336 353 1336
423 1196 449 1196 449 1217 423 1217
287 527 314 527 314 548 287 548
758 1318 788 1318 788 1339 758 1339
556 1043 588 1043 588 1064 556 1064
415 1315 449 1315 449 1336 415 1336
755 1341 792 1341 792 1362 755 1362
160 866 168 866 168 887 160 887
710 459 731 459 731 480 710 480
496 591 522 591 522 612 496 612
218 681 251 681 251 702 218 702
638 1015 656 1015 656 1037 638 1037
83 1011 102 1011 102 1033 83 1033
355 1200 374 1200 374 1222 355 1222
639 634 659 634 659 656 639 656
150 652 175 652 175 674 150 674
560 991 585 991 585 1013 560 1013
766 1261 791 1261 791 1283 766 1283
92 595 105 595 105 617 92 617
360 1083 379 1083 379 1105 360 1105
642 765 661 765 661 787 642 787
363 638 386 638 386 660 363 660
644 608 656 608 656 631 644 631
155 1144 167 1144 167 1167 155 1167
490 663 529 663 529 686 490 686
499 1119 509 1119 509 1142 499 1142
497 959 512 959 512 982 497 982
367 403 385 403 385 426 367 426
292 326 323 326 323 349 292 349
831 1306 866 1306 866 1329 831 1329
766 597 804 597 804 620 766 620
835 1006 874 1006 874 1029 835 1029
71 1063 110 1063 110 1086 71 1086
349 858 389 858 389 881 349 881
81 918 102 918 102 941 81 941
425 1006 449 1006 449 1029 425 1029
350 1155 381 1155 381 1178 350 1178
224 1101 232 1101 232 1125 224 1125
292 812 307 812 307 836 292 836
504 615 519 615 519 639 504 639
565 1190 582 1190 582 1214 565 1214
418 1070 457 1070 457 1094 418 1094
781 504 797 504 797 528 781 528
83 1226 99 1226 99 1250 83 1250
218 1075 239 1075 239 1099 218 1099
495 438 527 438 527 462 495 462
349 1014 395 1014 395 1038 349 1038
575 624 593 624 593 649 575 649
842 1137 861 1137 861 1162 842 1162
210 1318 239 1318 239 1343 210 1343
422 538 459 538 459 563 422 563
145 351 186 351 186 376 145 376
562 1297 575 1297 575 1322 562 1322
287 1023 313 1023 313 1048 287 1048
279 1217 309 1217 309 1242 279 1242
275 1324 308 1324 308 1349 275 1349
207 1291 245 1291 245 1316 207 1316
560 778 600 778 600 803 560 803
646 1086 654 1086 654 1111 646 1111
849 651 863 651 863 676 849 676
567 905 591 905 591 930 567 930
768 1232 787 1232 787 1258 768 1258
353 1174 373 1174 373 1200 353 1200
416 1357 442 1357 442 1383 416 1383
92 826 121 826 121 852 92 852
833 1063 866 1063 866 1089 833 1089
702 368 737 368 737 394 702 394
779 474 800 474 800 500 779 500
213 986 242 986 242 1012 213 1012
490 982 520 982 520 1008 490 1008
279 1108 314 1108 314 1134 279 1134
552 1069 594 1069 594 1095 552 1095
312 378 321 378 321 405 312 405
425 1253 436 1253 436 1280 425 1280
840 1330 854 1330 854 1357 840 1357
504 821 519 821 519 848 504 848
848 722 867 722 867 749 848 749
841 580 870 580 870 607 841 607
761 1173 792 1173 792 1200 761 1200
143 945 176 945 176 972 143 972
832 1271 866 1271 866 1298 832 1298
567 1015 582 1015 582 1042 567 1042
640 869 657 869 657 896 640 896
291 781 312 781 312 808 291 808
286 577 320 577 320 604 286 604
280 996 314 996 314 1023 280 1023
212 1015 249 1015 249 1042 212 1042
622 1180 664 1180 664 1207 622 1207
84 948 97 948 97 975 84 975
636 1056 655 1056 655 1083 636 1083
570 505 590 505 590 532 570 532
353 754 385 754 385 781 353 781
215 415 250 415 250 442 215 442
572 720 587 720 587 748 572 748
295 461 312 461 312 489 295 489
631 1256 650 1256 650 1284 631 1284
489 1299 508 1299 508 1327 489 1327
287 755 316 755 316 783 287 783
221 323 251 323 251 351 221 351
623 1365 654 1365 654 1393 623 1393
831 1364 863 1364 863 1392 831 1392
492 1229 508 1229 508 1257 492 1257
779 448 796 448 796 476 779 476
85 718 102 718 102 746 85 746
487 1184 518 1184 518 1212 487 1212
73 887 105 887 105 915 73 915
145 459 186 459 186 487 145 487
155 1201 168 1201 168 1230 155 1230
225 704 243 704 243 733 225 733
554 1323 583 1323 583 1352 554 1352
77 1172 107 1172 107 1201 77 1201
837 975 867 975 867 1004 837 1004
415 1284 447 1284 447 1313 415 1313
349 1249 381 1249 381 1278 349 1278
491 407 524 407 524 436 491 436
145 623 181 623 181 652 145 652
434 800 444 800 444 829 434 829
767 1359 779 1359 779 1388 767 1388
843 1236 857 1236 857 1265 843 1265
78 1258 100 1258 100 1287 78 1287
575 326 592 326 592 355 575 355
425 942 445 942 445 971 425 971
770 926 794 926 794 955 770 955
75 1323 108 1323 108 1352 75 1352
768 529 806 529 806 558 768 558
154 1047 170 1047 170 1077 154 1077
841 752 865 752 865 782 841 782
430 400 460 400 460 430 430 430
147 711 182 711 182 741 147 741
211 1042 248 1042 248 1072 211 1072
776 783 793 783 793 813 776 813
221 732 246 732 246 762 221 762
419 973 455 973 455 1003 419 1003
835 833 872 833 872 863 835 863
222 541 253 541 253 572 222 572
840 381 873 381 873 412 840 412
632 693 667 693 667 724 632 724
494 756 529 756 529 787 494 787
491 685 526 685 526 716 491 716
417 1163 457 1163 457 1194 417 1194
77 413 119 413 119 444 77 444
561 959 580 959 580 990 561 990
355 1280 375 1280 375 1311 355 1311
223 760 250 760 250 791 223 791
770 615 803 615 803 646 770 646
216 443 251 443 251 474 216 474
553 1356 591 1356 591 1387 553 1387
487 1033 526 1033 526 1064 487 1064
224 608 240 608 240 639 224 639
502 790 521 790 521 821 502 821
75 750 110 750 110 781 75 781
154 742 190 742 190 773 154 773
835 506 879 506 879 537 835 537
550 1096 595 1096 595 1127 550 1127
363 820 388 820 388 852 363 852
80 679 110 679 110 711 80 711
78 1088 111 1088 111 1120 78 1120
356 606 391 606 391 638 356 638
86 480 122 480 122 512 86 512
764 956 800 956 800 988 764 988
490 848 529 848 529 880 490 880
71 1121 118 1121 118 1153 71 1153
83 852 100 852 100 884 83 884
640 660 662 660 662 692 640 692
345 1223 389 1223 389 1255 345 1255
160 675 176 675 176 708 160 708
225 827 241 827 241 860 225 860
80 1356 98 1356 98 1389 80 1389
841 1168 860 1168 860 1201 841 1201
707 331 737 331 737 364 707 364
706 399 739 399 739 432 706 432
292 351 326 351 326 384 292 384
493 531 530 531 530 564 493 564
74 974 113 974 113 1007 74 1007
422 747 462 747 462 780 422 780
766 564 809 564 809 597 766 597
847 615 866 615 866 648 847 648
629 1329 650 1329 650 1362 629 1362
144 1013 173 1013 173 1046 144 1046
763 1201 792 1201 792 1234 763 1234
150 320 184 320 184 353 150 353
346 980 387 980 387 1013 346 1013
72 1291 114 1291 114 1324 72 1324
424 1028 447 1028 447 1062 424 1062
352 1338 376 1338 376 1372 352 1372
146 1107 173 1107 173 1141 146 1141
144 890 173 890 173 924 144 924
770 414 812 414 812 448 770 448
76 447 123 447 123 481 76 481
238 474 248 474 248 508 238 508
287 547 318 547 318 581 287 581
80 622 113 622 113 656 80 656
559 874 597 874 597 908 559 908
218 507 256 507 256 541 218 541
630 725 668 725 668 759 630 759
480 1332 518 1332 518 1366 480 1366
152 1225 165 1225 165 1260 152 1260
564 438 600 438 600 473 564 473
424 325 461 325 461 360 424 360
552 1263 592 1263 592 1298 552 1298
225 797 243 797 243 832 225 832
287 425 320 425 320 460 287 460
636 531 673 531 673 566 636 566
352 785 389 785 389 820 352 820
504 555 519 555 519 590 504 590
153 380 174 380 174 415 153 415
708 422 729 422 729 457 708 457
423 1123 444 1123 444 1158 423 1158
287 959 313 959 313 994 287 994
634 897 666 897 666 932 634 932
219 906 240 906 240 942 219 942
420 1218 445 1218 445 1254 420 1254
358 883 388 883 388 919 358 919
488 1146 519 1146 519 1182 488 1182
494 324 532 324 532 360 494 360
835 1029 875 1029 875 1065 835 1065
79 558 119 558 119 594 79 594
762 1096 787 1096 787 1132 762 1132
141 1167 176 1167 176 1203 141 1203
420 830 456 830 456 866 420 866
836 541 873 541 873 577 836 577
429 601 457 601 457 637 429 637
485 1261 516 1261 516 1297 485 1297
830 1198 870 1198 870 1234 830 1234
277 879 318 879 318 915 277 915
830 879 874 879 874 915 830 915
297 633 307 633 307 670 297 670
151 1068 165 1068 165 1105 151 1105
363 660 382 660 382 697 363 697
580 933 599 933 599 970 580 970
220 946 241 946 241 983 220 983
224 353 249 353 249 390 224 390
423 906 452 906 452 943 423 943
292 595 323 595 323 632 292 632
839 682 870 682 870 719 839 719
356 362 392 362 392 399 356 399
418 867 458 867 458 904 418 904
279 1180 320 1180 320 1217 279 1217
770 813 801 813 801 851 770 851
139 976 179 976 179 1014 139 1014
278 1136 318 1136 318 1174 278 1174
509 459 517 459 517 497 509 497
780 373 797 373 797 411 780 411
294 493 314 493 314 531 294 531
357 324 396 324 396 362 357 362
276 1243 316 1243 316 1281 276 1281
347 1112 388 1112 388 1150 347 1150
755 1283 800 1283 800 1321 755 1321
435 478 451 478 451 516 435 516
572 649 589 649 589 687 572 687
157 417 177 417 177 455 157 455
220 864 250 864 250 903 220 903
218 640 251 640 251 679 218 679
839 789 872 789 872 828 839 828
562 476 601 476 601 515 562 515
366 478 384 478 384 517 366 517
285 1048 307 1048 307 1087 285 1087
146 1261 171 1261 171 1300 146 1300
283 669 319 669 319 708 283 708
273 1350 316 1350 316 1389 273 1389
423 560 471 560 471 599 423 599
352 716 392 716 392 756 352 756
366 939 374 939 374 979 366 979
639 568 662 568 662 608 639 608
209 1249 245 1249 245 1289 209 1289
421 685 459 685 459 725 421 725
562 400 605 400 605 440 562 440
768 696 813 696 813 736 768 736
362 560 381 560 381 600 362 600
434 438 453 438 453 478 434 478
75 785 104 785 104 825 75 825
488 923 526 923 526 963 488 963
275 1286 313 1286 313 1326 275 1326
633 373 672 373 672 413 633 413
145 534 184 534 184 574 145 574
768 1133 791 1133 791 1174 768 1174
280 838 323 838 323 879 280 879
641 789 657 789 657 831 641 831
508 1213 525 1213 525 1255 508 1255
770 872 793 872 793 914 770 914
567 538 600 538 600 580 567 580
425 646 458 646 458 688 425 688
696 482 739 482 739 524 696 524
75 320 121 320 121 362 75 362
225 570 248 570 248 612 225 612
626 1287 654 1287 654 1329 626 1329
429 363 465 363 465 405 429 405
492 881 525 881 525 923 492 923
277 915 313 915 313 957 277 957
147 578 183 578 183 620 147 620
147 775 191 775 191 817 147 817
630 328 677 328 677 370 630 370
79 513 115 513 115 556 79 556
767 330 805 330 805 373 767 373
638 479 663 479 663 523 638 523
356 432 394 432 394 476 356 476
627 972 669 972 669 1016 627 1016
287 709 318 709 318 753 287 753
78 369 123 369 123 413 78 413
551 1146 598 1146 598 1190 551 1190
561 578 601 578 601 622 561 622
832 928 878 928 878 972 832 972
497 487 526 487 526 532 497 532
212 1127 246 1127 246 1172 212 1172
348 1038 393 1038 393 1083 348 1083
843 327 869 327 869 373 843 373
827 1089 879 1089 879 1136 827 1136
768 1043 795 1043 795 1090 768 1090
549 1218 591 1218 591 1265 549 1265
217 1198 236 1198 236 1246 217 1246
629 1130 662 1130 662 1179 629 1179
770 734 805 734 805 783 770 783
760 990 803 990 803 1039 760 1039
210 1341 239 1341 239 1390 210 1390
499 357 530 357 530 407 499 407
770 646 802 646 802 696 770 696
572 349 589 349 589 399 572 399
573 672 592 672 592 723 573 723
837 416 881 416 881 468 837 468
143 812 183 812 183 866 143 866
624 1209 661 1209 661 1265 624 1265
641 811 661 811 661 869 641 869
559 820 594 820 594 878 559 878
633 415 668 415 668 478 633 478
