621 796 626 796 626 804 621 804
623 873 629 873 629 881 623 881
618 1301 625 1301 625 1309 618 1309
541 1351 554 1351 554 1359 541 1359
553 396 562 396 562 405 553 405
527 1247 552 1247 552 1257 527 1257
618 1030 627 1030 627 1040 618 1040
679 1267 693 1267 693 1277 679 1277
530 1074 558 1074 558 1084 530 1084
465 385 484 385 484 396 465 396
614 613 626 613 626 625 614 625
619 1383 631 1383 631 1395 619 1395
602 1222 618 1222 618 1234 602 1234
624 1132 632 1132 632 1146 624 1146
548 423 560 423 560 437 548 437
657 783 682 783 682 797 657 797
552 510 562 510 562 524 552 524
721 1036 752 1036 752 1050 721 1050
624 713 634 713 634 727 624 727
624 757 636 757 636 772 624 772
620 961 633 961 633 976 620 976
119 446 144 446 144 461 119 461
187 929 214 929 214 944 187 944
794 529 817 529 817 544 794 544
524 934 549 934 549 950 524 950
183 1157 209 1157 209 1173 183 1173
417 1364 431 1364 431 1380 417 1380
796 857 814 857 814 873 796 873
620 1181 634 1181 634 1198 620 1198
329 1097 348 1097 348 1114 329 1114
524 549 546 549 546 566 524 566
251 1093 279 1093 279 1110 251 1110
518 697 550 697 550 714 518 714
130 1241 139 1241 139 1259 130 1259
396 604 413 604 413 622 396 622
56 731 75 731 75 749 56 749
376 1205 396 1205 396 1223 376 1223
411 1380 439 1380 439 1398 411 1398
452 769 485 769 485 787 452 787
618 404 633 404 633 422 618 422
260 899 277 899 277 917 260 917
261 1366 278 1366 278 1384 261 1384
539 527 558 527 558 545 539 545
523 891 550 891 550 909 523 909
127 1086 139 1086 139 1105 127 1105
327 1187 345 1187 345 1206 327 1206
792 549 811 549 811 568 792 568
323 1297 349 1297 349 1316 323 1316
723 536 754 536 754 555 723 555
617 1002 629 1002 629 1021 617 1021
395 923 412 923 412 942 395 942
800 1169 818 1169 818 1188 800 1188
180 1377 212 1377 212 1396 180 1396
251 919 288 919 288 938 251 938
61 1135 78 1135 78 1154 61 1154
326 473 345 473 345 492 326 492
123 386 147 386 147 405 123 405
116 323 149 323 149 342 116 342
789 621 822 621 822 640 789 640
329 796 348 796 348 816 329 816
521 797 550 797 550 817 521 817
183 787 216 787 216 807 183 807
463 592 475 592 475 612 463 612
44 491 82 491 82 511 44 511
390 1222 395 1222 395 1243 390 1243
735 730 746 730 746 751 735 751
260 359 273 359 273 380 260 380
462 817 477 817 477 838 462 838
260 588 278 588 278 609 260 609
375 1246 397 1246 397 1267 375 1267
190 884 213 884 213 905 190 905
387 330 413 330 413 351 387 351
732 588 748 588 748 609 732 609
187 441 213 441 213 462 187 462
456 684 485 684 485 705 456 705
185 904 211 904 211 925 185 925
785 916 812 916 812 937 785 937
721 1348 752 1348 752 1369 721 1369
522 770 554 770 554 791 522 791
520 1030 553 1030 553 1051 520 1051
791 1335 818 1335 818 1357 791 1357
798 1311 811 1311 811 1333 798 1333
412 1341 433 1341 433 1363 412 1363
520 817 551 817 551 839 520 839
721 983 755 983 755 1005 721 1005
180 950 217 950 217 972 180 972
330 1275 342 1275 342 1297 330 1297
258 1070 277 1070 277 1092 258 1092
391 628 411 628 411 650 391 650
120 789 141 789 141 811 120 811
522 1055 550 1055 550 1077 522 1077
788 1262 826 1262 826 1284 788 1284
462 872 479 872 479 895 462 895
320 619 344 619 344 642 320 642
794 736 822 736 822 759 794 759
55 1321 83 1321 83 1344 55 1344
315 1316 355 1316 355 1339 315 1339
513 908 555 908 555 931 513 931
529 1256 544 1256 544 1279 529 1279
186 735 210 735 210 758 186 758
523 435 554 435 554 458 523 458
447 891 492 891 492 914 447 914
529 867 542 867 542 891 529 891
462 570 477 570 477 594 462 594
325 419 342 419 342 443 325 443
798 679 815 679 815 703 798 703
119 1216 139 1216 139 1240 119 1240
192 1008 213 1008 213 1032 192 1032
410 1321 434 1321 434 1345 410 1345
406 1206 430 1206 430 1230 406 1230
383 1330 395 1330 395 1354 383 1354
325 741 344 741 344 765 325 765
722 955 754 955 754 979 722 979
319 851 354 851 354 875 319 875
619 459 635 459 635 483 619 483
379 1173 400 1173 400 1197 379 1197
378 1136 399 1136 399 1160 378 1160
657 399 685 399 685 423 657 423
787 500 816 500 816 524 787 524
187 388 216 388 216 412 187 412
390 1093 421 1093 421 1117 390 1117
50 1193 86 1193 86 1217 50 1217
382 359 418 359 418 383 382 383
317 1163 354 1163 354 1187 317 1187
111 1104 149 1104 149 1128 111 1128
125 840 142 840 142 865 125 865
57 947 75 947 75 972 57 972
258 977 284 977 284 1002 258 1002
654 705 684 705 684 730 654 730
320 1205 351 1205 351 1230 320 1230
450 548 484 548 484 573 450 573
47 893 82 893 82 918 47 918
246 1111 284 1111 284 1136 246 1136
259 848 274 848 274 873 259 873
256 383 288 383 288 408 256 408
459 788 479 788 479 814 459 814
456 427 482 427 482 453 456 453
720 895 759 895 759 921 720 921
647 425 689 425 689 451 647 451
330 899 343 899 343 925 330 925
733 834 749 834 749 860 733 860
458 489 485 489 485 515 458 515
254 872 284 872 284 898 254 898
585 594 618 594 618 620 585 620
326 497 360 497 360 523 326 523
181 463 218 463 218 489 181 489
48 1343 86 1343 86 1369 48 1369
783 1356 825 1356 825 1382 783 1382
329 597 338 597 338 623 329 623
396 723 410 723 410 749 396 749
323 1070 354 1070 354 1096 323 1096
186 1088 217 1088 217 1114 186 1114
51 1244 82 1244 82 1270 51 1270
722 1281 757 1281 757 1307 722 1307
179 1252 221 1252 221 1278 179 1278
533 1086 546 1086 546 1113 533 1113
56 673 72 673 72 700 56 700
189 1031 212 1031 212 1058 189 1058
386 945 427 945 427 972 386 972
399 1063 415 1063 415 1090 399 1090
792 800 811 800 811 827 792 827
654 674 685 674 685 701 654 701
656 1048 687 1048 687 1075 656 1075
387 997 421 997 421 1024 387 1024
111 988 147 988 147 1015 111 1015
313 641 353 641 353 668 313 668
319 821 359 821 359 848 319 848
410 1259 427 1259 427 1287 410 1287
379 1304 398 1304 398 1332 379 1332
522 1147 556 1147 556 1175 522 1175
179 758 216 758 216 786 179 786
111 496 154 496 154 524 111 524
127 1057 139 1057 139 1085 127 1085
61 1080 77 1080 77 1108 61 1108
194 415 212 415 212 443 194 443
187 707 212 707 212 735 187 735
788 356 817 356 817 384 788 384
720 1181 749 1181 749 1209 720 1209
724 505 754 505 754 533 724 533
403 1230 436 1230 436 1258 403 1258
522 572 556 572 556 600 522 600
251 561 286 561 286 589 251 589
522 739 559 739 559 767 522 767
393 543 407 543 407 571 393 571
58 1295 78 1295 78 1323 58 1323
236 235 263 235 263 263 236 263
254 609 282 609 282 637 254 637
519 1221 548 1221 548 1249 519 1249
519 1362 549 1362 549 1390 519 1390
589 1009 620 1009 620 1037 589 1037
654 569 690 569 690 597 654 597
261 1039 277 1039 277 1068 261 1068
457 649 482 649 482 678 457 678
183 683 214 683 214 712 183 712
321 1045 354 1045 354 1074 321 1074
50 1105 84 1105 84 1134 50 1134
786 702 821 702 821 731 786 731
118 590 155 590 155 619 118 619
652 644 693 644 693 673 652 673
48 1367 92 1367 92 1396 48 1396
256 1307 271 1307 271 1336 256 1336
393 865 409 865 409 894 393 894
254 725 283 725 283 754 254 754
253 668 283 668 283 697 253 697
183 1312 217 1312 217 1341 183 1341
654 977 690 977 690 1006 654 1006
249 1332 285 1332 285 1361 249 1361
262 696 278 696 278 725 262 725
125 562 150 562 150 591 125 591
790 468 819 468 819 497 790 497
118 695 148 695 148 724 118 724
518 665 554 665 554 694 518 694
408 1289 434 1289 434 1319 408 1319
453 840 482 840 482 870 453 870
791 1037 821 1037 821 1067 791 1067
116 866 147 866 147 896 116 896
388 748 421 748 421 778 388 778
315 673 349 673 349 703 315 703
529 1114 541 1114 541 1144 529 1144
127 896 141 896 141 926 127 926
528 711 543 711 543 741 528 741
320 763 350 763 350 793 320 793
521 398 552 398 552 428 521 428
403 1174 439 1174 439 1204 403 1204
383 651 419 651 419 681 383 681
790 1138 828 1138 828 1168 790 1168
259 534 275 534 275 565 259 565
794 971 812 971 812 1002 794 1002
258 929 279 929 279 960 258 960
791 1003 821 1003 821 1034 791 1034
789 824 820 824 820 855 789 855
253 944 284 944 284 975 253 975
320 927 354 927 354 958 320 958
248 1141 292 1141 292 1172 248 1172
463 700 475 700 475 731 463 731
796 325 810 325 810 356 796 356
56 867 70 867 70 898 56 898
529 836 544 836 544 867 529 867
193 323 221 323 221 354 193 354
52 973 80 973 80 1004 52 1004
183 618 214 618 214 649 183 649
51 698 86 698 86 729 51 729
114 1252 151 1252 151 1283 114 1283
182 1177 219 1177 219 1208 182 1208
247 328 286 328 286 359 247 359
730 923 747 923 747 954 730 954
123 463 140 463 140 494 123 494
263 277 300 277 300 308 263 308
58 1263 75 1263 75 1295 58 1295
378 1271 395 1271 395 1303 378 1303
57 1159 75 1159 75 1191 57 1191
727 1366 748 1366 748 1398 727 1398
657 496 688 496 688 528 657 528
318 441 350 441 350 473 318 473
186 1058 218 1058 218 1090 186 1090
183 1278 216 1278 216 1310 183 1310
787 1067 822 1067 822 1099 787 1099
383 277 420 277 420 309 383 309
453 396 492 396 492 428 453 428
183 355 223 355 223 387 183 387
729 1150 743 1150 743 1182 729 1182
454 732 485 732 485 764 454 764
181 651 217 651 217 683 181 683
788 1107 824 1107 824 1139 788 1139
654 839 693 839 693 871 654 871
652 1361 694 1361 694 1393 652 1393
179 1342 221 1342 221 1374 179 1374
315 869 359 869 359 901 315 901
58 1212 77 1212 77 1245 58 1245
42 235 71 235 71 268 42 268
590 477 622 477 622 510 590 510
790 1192 829 1192 829 1225 790 1225
521 601 552 601 552 634 521 634
589 1272 621 1272 621 1305 589 1305
389 968 424 968 424 1001 389 1001
461 511 479 511 479 544 461 544
386 567 418 567 418 600 386 600
384 889 418 889 418 922 384 922
718 401 764 401 764 435 718 435
732 999 746 999 746 1034 732 1034
732 858 749 858 749 893 732 893
659 801 678 801 678 836 659 836
723 474 760 474 760 509 723 509
721 656 758 656 758 691 721 691
519 1318 559 1318 559 1353 519 1353
113 1133 154 1133 154 1168 113 1168
666 529 681 529 681 564 666 564
116 657 147 657 147 692 116 692
659 1091 690 1091 690 1126 659 1126
529 628 542 628 542 663 529 663
124 725 140 725 140 760 124 760
50 324 72 324 72 359 50 359
793 937 816 937 816 972 793 972
254 1003 282 1003 282 1038 254 1038
589 845 624 845 624 880 589 880
587 552 625 552 625 587 587 587
784 433 824 433 824 468 784 468
121 621 136 621 136 657 121 657
662 359 678 359 678 395 662 395
796 639 813 639 813 675 796 675
129 1320 148 1320 148 1356 129 1356
114 1283 159 1283 159 1319 114 1319
55 910 76 910 76 946 55 946
720 1244 754 1244 754 1280 720 1280
111 810 155 810 155 846 111 846
718 694 762 694 762 730 718 730
587 726 627 726 627 762 587 762
393 382 409 382 409 419 393 419
730 551 747 551 747 588 730 588
119 950 139 950 139 987 119 987
591 425 621 425 621 462 591 462
251 638 284 638 284 675 251 675
117 752 150 752 150 789 117 789
116 525 152 525 152 562 116 562
49 1005 87 1005 87 1042 49 1042
247 460 287 460 287 497 247 497
50 829 74 829 74 866 50 866
452 613 486 613 486 650 452 650
199 850 208 850 208 888 199 888
397 1024 411 1024 411 1062 397 1062
48 641 82 641 82 679 48 679
723 435 759 435 759 473 723 473
586 767 624 767 624 805 586 805
589 1144 627 1144 627 1182 589 1182
717 1209 757 1209 757 1247 717 1247
798 1276 814 1276 814 1314 798 1314
50 407 74 407 74 445 50 445
406 1131 435 1131 435 1169 406 1169
457 354 494 354 494 392 457 392
516 991 556 991 556 1029 516 1029
460 452 477 452 477 490 460 490
658 1289 684 1289 684 1327 658 1327
657 1009 683 1009 683 1048 657 1048
721 1307 751 1307 751 1346 721 1346
588 808 629 808 629 847 588 847
590 359 632 359 632 398 590 398
719 794 763 794 763 833 719 833
315 962 361 962 361 1001 315 1001
310 703 358 703 358 742 310 742
386 510 417 510 417 549 386 549
655 1132 692 1132 692 1171 655 1171
536 1280 542 1280 542 1320 536 1320
250 496 287 496 287 536 250 536
247 1216 288 1216 288 1256 247 1256
124 344 140 344 140 384 124 384
122 406 146 406 146 446 122 446
786 760 826 760 826 800 786 800
790 881 817 881 817 921 790 921
195 1113 200 1113 200 1154 195 1154
191 809 212 809 212 850 191 850
54 752 80 752 80 793 54 793
791 1223 822 1223 822 1264 791 1264
382 420 424 420 424 461 382 461
58 794 72 794 72 835 58 835
56 510 75 510 75 551 56 551
719 612 759 612 759 653 719 653
52 1040 85 1040 85 1081 52 1081
322 1122 359 1122 359 1163 322 1163
181 581 218 581 218 622 181 622
249 1173 286 1173 286 1214 249 1214
51 597 82 597 82 639 51 639
591 925 634 925 634 967 591 967
182 1211 213 1211 213 1253 182 1253
248 410 290 410 290 452 248 452
387 824 421 824 421 867 387 867
382 235 418 235 418 278 382 278
251 807 293 807 293 850 251 850
720 363 763 363 763 406 720 406
528 950 547 950 547 993 528 993
52 446 70 446 70 490 52 490
586 504 624 504 624 548 586 548
46 552 86 552 86 596 46 596
55 360 68 360 68 405 55 405
192 965 207 965 207 1010 192 1010
652 597 692 597 692 642 652 642
323 1226 350 1226 350 1271 323 1271
652 926 692 926 692 971 652 971
118 1165 150 1165 150 1211 118 1211
656 449 689 449 689 495 656 495
586 674 626 674 626 720 586 720
465 906 472 906 472 952 465 952
391 675 417 675 417 721 391 721
656 875 687 875 687 921 656 921
586 1041 625 1041 625 1087 586 1087
655 1171 695 1171 695 1217 655 1217
586 623 623 623 623 670 586 670
117 1014 150 1014 150 1061 117 1061
317 325 360 325 360 373 317 373
785 384 823 384 823 432 785 432
315 370 355 370 355 418 315 418
385 465 422 465 422 513 385 513
716 1050 754 1050 754 1098 716 1098
250 1261 291 1261 291 1309 250 1309
585 1092 627 1092 627 1140 585 1140
649 730 687 730 687 779 649 779
784 571 826 571 826 620 784 620
321 523 349 523 349 573 321 573
716 1101 751 1101 751 1151 716 1151
518 1174 554 1174 554 1224 518 1224
519 463 559 463 559 513 519 513
127 912 136 912 136 962 127 962
385 776 421 776 421 826 385 826
733 746 742 746 742 797 733 797
319 993 354 993 354 1046 319 1046
183 527 216 527 216 582 183 582
252 753 288 753 288 811 252 811
