744 440 773 440 773 445 744 445
745 1235 757 1235 757 1250 745 1250
63 695 75 695 75 710 63 710
746 520 774 520 774 535 746 535
63 774 74 774 74 790 63 790
60 1273 89 1273 89 1289 60 1289
469 1211 498 1211 498 1227 469 1227
684 1349 700 1349 700 1365 684 1365
543 1215 557 1215 557 1234 543 1234
472 791 492 791 492 810 472 810
737 796 757 796 757 815 737 815
610 696 629 696 629 715 610 715
674 607 694 607 694 626 674 626
268 502 288 502 288 521 268 521
740 1137 760 1137 760 1156 740 1156
605 439 626 439 626 458 605 458
335 1066 357 1066 357 1085 335 1085
676 1280 695 1280 695 1300 676 1300
128 361 149 361 149 381 128 381
469 419 490 419 490 439 469 439
536 1159 559 1159 559 1179 536 1179
539 817 557 817 557 837 539 837
670 878 691 878 691 898 670 898
746 564 773 564 773 584 746 584
261 755 291 755 291 775 261 775
667 295 688 295 688 316 667 316
59 633 80 633 80 654 59 654
535 606 557 606 557 627 535 627
673 1155 695 1155 695 1176 673 1176
664 319 688 319 688 340 664 340
268 626 280 626 280 647 268 647
805 298 823 298 823 319 805 319
198 1050 219 1050 219 1071 198 1071
602 750 635 750 635 771 602 771
407 992 428 992 428 1013 407 1013
332 746 354 746 354 768 332 768
59 1035 82 1035 82 1057 59 1057
732 1330 762 1330 762 1352 732 1352
198 651 219 651 219 673 198 673
391 297 430 297 430 319 391 319
190 1071 229 1071 229 1093 190 1093
59 1186 81 1186 81 1208 59 1208
50 790 91 790 91 812 50 812
392 702 435 702 435 724 392 724
458 296 502 296 502 319 458 319
197 1287 225 1287 225 1310 197 1310
748 608 778 608 778 631 748 631
121 543 154 543 154 566 121 566
749 582 782 582 782 606 749 606
123 453 157 453 157 477 123 477
323 326 362 326 362 350 323 350
804 399 822 399 822 423 804 423
602 549 628 549 628 573 602 573
61 1160 95 1160 95 1184 61 1184
461 877 497 877 497 901 461 901
460 444 498 444 498 468 460 468
540 760 556 760 556 784 540 784
739 819 757 819 757 843 739 843
403 723 426 723 426 747 403 747
332 1225 362 1225 362 1249 332 1249
326 799 362 799 362 823 326 823
662 670 701 670 701 694 662 694
541 1317 555 1317 555 1342 541 1342
540 1235 561 1235 561 1260 540 1260
54 328 82 328 82 353 54 353
474 592 488 592 488 617 474 617
62 979 77 979 77 1004 62 1004
64 1246 83 1246 83 1271 64 1271
61 853 81 853 81 878 61 878
597 498 633 498 633 523 597 523
730 1347 767 1347 767 1372 730 1372
726 303 765 303 765 328 726 328
472 362 487 362 487 388 472 388
268 731 285 731 285 757 268 757
611 884 631 884 631 910 611 910
601 805 635 805 635 831 601 831
605 641 619 641 619 667 605 667
338 881 354 881 354 907 338 907
739 1080 756 1080 756 1106 739 1106
203 838 222 838 222 864 203 864
531 213 557 213 557 239 531 239
745 451 771 451 771 477 745 477
530 1290 558 1290 558 1316 530 1316
255 564 288 564 288 590 255 590
659 342 707 342 707 368 659 368
200 990 217 990 217 1017 200 1017
736 730 755 730 755 757 736 757
332 824 359 824 359 851 332 851
323 298 355 298 355 325 323 325
257 775 297 775 297 802 257 802
327 1119 369 1119 369 1146 327 1146
330 400 350 400 350 427 330 427
399 817 430 817 430 844 399 844
48 709 91 709 91 736 48 736
395 1047 442 1047 442 1075 395 1075
130 517 147 517 147 545 130 545
193 1231 221 1231 221 1259 193 1259
662 754 696 754 696 782 662 782
667 691 703 691 703 719 667 719
465 1274 501 1274 501 1302 465 1302
326 521 363 521 363 549 326 549
55 1290 93 1290 93 1318 55 1318
728 841 769 841 769 869 728 869
336 1011 350 1011 350 1039 336 1039
201 594 216 594 216 622 201 622
58 573 75 573 75 601 58 601
204 1257 221 1257 221 1285 204 1285
192 211 224 211 224 239 192 239
533 1343 574 1343 574 1371 533 1371
536 548 555 548 555 577 536 577
330 1173 354 1173 354 1202 330 1202
667 851 700 851 700 880 667 880
52 1088 90 1088 90 1117 52 1117
189 781 227 781 227 810 189 810
397 921 437 921 437 950 397 950
129 298 145 298 145 327 129 327
333 1088 358 1088 358 1117 333 1117
729 329 758 329 758 358 729 358
254 331 290 331 290 360 254 360
327 715 365 715 365 744 327 744
118 567 158 567 158 596 118 596
754 532 768 532 768 561 754 561
666 1002 694 1002 694 1031 666 1031
734 897 766 897 766 926 734 926
186 403 228 403 228 432 186 432
603 377 619 377 619 407 603 407
334 685 351 685 351 715 334 715
607 910 635 910 635 940 607 940
668 1245 696 1245 696 1275 668 1275
468 1020 498 1020 498 1050 468 1050
330 907 363 907 363 937 330 937
330 1141 363 1141 363 1171 330 1171
55 877 90 877 90 907 55 907
324 214 359 214 359 244 324 244
465 617 501 617 501 647 465 647
340 1199 358 1199 358 1229 340 1229
329 852 353 852 353 882 329 882
672 402 700 402 700 432 672 432
467 529 498 529 498 559 467 559
326 769 362 769 362 799 326 799
398 892 434 892 434 922 398 922
50 392 89 392 89 422 50 422
791 514 846 514 846 544 791 544
676 546 690 546 690 577 676 577
404 786 423 786 423 817 404 817
665 720 688 720 688 751 665 751
465 560 489 560 489 591 465 591
322 351 353 351 353 382 322 382
125 646 156 646 156 677 125 677
194 748 226 748 226 779 194 779
671 971 704 971 704 1002 671 1002
52 601 86 601 86 632 52 632
54 1002 93 1002 93 1033 54 1033
526 630 567 630 567 661 526 661
530 1183 571 1183 571 1214 530 1214
321 376 363 376 363 407 321 407
395 1017 439 1017 439 1048 395 1048
323 653 368 653 368 684 323 684
477 990 490 990 490 1021 477 1021
674 900 693 900 693 931 674 931
730 927 757 927 757 958 730 958
533 785 565 785 565 816 533 816
460 387 495 387 495 418 460 418
467 1339 502 1339 502 1370 467 1370
192 1199 233 1199 233 1230 192 1230
665 471 707 471 707 502 665 502
195 864 226 864 226 895 195 895
535 1258 572 1258 572 1289 535 1289
191 1314 231 1314 231 1345 191 1345
736 394 758 394 758 426 736 426
467 497 496 497 496 529 467 529
398 600 428 600 428 632 398 632
532 946 565 946 565 978 532 978
533 1126 568 1126 568 1158 533 1158
192 370 227 370 227 402 192 402
193 620 229 620 229 652 193 652
662 1121 703 1121 703 1153 662 1153
740 1200 763 1200 763 1232 740 1232
599 663 630 663 630 695 599 695
669 1092 703 1092 703 1124 669 1124
530 572 565 572 565 604 530 604
329 1035 369 1035 369 1067 329 1067
673 822 694 822 694 855 673 855
469 845 491 845 491 878 469 878
258 398 289 398 289 431 258 431
732 1102 765 1102 765 1135 732 1135
122 327 156 327 156 360 122 360
55 1212 90 1212 90 1245 55 1245
464 1129 507 1129 507 1162 464 1162
115 421 163 421 163 454 115 454
49 912 99 912 99 945 49 945
539 335 555 335 555 368 539 368
58 1056 81 1056 81 1089 58 1089
52 423 77 423 77 456 52 456
324 1247 367 1247 367 1280 324 1280
533 368 557 368 557 401 533 401
326 577 362 577 362 610 326 610
596 614 636 614 636 647 596 647
525 491 567 491 567 524 525 524
536 697 554 697 554 731 536 731
395 322 420 322 420 356 395 356
194 295 225 295 225 329 194 329
52 295 90 295 90 329 52 329
593 403 633 403 633 437 593 437
528 1099 568 1099 568 1133 528 1133
522 299 562 299 562 333 522 333
750 483 768 483 768 518 750 518
260 432 289 432 289 467 260 467
261 649 293 649 293 684 261 684
195 713 228 713 228 748 195 748
742 209 777 209 777 244 742 244
464 756 500 756 500 791 464 791
462 813 499 813 499 848 462 848
115 383 155 383 155 418 115 418
461 1303 505 1303 505 1338 461 1338
735 359 764 359 764 394 735 394
396 669 430 669 430 704 396 704
258 526 296 526 296 561 258 561
666 573 707 573 707 608 666 608
402 953 429 953 429 988 402 988
56 1121 83 1121 83 1156 56 1156
462 727 496 727 496 762 462 762
599 516 643 516 643 551 599 551
602 461 625 461 625 497 602 497
536 663 560 663 560 699 536 699
673 1212 708 1212 708 1248 673 1248
123 679 160 679 160 715 123 715
57 734 97 734 97 770 57 770
201 1093 217 1093 217 1129 201 1129
55 541 81 541 81 577 55 577
394 563 429 563 429 599 394 599
52 658 88 658 88 694 52 694
191 677 227 677 227 713 191 713
191 1012 231 1012 231 1048 191 1048
803 319 819 319 819 355 803 355
607 717 625 717 625 753 607 753
398 434 420 434 420 470 398 470
52 356 77 356 77 392 52 392
258 591 293 591 293 627 258 627
192 1341 228 1341 228 1377 192 1377
726 757 764 757 764 793 726 793
670 1061 697 1061 697 1098 670 1098
401 632 418 632 418 669 401 669
122 481 149 481 149 518 122 518
660 365 696 365 696 402 660 402
259 465 297 465 297 502 259 502
609 767 627 767 627 805 609 805
389 397 426 397 426 435 389 435
189 435 227 435 227 473 189 473
528 1064 573 1064 573 1102 528 1102
194 333 225 333 225 371 194 371
529 241 564 241 564 279 529 279
328 546 364 546 364 584 328 584
591 340 634 340 634 378 591 378
197 1126 226 1126 226 1164 197 1164
327 980 365 980 365 1018 327 1018
461 653 501 653 501 691 461 691
726 1038 771 1038 771 1076 726 1076
800 425 826 425 826 464 800 464
528 519 557 519 557 558 528 558
732 1006 765 1006 765 1045 732 1045
193 239 229 239 229 278 193 278
666 1031 704 1031 704 1070 666 1070
732 1161 767 1161 767 1200 732 1200
663 935 700 935 700 974 663 974
664 431 702 431 702 470 664 470
460 1093 509 1093 509 1132 460 1132
534 869 562 869 562 909 534 909
193 807 231 807 231 847 193 847
253 293 293 293 293 333 253 333
258 358 289 358 289 398 258 398
667 1177 703 1177 703 1217 667 1217
49 504 92 504 92 544 49 544
525 837 579 837 579 877 525 877
57 1334 92 1334 92 1374 57 1374
593 573 638 573 638 613 593 613
730 867 777 867 777 907 730 907
60 812 77 812 77 853 60 853
540 977 559 977 559 1018 540 1018
458 323 498 323 498 364 458 364
660 781 704 781 704 822 660 822
403 747 419 747 419 788 403 788
201 1164 218 1164 218 1205 201 1205
671 629 690 629 690 670 671 670
665 502 697 502 697 543 665 543
192 557 227 557 227 598 192 598
734 1249 774 1249 774 1290 734 1290
331 1281 371 1281 371 1322 331 1322
400 845 430 845 430 887 400 887
461 689 498 689 498 731 461 731
191 518 232 518 232 560 191 560
189 473 235 473 235 515 189 515
472 461 492 461 492 503 472 503
730 1289 766 1289 766 1331 730 1331
330 938 371 938 371 980 330 980
389 523 431 523 431 565 389 565
798 354 825 354 825 397 798 397
533 905 567 905 567 948 533 948
729 960 772 960 772 1003 729 1003
47 937 97 937 97 980 47 980
592 299 632 299 632 342 592 342
389 356 429 356 429 399 389 399
323 477 366 477 366 520 323 520
46 458 91 458 91 501 46 501
725 636 771 636 771 679 725 679
796 469 833 469 833 513 796 513
527 444 570 444 570 488 527 488
192 945 232 945 232 990 192 990
330 1321 371 1321 371 1366 330 1366
123 719 164 719 164 764 123 764
527 400 571 400 571 445 527 445
668 1302 699 1302 699 1348 668 1348
327 607 359 607 359 653 327 653
462 1230 502 1230 502 1276 462 1276
389 474 432 474 432 520 389 520
711 209 740 209 740 255 711 255
529 724 572 724 572 770 529 770
122 596 164 596 164 643 122 643
467 945 495 945 495 992 467 992
731 681 765 681 765 728 731 728
603 831 628 831 628 879 603 879
263 684 289 684 289 732 263 732
192 901 230 901 230 949 192 949
527 1014 575 1014 575 1063 527 1063
333 426 349 426 349 478 333 478
469 1157 505 1157 505 1209 469 1209
472 891 496 891 496 944 472 944
