794 376 805 376 805 383 794 383
221 1150 243 1150 243 1161 221 1161
706 611 720 611 720 622 706 622
693 1344 721 1344 721 1356 693 1356
232 1354 244 1354 244 1367 232 1367
841 1069 857 1069 857 1083 841 1083
553 1238 585 1238 585 1253 553 1253
222 1249 237 1249 237 1265 222 1265
763 1067 783 1067 783 1083 763 1083
902 1311 924 1311 924 1327 902 1327
696 287 715 287 715 304 696 304
562 590 582 590 582 607 562 607
422 602 442 602 442 619 422 619
353 615 373 615 373 632 353 632
411 328 450 328 450 345 411 345
286 428 307 428 307 446 286 446
220 1294 241 1294 241 1312 220 1312
358 1101 368 1101 368 1119 358 1119
149 751 169 751 169 769 149 769
761 747 781 747 781 765 761 765
150 849 168 849 168 868 150 868
891 1007 919 1007 919 1026 891 1026
221 582 240 582 240 601 221 601
559 937 579 937 579 956 559 956
347 848 380 848 380 867 347 867
886 1289 928 1289 928 1308 886 1308
275 482 318 482 318 501 275 501
354 1041 375 1041 375 1061 354 1061
283 584 309 584 309 604 283 604
552 1140 584 1140 584 1160 552 1160
227 832 243 832 243 853 227 853
816 556 857 556 857 577 816 577
891 415 925 415 925 436 891 436
766 1316 784 1316 784 1337 766 1337
145 1204 173 1204 173 1225 145 1225
141 421 176 421 176 442 141 442
432 240 469 240 469 261 432 261
693 1218 712 1218 712 1240 693 1240
698 1318 717 1318 717 1340 698 1340
136 1229 177 1229 177 1251 136 1251
355 1216 371 1216 371 1238 355 1238
898 983 917 983 917 1005 898 1005
353 988 372 988 372 1010 353 1010
142 1101 179 1101 179 1123 142 1123
835 315 847 315 847 338 835 338
764 876 783 876 783 899 764 899
559 1117 581 1117 581 1140 559 1140
776 387 801 387 801 410 776 410
419 821 448 821 448 844 419 844
694 841 711 841 711 865 694 865
763 1014 782 1014 782 1038 763 1038
151 1182 171 1182 171 1206 151 1206
287 561 307 561 307 585 287 585
832 1281 853 1281 853 1305 832 1305
278 456 311 456 311 480 278 480
213 606 251 606 251 630 213 630
412 293 455 293 455 317 412 317
777 412 798 412 798 436 777 436
827 1164 856 1164 856 1188 827 1188
683 1142 726 1142 726 1166 683 1166
695 933 711 933 711 957 695 957
561 748 581 748 581 772 561 772
214 359 243 359 243 383 214 383
686 1042 718 1042 718 1066 686 1066
553 774 589 774 589 798 553 798
753 1338 793 1338 793 1362 753 1362
545 1164 586 1164 586 1188 545 1188
773 436 804 436 804 461 773 461
819 1223 867 1223 867 1248 819 1248
356 554 370 554 370 579 356 579
495 436 516 436 516 461 495 461
352 402 375 402 375 427 352 427
422 794 445 794 445 819 422 819
820 718 853 718 853 743 820 743
157 940 191 940 191 965 157 965
885 1026 925 1026 925 1051 885 1051
768 1199 781 1199 781 1225 768 1225
152 561 169 561 169 587 152 587
830 648 851 648 851 674 830 674
228 725 256 725 256 751 228 751
350 1239 378 1239 378 1265 350 1265
157 393 188 393 188 419 157 419
892 1260 923 1260 923 1286 892 1286
775 351 810 351 810 377 775 377
549 1344 584 1344 584 1370 549 1370
213 806 251 806 251 832 213 832
136 1125 187 1125 187 1151 136 1151
149 1001 167 1001 167 1027 149 1027
145 480 168 480 168 506 145 506
887 1087 920 1087 920 1113 887 1113
891 320 928 320 928 346 891 346
887 638 924 638 924 664 887 664
415 624 456 624 456 650 415 650
145 495 189 495 189 521 145 521
422 541 439 541 439 567 422 567
886 803 926 803 926 829 886 829
895 696 916 696 916 723 895 723
218 885 249 885 249 912 218 912
402 191 433 191 433 218 402 218
690 623 722 623 722 650 690 650
753 1176 789 1176 789 1203 753 1203
832 413 848 413 848 440 832 440
225 628 244 628 244 655 225 655
220 518 239 518 239 545 220 545
141 1031 174 1031 174 1058 141 1058
755 1121 792 1121 792 1148 755 1148
684 1069 724 1069 724 1096 684 1096
214 778 257 778 257 805 214 805
632 705 649 705 649 733 632 733
351 1151 372 1151 372 1179 351 1179
280 605 314 605 314 633 280 633
214 752 253 752 253 780 214 780
343 870 382 870 382 898 343 898
347 1124 389 1124 389 1152 347 1152
285 368 302 368 302 396 285 396
149 692 169 692 169 720 149 720
348 289 384 289 384 317 348 317
752 1036 788 1036 788 1064 752 1064
551 994 589 994 589 1022 551 1022
356 821 372 821 372 849 356 849
631 429 655 429 655 457 631 457
196 192 229 192 229 220 196 220
549 960 589 960 589 988 549 988
554 325 595 325 595 353 554 353
139 862 185 862 185 890 139 890
156 445 170 445 170 474 156 474
492 365 509 365 509 394 492 394
631 358 649 358 649 387 631 387
821 1087 854 1087 854 1116 821 1116
144 321 179 321 179 350 144 350
886 667 926 667 926 696 886 696
759 771 791 771 791 800 759 800
756 900 791 900 791 929 756 929
417 654 455 654 455 683 417 683
681 963 723 963 723 992 681 992
289 494 306 494 306 523 289 523
427 721 445 721 445 750 427 750
145 589 175 589 175 618 145 618
550 1083 586 1083 586 1112 550 1112
821 1247 864 1247 864 1276 821 1276
761 685 778 685 778 715 761 715
899 437 916 437 916 467 899 467
755 1226 786 1226 786 1256 755 1256
758 1146 791 1146 791 1176 758 1176
412 846 450 846 450 876 412 876
896 1331 915 1331 915 1361 896 1361
889 865 918 865 918 895 889 895
756 934 796 934 796 964 756 964
553 1052 595 1052 595 1082 553 1082
152 1152 171 1152 171 1183 152 1183
216 655 249 655 249 686 216 686
214 1165 249 1165 249 1196 214 1196
826 843 861 843 861 874 826 874
140 659 183 659 183 690 140 690
223 852 243 852 243 883 223 883
147 967 171 967 171 998 147 998
689 428 718 428 718 459 689 459
560 522 577 522 577 553 560 553
754 713 785 713 785 744 754 744
415 566 446 566 446 597 415 597
821 747 859 747 859 778 821 778
699 396 714 396 714 428 699 428
358 710 382 710 382 742 358 742
689 311 724 311 724 343 689 343
821 522 857 522 857 554 821 554
753 618 790 618 790 650 753 650
549 904 590 904 590 936 549 936
685 504 727 504 727 536 685 536
559 874 579 874 579 906 559 906
761 1287 785 1287 785 1319 761 1319
755 1090 790 1090 790 1122 755 1122
142 720 177 720 177 752 142 752
348 581 379 581 379 614 348 614
553 646 594 646 594 679 553 679
415 686 457 686 457 719 415 719
747 651 792 651 792 684 747 684
832 577 846 577 846 610 832 610
286 525 310 525 310 558 286 558
483 584 516 584 516 617 483 617
213 1318 252 1318 252 1351 213 1351
137 624 182 624 182 657 137 657
916 1192 924 1192 924 1225 916 1225
354 639 372 639 372 672 354 672
150 775 169 775 169 808 150 808
692 902 714 902 714 935 692 935
147 351 171 351 171 384 147 384
346 1009 381 1009 381 1042 346 1042
225 228 260 228 260 261 225 261
212 1262 249 1262 249 1295 212 1295
622 455 659 455 659 488 622 488
349 1067 387 1067 387 1100 349 1100
346 1337 385 1337 385 1370 346 1370
891 602 910 602 910 636 891 636
215 389 240 389 240 423 215 423
559 615 585 615 585 649 559 649
628 638 657 638 657 672 628 672
828 1309 857 1309 857 1343 828 1343
758 190 788 190 788 224 758 224
281 393 311 393 311 427 281 427
547 841 591 841 591 875 547 875
631 673 648 673 648 707 631 707
896 380 922 380 922 414 896 414
889 342 924 342 924 376 889 376
354 363 381 363 381 398 354 398
215 544 247 544 247 579 215 579
419 755 452 755 452 790 419 790
347 1183 381 1183 381 1218 347 1218
227 189 262 189 262 224 227 224
693 1281 718 1281 718 1316 693 1316
217 688 243 688 243 723 217 723
830 1186 860 1186 860 1221 830 1221
554 552 587 552 587 587 554 587
279 335 313 335 313 370 279 370
756 549 791 549 791 584 756 584
560 674 595 674 595 709 560 709
829 611 860 611 860 646 829 646
210 325 253 325 253 361 210 361
883 1052 926 1052 926 1088 883 1088
560 706 573 706 573 742 560 742
560 389 577 389 577 425 560 425
560 289 588 289 588 325 560 325
547 803 589 803 589 839 547 839
144 285 168 285 168 321 144 321
684 867 729 867 729 903 684 903
625 319 657 319 657 356 625 356
825 339 860 339 860 376 825 376
347 324 384 324 384 361 347 361
212 1112 253 1112 253 1149 212 1149
485 546 515 546 515 583 485 583
624 387 656 387 656 424 624 424
344 1306 382 1306 382 1343 344 1343
341 950 386 950 386 987 341 987
890 726 918 726 918 764 890 764
827 441 858 441 858 479 827 479
826 371 859 371 859 409 826 409
559 354 593 354 593 392 559 392
346 231 382 231 382 269 346 269
211 957 248 957 248 995 211 995
682 800 727 800 727 838 682 838
140 1056 187 1056 187 1094 140 1094
145 808 177 808 177 846 145 846
484 396 517 396 517 434 484 434
751 511 789 511 789 549 751 549
886 1153 928 1153 928 1191 886 1191
546 1254 590 1254 590 1292 546 1292
887 567 917 567 917 605 887 605
889 830 922 830 922 868 889 868
886 1113 921 1113 921 1151 886 1151
688 574 729 574 729 612 688 612
822 480 864 480 864 518 822 518
887 769 919 769 919 808 887 808
758 580 792 580 792 619 758 619
484 459 519 459 519 498 484 498
562 1011 578 1011 578 1051 562 1051
152 522 175 522 175 562 152 562
211 917 249 917 249 957 211 957
753 1257 793 1257 793 1297 753 1297
343 434 386 434 386 474 343 474
548 1197 591 1197 591 1237 548 1237
555 190 593 190 593 230 555 230
827 678 846 678 846 718 827 718
351 672 384 672 384 712 351 712
686 1238 726 1238 726 1278 686 1278
412 400 453 400 453 440 412 440
350 776 376 776 376 817 350 817
213 986 249 986 249 1027 213 1027
619 490 660 490 660 531 619 531
882 943 930 943 930 984 882 984
816 1118 865 1118 865 1159 816 1159
688 535 722 535 722 576 688 576
345 521 382 521 382 562 345 562
358 743 372 743 372 784 358 784
352 190 380 190 380 231 352 231
211 424 255 424 255 465 211 465
349 478 379 478 379 520 349 520
625 733 656 733 656 775 625 775
756 228 794 228 794 270 756 270
550 427 593 427 593 469 550 469
221 284 236 284 236 327 221 327
888 520 922 520 922 563 888 563
152 892 175 892 175 935 152 935
891 474 920 474 920 517 891 517
820 1026 857 1026 857 1069 820 1069
885 897 923 897 923 940 885 940
749 462 793 462 793 505 749 505
422 351 451 351 451 395 422 395
214 1025 244 1025 244 1069 214 1069
685 654 720 654 720 698 685 698
215 470 253 470 253 514 215 514
414 446 459 446 459 491 414 491
822 974 859 974 859 1019 822 1019
758 831 787 831 787 877 758 877
626 530 653 530 653 577 626 577
484 499 522 499 522 546 484 546
686 702 725 702 725 749 686 749
768 798 776 798 776 845 768 845
686 1095 719 1095 719 1142 686 1142
483 316 523 316 523 363 483 363
684 1169 720 1169 720 1217 684 1217
206 1065 255 1065 255 1113 206 1113
549 474 588 474 588 522 549 522
820 926 865 926 865 974 820 974
282 287 314 287 314 335 282 335
752 963 787 963 787 1011 752 1011
683 993 720 993 720 1041 683 1041
213 1199 258 1199 258 1247 213 1247
822 876 861 876 861 925 822 925
344 1268 387 1268 387 1317 344 1317
824 789 865 789 865 838 824 838
763 286 782 286 782 336 763 336
414 489 448 489 448 541 414 541
344 898 383 898 383 952 344 952
684 342 723 342 723 396 684 396
617 579 660 579 660 635 617 635
479 622 523 622 523 682 479 682
