605 1300 639 1300 639 1317 605 1317
200 1039 216 1039 216 1056 200 1056
758 622 779 622 779 639 758 639
814 784 852 784 852 801 814 801
621 1194 636 1194 636 1212 621 1212
546 613 565 613 565 631 546 631
261 1313 281 1313 281 1331 261 1331
675 1265 714 1265 714 1283 675 1283
757 763 768 763 768 781 757 781
127 987 146 987 146 1005 127 1005
609 644 644 644 644 662 609 662
274 967 286 967 286 986 274 986
193 1346 212 1346 212 1365 193 1365
127 610 149 610 149 629 127 629
544 986 566 986 566 1005 544 1005
59 1378 73 1378 73 1398 59 1398
267 912 287 912 287 932 267 932
260 1094 280 1094 280 1114 260 1114
477 307 498 307 498 327 477 327
192 919 226 919 226 939 192 939
753 1084 773 1084 773 1104 753 1104
194 544 216 544 216 565 194 565
58 903 80 903 80 924 58 924
266 657 285 657 285 678 266 678
58 545 79 545 79 567 58 567
196 945 217 945 217 967 196 967
50 1356 89 1356 89 1378 50 1378
677 1399 718 1399 718 1421 677 1421
827 761 842 761 842 783 827 783
611 1249 635 1249 635 1271 611 1271
402 1072 424 1072 424 1095 402 1095
63 602 76 602 76 625 63 625
542 1247 569 1247 569 1270 542 1270
122 798 149 798 149 822 122 822
117 1070 163 1070 163 1094 117 1094
605 1392 650 1392 650 1416 605 1416
334 1301 354 1301 354 1325 334 1325
599 1096 641 1096 641 1120 599 1120
601 907 648 907 648 932 601 932
199 483 215 483 215 509 199 509
753 819 778 819 778 845 753 845
192 724 219 724 219 750 192 750
615 842 633 842 633 868 615 868
250 1189 295 1189 295 1215 250 1215
250 1363 299 1363 299 1389 250 1389
750 311 790 311 790 337 750 337
126 922 142 922 142 949 126 949
619 526 648 526 648 553 619 553
824 627 842 627 842 654 824 654
547 546 567 546 567 573 547 573
603 1064 641 1064 641 1091 603 1091
54 693 82 693 82 721 54 721
269 585 287 585 287 613 269 613
265 754 285 754 285 782 265 782
469 493 497 493 497 521 469 521
608 1272 639 1272 639 1300 608 1300
545 638 578 638 578 666 545 666
540 310 578 310 578 338 540 338
276 225 300 225 300 253 276 253
546 738 570 738 570 766 546 766
547 268 592 268 592 296 547 296
336 344 357 344 357 373 336 373
544 1167 566 1167 566 1196 544 1196
622 557 647 557 647 586 622 586
260 1029 289 1029 289 1058 260 1058
120 1009 152 1009 152 1038 120 1038
610 1036 626 1036 626 1065 610 1065
757 547 778 547 778 576 757 576
688 644 714 644 714 673 688 673
122 634 151 634 151 663 122 663
189 599 218 599 218 628 189 628
466 553 500 553 500 582 466 582
468 1346 507 1346 507 1375 468 1375
826 800 845 800 845 830 826 830
686 918 709 918 709 948 686 948
193 567 224 567 224 597 193 597
270 1282 302 1282 302 1312 270 1312
748 646 789 646 789 676 748 676
541 707 572 707 572 737 541 737
746 1349 778 1349 778 1379 746 1379
190 967 224 967 224 997 190 997
332 1141 367 1141 367 1171 332 1171
605 739 641 739 641 769 605 769
817 733 856 733 856 763 817 763
672 581 713 581 713 611 672 611
602 1161 646 1161 646 1191 602 1191
323 998 361 998 361 1029 323 1029
604 931 646 931 646 962 604 962
475 854 493 854 493 885 475 885
200 850 219 850 219 881 200 881
266 393 285 393 285 424 266 424
259 1249 279 1249 279 1280 259 1280
616 430 645 430 645 461 616 461
46 662 88 662 88 693 46 693
116 701 161 701 161 732 116 732
676 792 722 792 722 823 676 823
116 765 162 765 162 796 116 796
55 472 75 472 75 503 55 503
761 340 781 340 781 371 761 371
674 1086 710 1086 710 1117 674 1117
462 582 503 582 503 613 462 613
463 1271 504 1271 504 1302 463 1302
814 543 856 543 856 574 814 574
415 1314 423 1314 423 1346 415 1346
404 734 424 734 424 766 404 766
471 1240 492 1240 492 1272 471 1272
755 1315 777 1315 777 1347 755 1347
51 569 82 569 82 601 51 601
263 307 296 307 296 339 263 339
476 334 510 334 510 366 476 366
818 698 855 698 855 730 818 730
183 687 226 687 226 719 183 719
605 607 652 607 652 639 605 639
811 1166 860 1166 860 1198 811 1198
264 838 286 838 286 870 264 870
684 1230 709 1230 709 1262 684 1262
260 933 292 933 292 965 260 965
613 576 647 576 647 608 613 608
464 1056 501 1056 501 1088 464 1088
465 731 509 731 509 763 465 763
399 604 431 604 431 637 399 637
269 1062 308 1062 308 1095 269 1095
688 1332 727 1332 727 1365 688 1365
52 1391 96 1391 96 1424 52 1424
121 1038 150 1038 150 1071 121 1071
611 456 657 456 657 489 611 489
121 539 145 539 145 572 121 572
57 962 83 962 83 995 57 995
472 414 501 414 501 447 472 447
620 488 655 488 655 521 620 521
261 992 296 992 296 1025 261 1025
270 254 307 254 307 287 270 287
118 1346 158 1346 158 1379 118 1379
189 652 229 652 229 685 189 685
263 1336 284 1336 284 1370 263 1370
202 311 229 311 229 345 202 345
327 1066 358 1066 358 1100 327 1100
324 1031 364 1031 364 1065 324 1065
534 949 574 949 574 983 534 983
326 1171 370 1171 370 1205 326 1205
393 1344 439 1344 439 1378 393 1378
615 808 633 808 633 842 615 842
541 915 564 915 564 949 541 949
119 350 148 350 148 384 119 384
326 782 361 782 361 816 326 816
539 767 576 767 576 801 539 801
395 403 436 403 436 437 395 437
116 1173 161 1173 161 1207 116 1207
114 468 159 468 159 502 114 502
43 1234 89 1234 89 1268 43 1268
55 1042 101 1042 101 1076 55 1076
747 470 794 470 794 504 747 504
189 880 226 880 226 915 189 915
181 1309 225 1309 225 1344 181 1344
118 730 165 730 165 765 118 765
536 1381 585 1381 585 1416 536 1416
391 853 441 853 441 888 391 888
190 508 227 508 227 543 190 543
535 1354 576 1354 576 1389 535 1389
741 1379 783 1379 783 1414 741 1414
600 1359 649 1359 649 1394 600 1394
683 610 705 610 705 645 683 645
473 520 496 520 496 555 473 555
50 926 82 926 82 961 50 961
116 571 157 571 157 606 116 606
678 1199 720 1199 720 1234 678 1234
397 1194 440 1194 440 1229 397 1229
326 456 373 456 373 491 326 491
53 1124 82 1124 82 1160 53 1160
519 233 549 233 549 269 519 269
262 681 293 681 293 717 262 717
472 454 505 454 505 490 472 490
45 1161 86 1161 86 1197 45 1197
44 625 91 625 91 661 44 661
529 1316 578 1316 578 1352 529 1352
684 1167 714 1167 714 1203 684 1203
752 1233 786 1233 786 1269 752 1269
747 852 782 852 782 888 747 888
327 1102 365 1102 365 1138 327 1138
253 1385 294 1385 294 1421 253 1421
537 1128 581 1128 581 1164 537 1164
50 1271 81 1271 81 1308 50 1308
539 387 578 387 578 424 539 424
746 1110 789 1110 789 1147 746 1147
814 507 857 507 857 544 814 544
531 1009 575 1009 575 1046 531 1046
391 815 436 815 436 852 391 852
391 1031 426 1031 426 1068 391 1068
678 443 714 443 714 480 678 480
397 1279 434 1279 434 1316 397 1316
396 1381 433 1381 433 1418 396 1418
120 1381 158 1381 158 1418 120 1418
116 390 158 390 158 427 116 427
467 653 509 653 509 690 467 690
49 821 86 821 86 858 49 858
190 410 229 410 229 447 190 447
468 1017 509 1017 509 1054 468 1054
536 471 577 471 577 508 536 508
537 571 578 571 578 608 537 608
467 1136 510 1136 510 1173 467 1173
117 500 163 500 163 537 117 537
182 621 228 621 228 658 182 658
745 506 796 506 796 543 745 543
320 1330 371 1330 371 1367 320 1367
337 608 359 608 359 646 337 646
330 417 354 417 354 455 330 455
331 533 370 533 370 571 331 571
117 947 158 947 158 985 117 985
532 509 585 509 585 547 532 547
544 1090 560 1090 560 1128 544 1128
45 500 84 500 84 538 45 538
251 1212 293 1212 293 1250 251 1250
255 869 298 869 298 907 255 907
332 1258 354 1258 354 1297 332 1297
604 1207 632 1207 632 1246 604 1246
118 1136 157 1136 157 1175 118 1175
326 748 366 748 366 787 326 787
466 975 507 975 507 1014 466 1014
766 371 786 371 786 410 766 410
126 664 147 664 147 703 126 703
235 228 267 228 267 267 235 267
686 755 720 755 720 794 686 794
679 948 714 948 714 987 679 987
397 566 436 566 436 605 397 605
259 614 298 614 298 653 259 653
535 671 576 671 576 710 535 710
183 999 224 999 224 1038 183 1038
115 1264 158 1264 158 1303 115 1303
324 1368 371 1368 371 1407 324 1407
674 1360 721 1360 721 1399 674 1399
602 869 650 869 650 908 602 908
395 489 436 489 436 528 395 528
186 444 229 444 229 483 186 483
181 1270 224 1270 224 1309 181 1309
324 577 369 577 369 616 324 616
114 425 167 425 167 464 114 464
265 1117 281 1117 281 1157 265 1157
814 656 851 656 851 696 814 696
48 860 88 860 88 900 48 900
42 1006 87 1006 87 1046 42 1046
468 372 505 372 505 412 468 412
747 1041 785 1041 785 1081 747 1081
749 1191 788 1191 788 1231 749 1231
182 1100 223 1100 223 1140 182 1140
262 1153 282 1153 282 1194 262 1194
49 1312 83 1312 83 1353 49 1353
394 986 428 986 428 1027 394 1027
48 1196 83 1196 83 1237 48 1237
115 825 157 825 157 866 115 866
459 1377 509 1377 509 1418 459 1418
539 1048 574 1048 574 1089 539 1089
814 974 851 974 851 1015 814 1015
605 659 645 659 645 700 605 700
112 1303 157 1303 157 1344 112 1344
680 992 710 992 710 1033 680 1033
680 398 713 398 713 439 680 439
621 390 648 390 648 432 621 432
616 348 650 348 650 390 616 390
821 413 857 413 857 455 821 455
747 575 790 575 790 617 747 617
808 1121 859 1121 859 1163 808 1163
398 642 429 642 429 684 398 684
470 1090 505 1090 505 1132 470 1132
680 715 722 715 722 757 680 757
324 864 369 864 369 906 324 906
178 1138 235 1138 235 1180 178 1180
680 673 707 673 707 716 680 716
396 1098 429 1098 429 1141 396 1141
745 1007 787 1007 787 1050 745 1050
750 419 793 419 793 462 750 462
605 698 648 698 648 741 605 741
745 1148 791 1148 791 1191 745 1191
127 1096 145 1096 145 1139 127 1139
400 443 435 443 435 486 400 486
537 342 575 342 575 385 537 385
462 1303 508 1303 508 1346 462 1346
536 424 583 424 583 467 536 467
256 715 305 715 305 758 256 758
465 810 516 810 516 853 465 853
755 720 774 720 774 763 755 763
120 304 145 304 145 347 120 347
603 1118 640 1118 640 1161 603 1161
745 781 792 781 792 824 745 824
322 820 368 820 368 864 322 864
682 483 709 483 709 527 682 527
257 426 301 426 301 470 257 470
393 1234 440 1234 440 1278 393 1278
810 1013 848 1013 848 1058 810 1058
478 885 493 885 493 930 478 930
191 1371 206 1371 206 1416 191 1416
466 686 512 686 512 731 466 731
743 679 794 679 794 724 743 724
256 339 303 339 303 384 256 384
597 1318 644 1318 644 1363 597 1363
327 911 362 911 362 957 327 957
527 1271 581 1271 581 1317 527 1317
755 1270 773 1270 773 1316 755 1316
471 760 499 760 499 806 471 806
814 833 858 833 858 879 814 879
43 724 91 724 91 770 43 770
330 488 369 488 369 535 330 535
466 931 503 931 503 978 466 978
682 820 724 820 724 867 682 867
319 699 366 699 366 746 319 746
818 924 848 924 848 971 818 971
675 1117 718 1117 718 1164 675 1164
186 800 231 800 231 847 186 847
405 766 425 766 425 814 405 814
323 954 370 954 370 1002 323 1002
45 1079 95 1079 95 1127 45 1127
682 1034 708 1034 708 1082 682 1082
187 1051 213 1051 213 1099 187 1099
328 647 362 647 362 695 328 695
395 525 426 525 426 574 395 574
181 1230 223 1230 223 1279 181 1279
324 372 369 372 369 421 324 421
535 805 588 805 588 854 535 854
599 957 650 957 650 1006 599 1006
599 1005 642 1005 642 1054 599 1054
673 866 721 866 721 915 673 915
678 527 708 527 708 578 678 578
750 891 792 891 792 942 750 942
811 873 853 873 853 924 811 924
399 886 423 886 423 937 399 937
189 753 224 753 224 804 189 804
813 577 855 577 855 628 813 628
533 1196 580 1196 580 1248 533 1248
819 1062 849 1062 849 1114 819 1114
692 1279 700 1279 700 1332 692 1332
680 347 721 347 721 400 680 400
47 416 88 416 88 469 47 469
389 1142 435 1142 435 1195 389 1195
255 784 296 784 296 837 255 837
821 457 846 457 846 511 821 511
391 682 437 682 437 736 391 736
43 305 92 305 92 359 43 359
201 347 215 347 215 402 201 402
110 1209 169 1209 169 1264 110 1264
48 769 86 769 86 824 48 824
392 342 437 342 437 397 392 397
46 365 93 365 93 421 46 421
180 1176 222 1176 222 1233 180 1233
258 536 304 536 304 594 258 594
116 860 158 860 158 919 116 919
254 474 292 474 292 534 254 534
813 349 853 349 853 410 813 410
535 853 578 853 578 914 535 914
322 1202 362 1202 362 1264 322 1264
745 947 791 947 791 1010 745 1010
