822 1267 857 1267 857 1276 822 1276
422 1128 448 1128 448 1145 422 1145
418 762 451 762 451 779 418 779
832 1154 848 1154 848 1171 832 1171
896 1157 922 1157 922 1174 896 1174
615 597 661 597 661 614 615 614
826 1004 854 1004 854 1021 826 1021
416 892 447 892 447 910 416 910
555 371 586 371 586 390 555 390
830 804 842 804 842 823 830 823
559 639 579 639 579 658 559 658
829 952 849 952 849 971 829 971
491 1013 510 1013 510 1033 491 1033
356 982 376 982 376 1002 356 1002
421 464 443 464 443 484 421 484
690 844 718 844 718 864 690 864
424 776 447 776 447 796 424 796
285 1197 311 1197 311 1217 285 1217
351 1191 381 1191 381 1211 351 1211
901 1053 922 1053 922 1074 901 1074
562 1267 583 1267 583 1288 562 1288
897 1031 921 1031 921 1052 897 1052
415 935 446 935 446 956 415 956
493 1122 509 1122 509 1143 493 1143
490 667 512 667 512 688 490 688
891 425 924 425 924 446 891 446
619 575 652 575 652 596 619 596
483 815 515 815 515 836 483 836
690 539 723 539 723 560 690 560
823 563 856 563 856 585 823 585
692 563 727 563 727 585 692 585
145 659 183 659 183 681 145 681
684 359 724 359 724 381 684 381
683 1128 731 1128 731 1150 683 1150
630 932 643 932 643 954 630 954
696 486 715 486 715 508 696 508
152 602 173 602 173 624 152 624
491 1142 512 1142 512 1164 491 1164
892 536 922 536 922 558 892 558
621 1116 652 1116 652 1138 621 1138
687 823 722 823 722 845 687 845
832 779 851 779 851 802 832 802
560 1003 583 1003 583 1026 560 1026
762 925 781 925 781 948 762 948
700 1290 719 1290 719 1313 700 1313
761 782 785 782 785 806 761 806
766 399 779 399 779 423 766 423
360 520 378 520 378 544 360 544
290 499 312 499 312 523 290 523
481 1254 515 1254 515 1278 481 1278
351 694 393 694 393 719 351 719
691 1345 734 1345 734 1370 691 1370
696 328 713 328 713 353 696 353
632 478 651 478 651 503 632 503
147 774 182 774 182 799 147 799
891 884 926 884 926 909 891 909
685 1192 722 1192 722 1217 685 1217
360 1167 375 1167 375 1193 360 1193
765 1308 786 1308 786 1334 765 1334
285 1122 317 1122 317 1148 285 1148
345 1211 387 1211 387 1237 345 1237
561 1217 579 1217 579 1243 561 1243
356 1072 373 1072 373 1098 356 1098
757 1337 797 1337 797 1363 757 1363
692 673 718 673 718 700 692 700
757 1156 784 1156 784 1183 757 1183
410 954 450 954 450 981 410 981
483 1033 512 1033 512 1060 483 1060
345 459 388 459 388 486 345 486
412 834 456 834 456 861 412 861
830 390 846 390 846 418 830 418
154 750 174 750 174 778 154 778
489 789 510 789 510 817 489 817
149 213 182 213 182 241 149 241
485 301 519 301 519 329 485 329
818 365 855 365 855 393 818 393
614 450 654 450 654 478 614 478
479 733 522 733 522 761 479 761
898 510 914 510 914 538 898 538
901 1241 918 1241 918 1269 901 1269
424 908 442 908 442 936 424 936
897 707 917 707 917 735 897 735
830 1061 850 1061 850 1089 830 1089
483 1168 518 1168 518 1196 483 1196
284 1289 322 1289 322 1317 284 1317
142 798 188 798 188 826 142 826
360 720 374 720 374 748 360 748
359 744 376 744 376 772 359 772
894 399 916 399 916 427 894 427
828 1235 862 1235 862 1263 828 1263
480 955 517 955 517 983 480 983
617 1019 660 1019 660 1047 617 1047
620 416 663 416 663 444 620 444
752 1133 795 1133 795 1161 752 1161
891 1340 937 1340 937 1368 891 1368
892 368 916 368 916 397 892 397
757 1225 788 1225 788 1254 757 1254
827 1206 859 1206 859 1235 827 1235
149 346 183 346 183 375 149 375
284 560 320 560 320 589 284 589
157 547 173 547 173 576 157 576
828 845 844 845 844 874 828 874
902 1210 918 1210 918 1239 902 1239
629 732 646 732 646 761 629 761
832 1336 859 1336 859 1365 832 1365
826 899 854 899 854 928 826 928
549 832 584 832 584 861 549 861
691 1263 729 1263 729 1292 691 1292
344 817 385 817 385 846 344 846
560 947 577 947 577 976 560 976
897 816 917 816 917 845 897 845
484 984 517 984 517 1013 484 1013
687 700 724 700 724 729 687 729
898 1128 918 1128 918 1158 898 1158
423 701 445 701 445 731 423 731
416 730 449 730 449 760 416 760
553 1235 589 1235 589 1265 553 1265
283 1348 319 1348 319 1378 283 1378
820 871 860 871 860 901 820 901
553 1330 595 1330 595 1360 553 1360
621 822 644 822 644 852 621 852
757 603 788 603 788 633 757 633
150 573 184 573 184 603 150 603
418 395 453 395 453 425 418 425
687 508 722 508 722 538 687 538
551 974 591 974 591 1004 551 1004
158 405 181 405 181 436 158 436
694 864 723 864 723 895 694 895
286 736 318 736 318 767 286 767
688 788 721 788 721 819 688 819
755 572 790 572 790 603 755 603
419 1095 459 1095 459 1126 419 1126
414 298 455 298 455 329 414 329
147 520 192 520 192 551 147 551
632 949 642 949 642 980 632 980
563 390 579 390 579 421 563 421
492 362 509 362 509 393 492 393
485 572 515 572 515 603 485 603
214 301 246 301 246 332 214 332
351 628 388 628 388 659 351 659
553 505 590 505 590 536 553 536
556 253 597 253 597 284 556 284
560 575 578 575 578 606 560 606
888 791 924 791 924 822 888 822
284 435 320 435 320 466 284 466
619 797 657 797 657 828 619 828
347 1038 395 1038 395 1069 347 1069
829 529 850 529 850 561 829 561
283 302 315 302 315 334 283 334
349 951 383 951 383 983 349 983
220 368 245 368 245 400 220 400
419 860 445 860 445 892 419 892
487 392 516 392 516 424 487 424
349 923 381 923 381 955 349 955
690 456 723 456 723 488 690 488
545 865 595 865 595 897 545 897
351 1273 386 1273 386 1306 351 1306
619 855 655 855 655 888 619 888
890 959 933 959 933 992 890 992
281 591 325 591 325 624 281 624
818 926 863 926 863 959 818 959
821 1279 869 1279 869 1312 821 1312
422 553 437 553 437 586 422 586
153 627 172 627 172 660 153 660
288 466 314 466 314 499 288 499
626 1049 656 1049 656 1082 626 1082
347 1300 385 1300 385 1333 347 1333
896 331 915 331 915 364 896 364
420 520 445 520 445 553 420 553
490 634 516 634 516 667 490 667
754 541 788 541 788 574 754 574
280 521 323 521 323 554 280 554
624 503 643 503 643 537 624 537
899 1269 920 1269 920 1303 899 1303
156 371 181 371 181 405 156 405
349 1101 382 1101 382 1135 349 1135
554 606 589 606 589 640 554 640
415 487 455 487 455 521 415 521
756 1064 797 1064 797 1098 756 1098
823 673 865 673 865 707 823 707
838 1299 847 1299 847 1334 838 1334
485 601 516 601 516 636 485 636
150 484 183 484 183 519 150 519
152 243 187 243 187 278 152 278
756 986 791 986 791 1021 756 1021
754 895 791 895 791 930 754 930
348 485 386 485 386 520 348 520
758 1097 798 1097 798 1132 758 1132
483 469 523 469 523 504 483 504
347 419 390 419 390 454 347 454
758 712 786 712 786 747 758 747
485 755 513 755 513 790 485 790
553 660 584 660 584 695 553 695
752 748 785 748 785 783 752 783
688 893 722 893 722 928 688 928
416 328 454 328 454 363 416 363
485 694 525 694 525 729 485 729
689 420 729 420 729 455 689 455
630 1082 649 1082 649 1117 630 1117
489 534 509 534 509 569 489 569
692 1313 727 1313 727 1348 692 1348
347 1237 387 1237 387 1272 347 1272
753 635 796 635 796 670 753 670
289 767 308 767 308 803 289 803
820 637 855 637 855 673 820 673
554 1027 593 1027 593 1063 554 1063
416 667 456 667 456 703 416 703
483 836 527 836 527 872 483 872
344 1007 388 1007 388 1043 344 1043
820 971 872 971 872 1007 820 1007
554 744 583 744 583 780 554 780
417 1292 449 1292 449 1328 417 1328
282 1085 322 1085 322 1121 282 1121
687 1010 728 1010 728 1046 687 1046
349 1133 391 1133 391 1169 349 1169
816 813 859 813 859 849 816 849
822 455 856 455 856 491 822 491
888 1299 928 1299 928 1335 888 1335
820 1120 862 1120 862 1156 820 1156
695 1050 712 1050 712 1087 695 1087
422 800 444 800 444 837 422 837
560 335 583 335 583 372 560 372
823 1169 853 1169 853 1206 823 1206
691 1086 722 1086 722 1123 691 1123
554 1096 587 1096 587 1133 554 1133
622 761 657 761 657 798 622 798
279 399 315 399 315 436 279 436
896 1177 916 1177 916 1214 896 1214
484 916 518 916 518 953 484 953
345 302 386 302 386 339 345 339
298 1009 305 1009 305 1047 298 1047
496 330 510 330 510 368 496 368
154 679 171 679 171 717 154 717
286 337 307 337 307 375 286 375
828 327 852 327 852 365 828 365
480 1326 515 1326 515 1364 480 1364
419 361 455 361 455 399 419 399
549 1294 586 1294 586 1332 549 1332
550 537 593 537 593 575 550 575
281 881 314 881 314 919 281 919
689 382 723 382 723 420 689 420
560 1060 576 1060 576 1098 560 1098
628 649 647 649 647 687 628 687
285 1311 311 1311 311 1349 285 1349
820 491 856 491 856 529 820 529
889 848 926 848 926 886 889 886
617 537 655 537 655 575 617 575
231 401 241 401 241 440 231 440
562 298 584 298 584 337 562 337
889 627 929 627 929 666 889 666
419 584 446 584 446 623 419 623
149 712 179 712 179 751 149 751
889 559 923 559 923 598 889 598
350 886 386 886 386 925 350 925
481 501 520 501 520 540 481 540
619 892 658 892 658 931 619 931
481 1053 527 1053 527 1092 481 1092
560 708 572 708 572 748 560 748
754 501 787 501 787 541 754 541
346 332 379 332 379 372 346 372
754 461 797 461 797 501 754 501
819 741 856 741 856 781 819 781
758 1021 799 1021 799 1061 758 1061
836 1088 855 1088 855 1128 836 1128
561 420 583 420 583 460 561 460
353 657 389 657 389 697 353 697
352 588 394 588 394 628 352 628
423 422 448 422 448 463 423 463
551 1133 595 1133 595 1174 551 1174
289 803 305 803 305 844 289 844
571 691 592 691 592 732 571 732
625 688 656 688 656 729 625 729
355 772 386 772 386 813 355 813
822 417 855 417 855 458 822 458
823 1020 858 1020 858 1061 823 1061
413 1246 452 1246 452 1287 413 1287
753 424 793 424 793 465 753 465
684 928 726 928 726 969 684 969
759 947 802 947 802 988 759 988
275 841 320 841 320 882 275 882
288 1250 312 1250 312 1291 288 1291
621 972 647 972 647 1013 621 1013
754 328 786 328 786 369 754 369
417 623 451 623 451 664 417 664
909 587 921 587 921 629 909 629
752 672 798 672 798 714 752 714
349 544 387 544 387 586 349 586
686 1221 726 1221 726 1263 686 1263
481 425 525 425 525 467 481 467
148 439 194 439 194 481 148 481
350 1330 384 1330 384 1373 350 1373
495 1081 503 1081 503 1124 495 1124
892 992 933 992 933 1035 892 1035
154 302 176 302 176 345 154 345
889 668 930 668 930 711 889 711
553 459 597 459 597 502 553 502
687 967 721 967 721 1011 687 1011
483 1282 518 1282 518 1326 483 1326
628 1140 649 1140 649 1185 628 1185
415 1003 447 1003 447 1048 415 1048
413 1047 453 1047 453 1092 413 1092
623 325 656 325 656 370 623 370
277 1041 324 1041 324 1086 277 1086
349 372 382 372 382 417 349 417
759 804 781 804 781 850 759 850
755 846 797 846 797 892 755 892
344 844 388 844 388 890 344 890
686 623 724 623 724 669 686 669
410 1323 453 1323 453 1370 410 1370
280 964 315 964 315 1011 280 1011
283 690 320 690 320 737 283 737
617 368 657 368 657 416 617 416
413 1196 456 1196 456 1244 413 1244
549 1169 602 1169 602 1217 549 1217
486 1199 514 1199 514 1247 486 1247
550 784 588 784 588 832 550 832
684 1142 724 1142 724 1191 684 1191
700 583 708 583 708 633 700 633
421 1147 447 1147 447 1197 421 1197
478 871 520 871 520 921 478 921
824 586 861 586 861 637 824 637
826 696 843 696 843 747 826 747
280 1147 315 1147 315 1198 280 1198
891 1074 926 1074 926 1125 891 1125
550 896 596 896 596 947 550 947
282 913 320 913 320 965 282 965
755 1253 793 1253 793 1305 755 1305
633 604 643 604 643 656 633 656
889 908 928 908 928 962 889 962
889 736 924 736 924 792 889 792
686 729 720 729 720 788 686 788
890 447 925 447 925 510 890 510
