892 1158 931 1158 931 1167 892 1167
476 368 502 368 502 380 476 380
615 1290 644 1290 644 1302 615 1302
122 1289 149 1289 149 1302 122 1302
475 831 500 831 500 845 475 845
198 594 226 594 226 608 198 608
617 1000 648 1000 648 1015 617 1015
676 445 722 445 722 460 676 460
893 1136 920 1136 920 1152 893 1152
126 320 155 320 155 336 126 336
755 439 795 439 795 456 755 456
478 1163 503 1163 503 1181 478 1181
477 705 504 705 504 723 477 723
675 1085 717 1085 717 1103 675 1103
544 1002 577 1002 577 1020 544 1020
469 639 517 639 517 657 469 657
263 1028 293 1028 293 1047 263 1047
686 542 710 542 710 562 686 562
682 827 714 827 714 847 682 847
676 1187 721 1187 721 1207 676 1207
608 1122 660 1122 660 1142 608 1142
625 371 643 371 643 391 625 391
262 383 295 383 295 403 262 403
399 1208 436 1208 436 1228 399 1228
829 1355 847 1355 847 1375 829 1375
341 562 359 562 359 582 341 582
466 525 510 525 510 545 466 545
757 1378 777 1378 777 1399 757 1399
621 1401 643 1401 643 1422 621 1422
402 575 433 575 433 596 402 596
536 1343 582 1343 582 1365 536 1365
673 559 726 559 726 581 673 581
680 1165 712 1165 712 1187 680 1187
470 554 510 554 510 576 470 576
196 1275 215 1275 215 1297 196 1297
685 1143 705 1143 705 1165 685 1165
121 1114 163 1114 163 1136 121 1136
613 776 646 776 646 799 613 799
192 1075 227 1075 227 1098 192 1098
540 1177 580 1177 580 1200 540 1200
542 404 588 404 588 427 542 427
610 1024 656 1024 656 1047 610 1047
408 515 427 515 427 539 408 539
403 1399 430 1399 430 1423 403 1423
399 1338 440 1338 440 1362 399 1362
545 322 578 322 578 346 545 346
679 925 715 925 715 949 679 949
267 1267 288 1267 288 1291 267 1291
477 1398 498 1398 498 1422 477 1422
763 905 785 905 785 929 763 929
680 416 715 416 715 440 680 440
552 848 572 848 572 873 552 873
829 1110 849 1110 849 1135 829 1135
403 402 441 402 441 427 403 427
746 1352 785 1352 785 1377 746 1377
748 1131 797 1131 797 1156 748 1156
410 1096 431 1096 431 1121 410 1121
896 604 920 604 920 629 896 629
473 1226 508 1226 508 1251 473 1251
609 933 648 933 648 958 609 958
751 1398 792 1398 792 1423 751 1423
406 1124 432 1124 432 1150 406 1150
470 447 507 447 507 473 470 473
467 918 507 918 507 944 467 944
758 1287 775 1287 775 1313 758 1313
478 1021 496 1021 496 1047 478 1047
260 634 294 634 294 660 260 660
472 760 507 760 507 786 472 786
397 1179 432 1179 432 1205 397 1205
751 788 788 788 788 814 751 814
339 534 358 534 358 560 339 560
690 319 710 319 710 345 690 345
262 861 294 861 294 887 262 887
122 342 160 342 160 368 122 368
135 895 149 895 149 922 135 922
551 1198 569 1198 569 1225 551 1225
757 932 787 932 787 959 757 959
259 832 299 832 299 859 259 859
615 1050 656 1050 656 1077 615 1077
817 887 858 887 858 914 817 914
758 1230 776 1230 776 1257 758 1257
200 789 221 789 221 816 200 816
265 1371 292 1371 292 1398 265 1398
677 1257 717 1257 717 1284 677 1284
891 979 930 979 930 1007 891 1007
759 961 785 961 785 989 759 989
128 708 155 708 155 736 128 736
678 1330 717 1330 717 1358 678 1358
480 467 497 467 497 495 480 495
690 799 709 799 709 827 690 827
822 1324 855 1324 855 1352 822 1352
611 600 646 600 646 628 611 628
892 1071 928 1071 928 1099 892 1099
687 768 711 768 711 797 687 797
263 1236 302 1236 302 1265 263 1265
545 666 579 666 579 695 545 695
676 849 717 849 717 878 676 878
341 317 362 317 362 347 341 347
757 755 786 755 786 785 757 785
894 631 929 631 929 661 894 661
892 810 927 810 927 840 892 840
749 1156 785 1156 785 1186 749 1186
751 724 787 724 787 754 751 754
400 836 438 836 438 866 400 866
891 667 930 667 930 697 891 697
610 805 649 805 649 835 610 835
134 676 154 676 154 706 134 706
127 1220 148 1220 148 1250 127 1250
118 1307 155 1307 155 1337 118 1337
125 827 164 827 164 857 125 857
819 1186 866 1186 866 1216 819 1216
267 994 288 994 288 1025 267 1025
403 1224 425 1224 425 1255 403 1255
471 1293 500 1293 500 1324 471 1324
267 1198 296 1198 296 1229 267 1229
888 1200 923 1200 923 1231 888 1231
264 512 300 512 300 543 264 543
681 1392 718 1392 718 1423 681 1423
466 494 507 494 507 525 466 525
187 868 229 868 229 899 187 899
202 756 220 756 220 787 202 787
477 1362 496 1362 496 1393 477 1393
894 773 926 773 926 804 894 804
756 320 790 320 790 351 756 351
614 1370 648 1370 648 1401 614 1401
752 509 787 509 787 540 752 540
544 583 579 583 579 614 544 614
827 1378 863 1378 863 1409 827 1409
189 323 231 323 231 354 189 354
271 445 290 445 290 477 271 477
403 1363 432 1363 432 1395 403 1395
613 1342 646 1342 646 1374 613 1374
190 1300 223 1300 223 1332 190 1332
122 603 158 603 158 635 122 635
124 1048 161 1048 161 1080 124 1080
541 1064 580 1064 580 1096 541 1096
891 320 932 320 932 352 891 352
745 1257 794 1257 794 1289 745 1289
682 390 713 390 713 422 682 422
126 520 162 520 162 552 126 552
891 698 927 698 927 730 891 730
901 489 916 489 916 522 901 522
134 1140 156 1140 156 1173 134 1173
895 892 928 892 928 925 895 925
473 1049 506 1049 506 1082 473 1082
474 413 510 413 510 446 474 446
191 399 228 399 228 432 191 432
614 428 651 428 651 461 614 461
696 984 717 984 717 1017 696 1017
476 882 498 882 498 915 476 915
335 468 364 468 364 501 335 501
399 1259 428 1259 428 1292 399 1292
126 927 157 927 157 960 126 960
820 545 852 545 852 578 820 578
613 509 648 509 648 542 613 542
546 1263 582 1263 582 1296 546 1296
197 649 233 649 233 682 197 682
124 405 161 405 161 438 124 438
682 1012 719 1012 719 1045 682 1045
259 1048 298 1048 298 1081 259 1081
257 1166 302 1166 302 1199 257 1199
566 371 576 371 576 404 566 404
474 577 509 577 509 610 474 610
195 446 232 446 232 479 195 479
469 1331 507 1331 507 1364 469 1364
822 728 863 728 863 761 822 761
608 1309 651 1309 651 1342 608 1342
464 1261 509 1261 509 1294 464 1294
562 815 571 815 571 849 562 849
481 387 495 387 495 421 481 421
409 367 429 367 429 401 409 401
894 1007 919 1007 919 1041 894 1041
267 922 294 922 294 956 267 956
820 1134 855 1134 855 1168 820 1168
619 1252 654 1252 654 1286 619 1286
892 526 932 526 932 560 892 560
259 1086 304 1086 304 1120 259 1120
407 433 438 433 438 467 407 467
397 992 434 992 434 1026 397 1026
122 371 160 371 160 405 122 405
614 390 655 390 655 424 614 424
194 722 231 722 231 757 194 757
397 908 434 908 434 943 397 943
192 482 233 482 233 517 192 517
612 895 655 895 655 930 612 930
414 540 428 540 428 575 414 575
269 1294 284 1294 284 1329 269 1329
267 664 289 664 289 699 267 699
756 1035 784 1035 784 1070 756 1070
263 479 295 479 295 514 263 514
751 1068 783 1068 783 1103 751 1103
118 1340 152 1340 152 1375 118 1375
263 889 301 889 301 924 263 924
546 746 585 746 585 781 546 781
497 607 507 607 507 642 497 642
892 1283 931 1283 931 1318 892 1318
192 683 235 683 235 718 192 718
685 1049 716 1049 716 1085 685 1085
332 631 366 631 366 667 332 667
686 676 724 676 724 712 686 712
538 1027 582 1027 582 1063 538 1063
610 697 655 697 655 733 610 733
282 405 289 405 289 441 282 441
757 1099 775 1099 775 1135 757 1135
128 1379 146 1379 146 1415 128 1415
614 1175 654 1175 654 1211 614 1211
332 502 377 502 377 538 332 538
831 692 846 692 846 729 831 729
403 600 432 600 432 637 403 637
190 1158 230 1158 230 1195 190 1195
412 677 430 677 430 714 412 714
197 1235 215 1235 215 1272 197 1272
271 591 291 591 291 628 271 628
196 515 225 515 225 552 196 552
684 501 717 501 717 538 684 538
885 1098 938 1098 938 1135 885 1135
547 779 578 779 578 816 547 816
535 964 581 964 581 1001 535 1001
405 637 433 637 433 675 405 675
823 578 853 578 853 616 823 616
123 788 162 788 162 826 123 826
822 965 863 965 863 1003 822 1003
116 1249 162 1249 162 1287 116 1287
465 947 512 947 512 985 465 985
485 1122 495 1122 495 1160 485 1160
760 1186 783 1186 783 1224 760 1224
823 616 851 616 851 654 823 654
265 793 297 793 297 831 265 831
335 393 370 393 370 431 335 431
193 945 233 945 233 983 193 983
609 629 659 629 659 667 609 667
685 349 715 349 715 388 685 388
395 1147 444 1147 444 1186 395 1186
279 954 289 954 289 993 279 993
481 844 496 844 496 883 481 883
690 944 708 944 708 983 690 983
898 354 918 354 918 393 898 393
131 854 155 854 155 893 131 893
407 1296 437 1296 437 1335 407 1335
545 1096 577 1096 577 1135 545 1135
757 395 793 395 793 434 757 434
761 989 781 989 781 1028 761 1028
547 1300 574 1300 574 1339 547 1339
263 1336 290 1336 290 1375 263 1375
193 1192 225 1192 225 1231 193 1231
192 1375 226 1375 226 1414 192 1414
752 683 790 683 790 722 752 722
469 981 507 981 507 1020 469 1020
610 961 656 961 656 1000 610 1000
622 661 636 661 636 701 622 701
689 458 720 458 720 498 689 498
333 431 367 431 367 471 333 471
193 555 233 555 233 595 193 595
189 356 230 356 230 396 189 396
472 324 514 324 514 364 472 364
118 963 165 963 165 1003 118 1003
759 1315 773 1315 773 1355 759 1355
202 609 217 609 217 649 202 649
120 561 161 561 161 601 120 601
132 1078 149 1078 149 1119 132 1119
134 437 151 437 151 478 134 478
822 1373 851 1373 851 1414 822 1414
828 801 861 801 861 842 828 842
890 730 930 730 930 771 890 771
186 1334 229 1334 229 1375 186 1375
688 876 710 876 710 917 688 917
193 1033 228 1033 228 1074 193 1074
617 1211 654 1211 654 1252 617 1252
891 559 929 559 929 600 891 600
472 790 511 790 511 831 472 831
682 1204 706 1204 706 1245 682 1245
896 397 935 397 935 438 896 438
752 348 793 348 793 390 752 390
613 733 652 733 652 775 613 775
330 586 373 586 373 628 330 628
558 1226 568 1226 568 1269 558 1269
625 1134 641 1134 641 1177 625 1177
123 638 163 638 163 681 123 681
822 1215 864 1215 864 1258 822 1258
258 549 302 549 302 592 258 592
472 1080 501 1080 501 1123 472 1123
270 1120 299 1120 299 1163 270 1163
124 739 158 739 158 782 124 782
542 345 581 345 581 388 542 388
117 1005 159 1005 159 1048 117 1048
747 581 784 581 784 624 747 624
187 987 230 987 230 1030 187 1030
269 749 293 749 293 793 269 793
126 1172 160 1172 160 1216 126 1216
466 1183 512 1183 512 1227 466 1227
399 867 431 867 431 911 399 911
194 819 228 819 228 863 194 863
273 699 287 699 287 744 273 744
545 483 582 483 582 528 545 528
826 1063 863 1063 863 1108 826 1108
480 720 494 720 494 765 480 765
418 467 438 467 438 512 418 512
748 858 789 858 789 903 748 903
190 901 232 901 232 946 190 946
887 1031 929 1031 929 1076 887 1076
392 941 439 941 439 986 392 986
889 1168 937 1168 937 1213 889 1213
746 539 794 539 794 584 746 584
695 572 704 572 704 617 695 617
332 346 372 346 372 391 332 391
891 443 936 443 936 488 891 488
747 814 795 814 795 859 747 859
679 715 730 715 730 760 679 760
694 1095 701 1095 701 1141 694 1141
820 1259 858 1259 858 1305 820 1305
329 667 368 667 368 713 329 713
629 1075 640 1075 640 1121 629 1121
548 922 580 922 580 968 548 968
124 477 163 477 163 523 124 523
327 754 372 754 372 800 327 800
332 712 363 712 363 759 332 759
470 653 518 653 518 700 470 700
682 628 721 628 721 675 682 675
820 913 863 913 863 960 820 960
822 842 859 842 859 890 822 890
541 1128 584 1128 584 1176 541 1176
402 724 437 724 437 772 402 772
820 757 862 757 862 805 820 805
887 1369 926 1369 926 1418 887 1418
613 320 652 320 652 369 613 369
890 845 929 845 929 894 890 894
401 775 432 775 432 825 401 825
401 318 438 318 438 368 401 368
894 1318 923 1318 923 1368 894 1368
749 456 796 456 796 506 749 506
545 696 578 696 578 747 545 747
545 431 585 431 585 482 545 482
544 614 583 614 583 665 544 665
532 873 583 873 583 925 532 925
677 1275 716 1275 716 1327 677 1327
749 632 792 632 792 684 749 684
613 460 652 460 652 513 613 513
889 925 929 925 929 978 889 978
887 1231 928 1231 928 1284 887 1284
818 427 856 427 856 482 818 482
820 319 858 319 858 374 820 374
554 1360 564 1360 564 1417 554 1417
613 836 648 836 648 893 613 893
613 541 651 541 651 598 613 598
544 530 588 530 588 589 544 589
187 1102 234 1102 234 1162 187 1162
817 373 862 373 862 433 817 433
818 483 859 483 859 545 818 545
