380 1244 400 1244 400 1257 380 1257
830 1189 857 1189 857 1203 830 1203
641 1235 658 1235 658 1251 641 1251
286 348 314 348 314 364 286 364
361 858 378 858 378 875 361 875
899 424 917 424 917 441 899 441
234 729 246 729 246 747 234 747
227 354 236 354 236 372 227 372
714 517 729 517 729 535 714 535
703 1243 721 1243 721 1261 703 1261
157 726 177 726 177 744 157 744
556 1281 588 1281 588 1299 556 1299
721 654 728 654 728 673 721 673
155 371 174 371 174 390 155 390
711 697 735 697 735 716 711 716
148 418 179 418 179 437 148 437
691 1265 739 1265 739 1284 691 1284
370 493 386 493 386 512 370 512
630 446 648 446 648 465 630 465
227 1059 246 1059 246 1078 227 1078
679 529 705 529 705 548 679 548
227 674 247 674 247 693 227 693
632 1181 652 1181 652 1200 632 1200
353 1060 384 1060 384 1079 353 1079
708 567 736 567 736 587 708 587
289 367 309 367 309 387 289 387
892 587 921 587 921 607 892 607
485 971 529 971 529 991 485 991
158 1024 179 1024 179 1045 158 1045
218 376 241 376 241 397 218 397
343 1168 371 1168 371 1189 343 1189
700 915 720 915 720 936 700 936
623 866 659 866 659 887 623 887
919 1211 925 1211 925 1233 919 1233
348 1142 364 1142 364 1164 348 1164
636 736 655 736 655 758 636 758
161 467 181 467 181 489 161 489
635 1361 657 1361 657 1383 635 1383
347 1209 370 1209 370 1231 347 1231
628 1249 656 1249 656 1271 628 1271
708 460 736 460 736 482 708 482
557 767 587 767 587 789 557 789
486 914 520 914 520 936 486 936
554 790 592 790 592 812 554 812
362 516 400 516 400 538 362 538
713 672 733 672 733 694 713 694
565 1094 585 1094 585 1116 565 1116
416 665 456 665 456 687 416 687
160 968 176 968 176 990 160 990
714 715 736 715 736 737 714 737
374 1221 401 1221 401 1243 374 1243
556 491 586 491 586 513 556 513
555 342 586 342 586 364 555 364
145 394 181 394 181 416 145 416
381 1197 393 1197 393 1220 381 1220
496 546 509 546 509 569 496 569
490 522 509 522 509 545 490 545
230 1265 250 1265 250 1288 230 1288
681 626 704 626 704 649 681 649
154 543 178 543 178 566 154 566
623 641 658 641 658 664 623 664
498 1182 512 1182 512 1205 498 1205
161 1047 178 1047 178 1070 161 1070
837 1045 856 1045 856 1068 837 1068
354 349 376 349 376 372 354 372
374 1108 403 1108 403 1131 374 1131
224 1288 254 1288 254 1311 224 1311
827 714 858 714 858 737 827 737
488 569 517 569 517 593 488 593
889 504 920 504 920 528 889 528
825 893 860 893 860 917 825 917
554 562 595 562 595 586 554 586
566 1228 580 1228 580 1252 566 1252
637 502 654 502 654 526 637 526
419 478 449 478 449 502 419 502
896 1187 927 1187 927 1211 896 1211
420 713 451 713 451 737 420 737
486 852 519 852 519 876 486 876
888 445 928 445 928 469 888 469
633 1129 650 1129 650 1154 633 1154
699 826 718 826 718 851 699 851
154 488 178 488 178 513 154 513
155 817 186 817 186 842 155 842
551 365 591 365 591 390 551 390
481 593 521 593 521 618 481 618
430 805 445 805 445 830 430 830
685 551 705 551 705 576 685 576
152 903 184 903 184 928 152 928
905 944 921 944 921 970 905 970
227 622 245 622 245 648 227 648
683 651 705 651 705 677 683 677
714 586 736 586 736 612 714 612
355 914 379 914 379 940 355 940
349 1078 391 1078 391 1104 349 1104
717 487 728 487 728 513 717 513
353 1182 364 1182 364 1208 353 1208
494 987 512 987 512 1013 494 1013
899 1045 919 1045 919 1071 899 1071
557 952 585 952 585 978 557 978
555 707 588 707 588 733 555 733
150 1326 187 1326 187 1352 150 1352
826 867 867 867 867 893 826 893
159 672 174 672 174 698 159 698
825 841 851 841 851 867 825 867
624 1271 658 1271 658 1297 624 1297
163 842 174 842 174 869 163 869
355 1328 386 1328 386 1355 355 1355
554 879 587 879 587 906 554 906
491 1051 533 1051 533 1078 491 1078
884 608 927 608 927 635 884 635
160 745 177 745 177 772 160 772
224 748 255 748 255 775 224 775
621 529 656 529 656 556 621 556
551 853 591 853 591 880 551 880
161 1216 176 1216 176 1244 161 1244
156 317 171 317 171 345 156 345
560 631 579 631 579 659 560 659
363 1357 382 1357 382 1385 363 1385
712 627 738 627 738 655 712 655
419 534 451 534 451 562 419 562
487 338 516 338 516 366 487 366
218 398 253 398 253 426 218 426
486 1242 523 1242 523 1270 486 1270
488 1153 526 1153 526 1181 488 1181
618 587 658 587 658 615 618 615
635 917 652 917 652 945 635 945
557 1250 586 1250 586 1278 557 1278
488 656 518 656 518 684 488 684
901 1235 936 1235 936 1263 901 1263
351 580 386 580 386 608 351 608
557 1040 593 1040 593 1068 557 1068
554 1068 594 1068 594 1096 554 1096
163 515 176 515 176 544 163 544
499 715 512 715 512 744 499 744
705 1067 720 1067 720 1096 705 1096
694 1037 720 1037 720 1066 694 1066
352 829 384 829 384 858 352 858
837 946 853 946 853 975 837 975
358 803 375 803 375 832 358 832
685 464 703 464 703 493 685 493
713 538 733 538 733 567 713 567
630 781 651 781 651 810 630 810
154 1243 184 1243 184 1272 154 1272
351 1110 365 1110 365 1139 351 1139
626 838 653 838 653 867 626 867
223 810 251 810 251 839 223 839
824 348 855 348 855 377 824 377
352 940 387 940 387 969 352 969
624 414 659 414 659 443 624 443
145 568 183 568 183 597 145 597
566 313 582 313 582 343 566 343
563 978 588 978 588 1008 563 1008
216 429 242 429 242 459 216 459
700 1007 728 1007 728 1037 700 1037
285 552 315 552 315 582 285 582
372 1168 402 1168 402 1198 372 1198
491 1356 524 1356 524 1386 491 1386
147 340 181 340 181 370 147 370
825 413 863 413 863 443 825 443
554 656 595 656 595 686 554 686
500 489 511 489 511 519 500 519
902 558 916 558 916 588 902 588
893 360 921 360 921 390 893 390
417 412 449 412 449 442 417 442
151 869 183 869 183 899 151 899
626 1151 661 1151 661 1181 626 1181
642 1329 657 1329 657 1360 642 1360
683 496 704 496 704 527 683 527
227 1113 254 1113 254 1144 227 1144
695 1095 726 1095 726 1126 695 1126
422 634 454 634 454 665 422 665
626 1298 674 1298 674 1329 626 1329
370 460 388 460 388 491 370 491
628 557 649 557 649 588 628 588
624 383 653 383 653 414 624 414
890 389 919 389 919 420 890 420
825 773 854 773 854 804 825 804
218 1002 251 1002 251 1033 218 1033
489 1078 525 1078 525 1109 489 1109
622 1204 664 1204 664 1235 622 1235
292 522 304 522 304 553 292 553
360 1035 377 1035 377 1066 360 1066
152 434 178 434 178 465 152 465
372 1133 404 1133 404 1164 372 1164
630 1022 665 1022 665 1053 630 1053
426 683 450 683 450 715 426 715
629 703 654 703 654 735 629 735
624 611 652 611 652 643 624 643
828 529 859 529 859 561 828 561
685 682 705 682 705 714 685 714
232 225 263 225 263 257 232 257
829 1348 864 1348 864 1380 829 1380
696 1150 721 1150 721 1183 696 1183
284 314 313 314 313 347 284 347
757 456 786 456 786 489 757 489
628 944 659 944 659 977 628 977
282 388 317 388 317 421 282 421
486 421 526 421 526 454 486 454
149 1352 194 1352 194 1385 149 1385
491 1209 518 1209 518 1242 491 1242
151 1183 182 1183 182 1216 151 1216
559 1010 588 1010 588 1043 559 1043
557 1297 586 1297 586 1330 557 1330
693 1204 726 1204 726 1237 693 1237
220 1026 254 1026 254 1059 220 1059
219 643 253 643 253 676 219 676
889 740 930 740 930 773 889 773
564 732 576 732 576 766 564 766
894 523 916 523 916 557 894 557
420 375 445 375 445 409 420 409
149 696 183 696 183 730 149 730
353 651 389 651 389 685 353 685
622 1096 663 1096 663 1130 622 1130
357 312 377 312 377 346 357 346
218 777 246 777 246 811 218 811
557 682 585 682 585 716 557 716
220 551 252 551 252 585 220 585
695 1176 727 1176 727 1210 695 1210
623 470 656 470 656 504 623 504
687 378 724 378 724 412 687 412
418 565 456 565 456 599 418 599
419 601 458 601 458 635 419 635
699 849 711 849 711 884 699 884
287 489 304 489 304 524 287 524
906 1344 926 1344 926 1379 906 1379
834 1285 865 1285 865 1320 834 1320
486 685 521 685 521 720 486 720
623 808 664 808 664 843 623 843
481 1018 527 1018 527 1053 481 1053
685 345 734 345 734 380 685 380
903 970 922 970 922 1005 903 1005
219 696 252 696 252 731 219 731
690 881 728 881 728 916 690 916
349 881 393 881 393 916 349 916
827 1073 871 1073 871 1108 827 1108
844 377 852 377 852 412 844 412
629 664 642 664 642 699 629 699
633 887 648 887 648 922 633 922
623 349 662 349 662 384 623 384
350 1259 389 1259 389 1294 350 1294
282 418 322 418 322 453 282 453
351 769 391 769 391 804 351 804
487 455 528 455 528 490 487 490
484 622 527 622 527 657 484 657
697 974 723 974 723 1010 697 1010
154 1147 181 1147 181 1183 154 1183
555 1192 593 1192 593 1228 555 1228
564 1116 580 1116 580 1152 564 1152
222 316 240 316 240 352 222 352
693 312 721 312 721 348 693 348
895 1111 929 1111 929 1147 895 1147
693 1126 730 1126 730 1162 693 1162
622 751 661 751 661 787 622 787
898 1311 938 1311 938 1347 898 1347
146 934 195 934 195 970 146 970
829 565 853 565 853 601 829 601
422 497 449 497 449 533 422 533
225 1185 244 1185 244 1222 225 1222
763 491 782 491 782 528 763 528
360 971 381 971 381 1008 360 1008
835 1008 856 1008 856 1045 835 1045
354 1292 390 1292 390 1329 354 1329
151 991 190 991 190 1028 151 1028
618 311 664 311 664 348 618 348
205 222 228 222 228 259 205 259
890 777 926 777 926 814 890 814
484 877 523 877 523 914 484 914
216 931 255 931 255 968 216 968
893 1071 936 1071 936 1108 893 1108
161 1071 175 1071 175 1109 161 1109
562 808 577 808 577 846 562 846
832 601 848 601 848 639 832 639
830 637 851 637 851 675 830 675
488 936 515 936 515 974 488 974
700 937 727 937 727 975 700 975
221 1313 254 1313 254 1351 221 1351
287 450 318 450 318 488 287 488
490 776 523 776 523 814 490 814
488 815 521 815 521 853 488 853
829 1149 864 1149 864 1187 829 1187
835 907 856 907 856 945 835 945
359 421 380 421 380 459 359 459
835 1109 857 1109 857 1147 835 1147
889 817 924 817 924 855 889 855
832 733 852 733 852 772 832 772
557 398 586 398 586 437 557 437
218 962 251 962 251 1001 218 1001
220 584 256 584 256 623 220 623
488 740 524 740 524 779 488 779
551 588 588 588 588 627 551 627
855 1311 863 1311 863 1350 855 1350
421 440 449 440 449 479 421 479
421 775 452 775 452 814 421 814
695 1345 720 1345 720 1385 695 1385
827 1243 865 1243 865 1283 827 1283
893 910 931 910 931 950 893 950
217 1078 261 1078 261 1118 217 1118
415 338 453 338 453 378 415 378
349 729 390 729 390 769 349 769
219 1345 262 1345 262 1385 219 1385
687 414 729 414 729 454 687 454
832 674 848 674 848 715 832 715
422 829 457 829 457 870 422 870
554 1152 593 1152 593 1193 554 1193
713 1316 734 1316 734 1357 713 1357
896 467 920 467 920 509 896 509
351 533 391 533 391 575 351 575
688 735 730 735 730 777 688 777
214 459 257 459 257 501 214 501
223 1221 250 1221 250 1263 223 1263
147 639 184 639 184 681 147 681
147 597 193 597 193 639 147 639
835 803 850 803 850 846 835 846
353 378 390 378 390 421 353 421
827 1200 866 1200 866 1243 827 1243
353 611 384 611 384 654 353 654
483 1316 519 1316 519 1359 483 1359
827 973 870 973 870 1016 827 1016
227 1144 243 1144 243 1187 227 1187
679 580 706 580 706 624 679 624
160 773 176 773 176 818 160 818
495 1111 517 1111 517 1156 495 1156
894 1002 929 1002 929 1047 894 1047
889 313 932 313 932 358 889 358
901 1143 926 1143 926 1188 901 1188
220 886 250 886 250 931 220 931
355 997 392 997 392 1043 355 1043
485 1274 523 1274 523 1320 485 1320
697 1280 732 1280 732 1326 697 1326
625 1052 663 1052 663 1098 625 1098
553 515 585 515 585 562 553 562
556 1335 585 1335 585 1382 556 1382
820 440 853 440 853 487 820 487
822 484 870 484 870 531 822 531
352 682 380 682 380 729 352 729
220 504 255 504 255 551 220 551
903 1265 922 1265 922 1313 903 1313
894 693 924 693 924 741 894 741
752 399 793 399 793 449 752 449
630 975 661 975 661 1025 630 1025
689 777 728 777 728 827 689 827
218 841 259 841 259 891 218 891
553 438 586 438 586 491 553 491
160 1091 183 1091 183 1145 160 1145
686 238 727 238 727 294 686 294
894 857 927 857 927 914 894 914
487 366 516 366 516 423 487 423
