402 418 433 418 433 433 402 433
547 523 575 523 575 541 547 541
334 594 365 594 365 612 334 612
832 877 851 877 851 896 832 896
411 537 424 537 424 556 411 556
897 465 918 465 918 484 897 484
902 1247 923 1247 923 1266 902 1266
625 567 645 567 645 587 625 587
693 1198 714 1198 714 1218 693 1218
198 1153 228 1153 228 1173 198 1173
334 824 365 824 365 844 334 844
207 993 220 993 220 1013 207 1013
831 583 852 583 852 603 831 603
834 1320 855 1320 855 1340 834 1340
205 437 223 437 223 457 205 457
901 735 921 735 921 755 901 755
688 466 709 466 709 486 688 486
621 775 639 775 639 796 621 796
906 1044 927 1044 927 1065 906 1065
690 297 713 297 713 318 690 318
470 536 505 536 505 557 470 557
695 787 715 787 715 808 695 808
760 482 782 482 782 503 760 503
334 1118 371 1118 371 1139 334 1139
763 1129 783 1129 783 1151 763 1151
763 799 783 799 783 821 763 821
401 295 439 295 439 317 401 317
272 506 291 506 291 529 272 529
897 1270 924 1270 924 1293 897 1293
266 293 298 293 298 316 266 316
405 1349 447 1349 447 1372 405 1372
758 942 781 942 781 966 758 966
901 673 917 673 917 697 901 697
759 659 783 659 783 683 759 683
699 1321 728 1321 728 1345 699 1345
690 1291 717 1291 717 1315 690 1315
620 750 644 750 644 775 620 775
750 588 790 588 790 613 750 613
271 478 293 478 293 503 271 503
626 623 641 623 641 649 626 649
131 1043 152 1043 152 1069 131 1069
192 1372 229 1372 229 1398 192 1398
343 385 358 385 358 411 343 411
824 388 861 388 861 414 824 414
476 1306 517 1306 517 1332 476 1332
340 909 357 909 357 935 340 935
763 416 780 416 780 442 763 442
692 887 710 887 710 913 692 913
554 426 574 426 574 452 554 452
406 480 426 480 426 506 406 506
898 490 922 490 922 516 898 516
397 510 434 510 434 536 397 536
619 352 658 352 658 378 619 378
682 319 723 319 723 345 682 345
263 388 304 388 304 414 263 414
898 396 918 396 918 423 898 423
479 508 500 508 500 535 479 535
687 490 713 490 713 517 687 517
686 1341 717 1341 717 1368 686 1368
334 1008 370 1008 370 1035 334 1035
124 1298 162 1298 162 1325 124 1325
826 677 853 677 853 704 826 704
688 1224 722 1224 722 1251 688 1251
891 559 926 559 926 586 891 586
613 1257 652 1257 652 1284 613 1284
542 331 585 331 585 358 542 358
546 491 589 491 589 518 546 518
331 1088 376 1088 376 1115 331 1115
891 1296 938 1296 938 1323 891 1323
413 1019 429 1019 429 1047 413 1047
835 1255 851 1255 851 1283 835 1283
544 627 575 627 575 655 544 655
687 517 720 517 720 545 687 545
329 663 366 663 366 691 329 691
613 652 652 652 652 680 613 680
326 738 373 738 373 766 326 766
259 698 295 698 295 726 259 726
124 1331 163 1331 163 1359 124 1359
824 710 863 710 863 738 824 738
627 1089 642 1089 642 1118 627 1118
904 974 923 974 923 1003 904 1003
405 386 428 386 428 415 405 415
686 584 713 584 713 613 686 613
617 466 646 466 646 495 617 495
697 437 728 437 728 466 697 466
464 559 510 559 510 588 464 588
342 846 356 846 356 875 342 875
480 589 499 589 499 618 480 618
206 856 225 856 225 885 206 885
831 1375 857 1375 857 1404 831 1404
270 321 297 321 297 350 270 350
755 295 783 295 783 324 755 324
828 900 858 900 858 929 828 929
470 979 506 979 506 1008 470 1008
469 1375 508 1375 508 1404 469 1404
822 646 861 646 861 675 822 675
899 1366 939 1366 939 1395 899 1395
625 924 645 924 645 954 625 954
424 783 444 783 444 813 424 813
414 1276 436 1276 436 1306 414 1306
619 803 645 803 645 833 619 833
680 1373 732 1373 732 1403 680 1403
550 752 574 752 574 782 550 782
912 1220 945 1220 945 1250 912 1250
335 1273 381 1273 381 1303 335 1303
613 590 661 590 661 620 613 620
480 295 495 295 495 326 480 326
263 630 298 630 298 661 263 661
273 445 291 445 291 476 273 476
551 1258 582 1258 582 1289 551 1289
474 1198 506 1198 506 1229 474 1229
332 975 372 975 372 1006 332 1006
748 864 795 864 795 895 748 895
120 1103 172 1103 172 1134 120 1134
615 533 650 533 650 564 615 564
409 1370 444 1370 444 1401 409 1401
328 464 367 464 367 495 328 495
136 1068 158 1068 158 1100 136 1100
475 824 507 824 507 856 475 856
419 350 427 350 427 382 419 382
763 731 780 731 780 763 763 763
825 503 862 503 862 535 825 535
475 673 512 673 512 705 475 705
627 715 640 715 640 748 627 748
555 1225 574 1225 574 1258 555 1258
405 317 431 317 431 350 405 350
126 1260 175 1260 175 1293 126 1293
903 1330 934 1330 934 1363 903 1363
544 543 584 543 584 576 544 576
892 944 934 944 934 977 892 977
192 919 235 919 235 952 192 952
684 1122 719 1122 719 1155 684 1155
616 1372 657 1372 657 1405 616 1405
760 1369 806 1369 806 1402 760 1402
346 1373 366 1373 366 1407 346 1407
126 755 158 755 158 789 126 789
197 891 231 891 231 925 197 925
891 696 926 696 926 730 891 730
822 468 859 468 859 502 822 502
556 456 572 456 572 490 556 490
471 327 500 327 500 361 471 361
615 500 648 500 648 534 615 534
196 957 231 957 231 991 196 991
401 898 442 898 442 932 401 932
611 381 652 381 652 415 611 415
544 295 587 295 587 329 544 329
818 927 864 927 864 961 818 961
759 1343 800 1343 800 1378 759 1378
757 1156 800 1156 800 1191 757 1191
893 1106 939 1106 939 1141 893 1141
412 1309 439 1309 439 1344 412 1344
419 817 451 817 451 852 419 852
688 547 723 547 723 582 688 582
124 478 162 478 162 513 124 513
548 1094 587 1094 587 1129 548 1129
401 741 446 741 446 776 401 776
834 1341 853 1341 853 1376 834 1376
691 1252 722 1252 722 1287 691 1287
755 1093 792 1093 792 1128 755 1128
547 877 584 877 584 912 547 912
617 955 658 955 658 990 617 990
822 1080 865 1080 865 1115 822 1115
826 840 859 840 859 876 826 876
352 1340 367 1340 367 1376 352 1376
409 1046 431 1046 431 1083 409 1083
896 518 925 518 925 555 896 555
198 1275 232 1275 232 1312 198 1312
548 350 582 350 582 387 548 387
333 937 367 937 367 974 333 974
753 826 788 826 788 863 753 863
822 297 865 297 865 334 822 334
682 999 726 999 726 1036 682 1036
754 762 785 762 785 799 754 799
890 422 924 422 924 459 890 459
828 1283 863 1283 863 1320 828 1320
685 713 721 713 721 750 685 750
759 1308 795 1308 795 1345 759 1345
828 954 855 954 855 991 828 991
199 1015 232 1015 232 1052 199 1052
192 610 234 610 234 647 192 647
759 1222 801 1222 801 1259 759 1259
329 872 380 872 380 909 329 909
897 1002 932 1002 932 1040 897 1040
539 655 581 655 581 693 539 693
197 394 227 394 227 433 197 433
266 763 298 763 298 802 266 802
757 1057 796 1057 796 1096 757 1096
428 855 446 855 446 894 428 894
690 393 714 393 714 432 690 432
752 444 784 444 784 483 752 483
339 1139 373 1139 373 1178 339 1178
335 1236 374 1236 374 1275 335 1275
193 657 233 657 233 696 193 696
609 882 663 882 663 921 609 921
483 1231 503 1231 503 1270 483 1270
824 798 857 798 857 837 824 837
617 1119 654 1119 654 1158 617 1158
684 746 721 746 721 785 684 785
823 538 866 538 866 577 823 577
122 1176 172 1176 172 1215 122 1215
342 295 359 295 359 335 342 335
129 668 164 668 164 708 129 708
402 1185 448 1185 448 1225 402 1225
281 352 289 352 289 392 281 392
262 726 300 726 300 766 262 766
472 1160 512 1160 512 1200 472 1200
753 616 795 616 795 656 753 656
470 701 513 701 513 741 470 741
823 606 870 606 870 646 823 646
120 844 167 844 167 884 120 884
622 675 652 675 652 716 622 716
474 778 507 778 507 819 474 819
750 327 791 327 791 368 750 368
123 715 171 715 171 756 123 756
763 506 778 506 778 547 763 547
477 1265 503 1265 503 1306 477 1306
687 1155 722 1155 722 1196 687 1196
684 958 722 958 722 999 684 999
890 632 933 632 933 673 890 673
540 386 584 386 584 427 540 427
747 970 797 970 797 1011 747 1011
767 1184 781 1184 781 1225 767 1225
278 407 296 407 296 448 278 448
694 810 712 810 712 851 694 851
331 340 364 340 364 381 331 381
825 1039 862 1039 862 1080 825 1080
328 496 371 496 371 537 328 537
692 851 712 851 712 893 692 893
902 1133 928 1133 928 1175 902 1175
124 440 159 440 159 482 124 482
470 366 509 366 509 408 470 408
195 516 237 516 237 558 195 558
126 939 168 939 168 981 126 981
609 1047 656 1047 656 1089 609 1089
122 1363 174 1363 174 1405 122 1405
334 1304 387 1304 387 1346 334 1346
547 1361 584 1361 584 1403 547 1403
470 464 509 464 509 507 470 507
194 749 237 749 237 792 194 792
401 933 445 933 445 976 401 976
143 1129 151 1129 151 1172 143 1172
403 1084 434 1084 434 1127 403 1127
545 1000 588 1000 588 1043 545 1043
480 1330 509 1330 509 1373 480 1373
549 787 581 787 581 830 549 830
619 1156 651 1156 651 1199 619 1199
681 346 725 346 725 389 681 389
683 1080 727 1080 727 1123 683 1123
756 1265 802 1265 802 1308 756 1308
678 917 724 917 724 960 678 960
761 897 783 897 783 941 761 941
900 1178 934 1178 934 1222 900 1222
686 1037 721 1037 721 1081 686 1081
124 1216 163 1216 163 1260 124 1260
614 1328 654 1328 654 1372 614 1372
890 586 936 586 936 630 890 630
902 759 916 759 916 804 902 804
400 433 430 433 430 478 400 478
332 617 371 617 371 662 332 662
400 644 441 644 441 689 400 689
469 1116 512 1116 512 1161 469 1161
552 1178 573 1178 573 1223 552 1223
554 830 590 830 590 875 554 875
123 891 166 891 166 936 123 936
894 1068 943 1068 943 1113 894 1113
336 694 367 694 367 739 336 739
327 535 366 535 366 580 327 580
751 686 792 686 792 731 751 731
823 1113 868 1113 868 1158 823 1158
471 856 516 856 516 901 471 901
401 1227 446 1227 446 1272 401 1272
192 1177 238 1177 238 1222 192 1222
821 993 860 993 860 1039 821 1039
194 702 235 702 235 748 194 748
122 797 169 797 169 843 122 843
821 419 870 419 870 465 821 465
257 659 308 659 308 705 257 705
539 577 582 577 582 623 539 623
548 954 575 954 575 1001 548 1001
474 737 500 737 500 784 474 784
401 970 442 970 442 1017 401 1017
542 1132 595 1132 595 1179 542 1179
197 559 228 559 228 606 197 606
125 983 166 983 166 1030 125 1030
262 586 308 586 308 633 262 633
122 623 169 623 169 670 122 670
407 1135 445 1135 445 1183 407 1183
886 345 929 345 929 393 886 393
194 1223 229 1223 229 1271 194 1271
618 299 656 299 656 347 618 347
818 1154 868 1154 868 1202 818 1202
895 789 919 789 919 838 895 838
406 596 432 596 432 645 406 645
404 556 443 556 443 605 404 605
546 1045 583 1045 583 1094 546 1094
127 513 169 513 169 562 127 562
327 771 372 771 372 820 327 820
682 614 727 614 727 663 682 663
820 336 869 336 869 385 820 385
195 1312 238 1312 238 1362 195 1362
339 412 372 412 372 462 339 462
472 619 503 619 503 670 472 670
263 533 302 533 302 584 263 584
123 392 168 392 168 443 123 443
539 701 588 701 588 752 539 752
193 1107 236 1107 236 1158 193 1158
333 1037 369 1037 369 1089 333 1089
824 1202 875 1202 875 1254 824 1254
619 1282 654 1282 654 1335 619 1335
405 692 435 692 435 745 405 745
896 889 934 889 934 943 896 943
330 1181 371 1181 371 1235 330 1235
751 1007 798 1007 798 1061 751 1061
756 535 782 535 782 589 756 589
896 836 928 836 928 890 896 890
614 413 646 413 646 467 614 467
191 798 242 798 242 852 191 852
892 293 921 293 921 348 892 348
192 463 234 463 234 518 192 518
466 410 512 410 512 465 466 465
120 298 167 298 167 353 120 353
192 1053 232 1053 232 1108 192 1108
747 361 796 361 796 416 747 416
824 739 859 739 859 794 824 794
120 567 169 567 169 622 120 622
617 989 655 989 655 1045 617 1045
682 656 719 656 719 712 682 712
619 1195 649 1195 649 1252 619 1252
466 1010 511 1010 511 1070 466 1070
545 1293 587 1293 587 1361 545 1361
471 902 508 902 508 974 471 974
