595 573 618 573 618 585 595 585
508 1237 537 1237 537 1249 508 1249
190 947 200 947 200 960 190 960
114 608 142 608 142 622 114 622
650 791 659 791 659 805 650 805
452 1298 463 1298 463 1312 452 1312
596 529 618 529 618 543 596 543
309 508 337 508 337 522 309 522
321 1243 333 1243 333 1258 321 1258
716 1099 729 1099 729 1114 716 1114
186 1236 208 1236 208 1251 186 1251
244 597 271 597 271 612 244 612
176 360 206 360 206 375 176 375
330 368 345 368 345 384 330 384
561 377 584 377 584 393 561 393
113 652 144 652 144 668 113 668
593 590 618 590 618 607 593 607
383 583 397 583 397 600 383 600
449 358 470 358 470 375 449 375
707 802 737 802 737 819 707 819
175 1027 206 1027 206 1044 175 1044
241 1254 283 1254 283 1271 241 1271
764 922 775 922 775 940 764 940
560 299 577 299 577 317 560 317
239 615 284 615 284 633 239 633
119 1019 136 1019 136 1037 119 1037
564 441 585 441 585 459 564 459
303 422 340 422 340 440 303 440
253 1302 270 1302 270 1321 253 1321
318 820 338 820 338 839 318 839
643 418 671 418 671 437 643 437
184 1313 216 1313 216 1332 184 1332
53 487 71 487 71 506 53 506
775 673 795 673 795 692 775 692
454 1246 475 1246 475 1265 454 1265
448 734 470 734 470 753 448 753
441 547 470 547 470 566 441 566
521 1054 541 1054 541 1073 521 1073
646 360 670 360 670 379 646 379
711 631 733 631 733 651 711 651
763 901 777 901 777 921 763 921
644 744 665 744 665 764 644 764
643 1155 666 1155 666 1175 643 1175
110 814 142 814 142 834 110 834
601 505 616 505 616 525 601 525
517 554 535 554 535 574 517 574
598 608 617 608 617 628 598 628
707 1056 730 1056 730 1076 707 1076
311 1317 338 1317 338 1337 311 1337
46 622 74 622 74 642 46 642
636 1305 666 1305 666 1325 636 1325
51 567 71 567 71 588 51 588
561 463 585 463 585 484 561 484
592 545 617 545 617 566 592 566
176 477 206 477 206 498 176 498
173 1214 208 1214 208 1235 173 1235
594 413 613 413 613 434 594 434
45 839 77 839 77 860 45 860
380 713 401 713 401 735 380 735
241 366 267 366 267 388 241 388
441 436 475 436 475 458 441 458
643 1283 660 1283 660 1305 643 1305
703 301 727 301 727 323 703 323
311 1128 340 1128 340 1150 311 1150
503 1254 542 1254 542 1276 503 1276
595 361 607 361 607 383 595 383
646 303 660 303 660 325 646 325
598 854 613 854 613 876 598 876
565 395 580 395 580 417 565 417
317 1297 334 1297 334 1319 317 1319
250 476 270 476 270 498 250 498
181 608 202 608 202 630 181 630
596 877 617 877 617 899 596 899
560 348 585 348 585 370 560 370
449 820 474 820 474 842 449 842
703 1082 734 1082 734 1104 703 1104
764 811 800 811 800 833 764 833
774 613 787 613 787 636 774 636
711 1226 730 1226 730 1249 711 1249
316 904 336 904 336 927 316 927
306 1339 342 1339 342 1362 306 1362
370 956 410 956 410 979 370 979
306 962 349 962 349 985 306 985
758 941 779 941 779 964 758 964
755 975 787 975 787 998 755 998
764 763 799 763 799 786 764 786
522 1182 537 1182 537 1205 522 1205
451 847 471 847 471 870 451 870
710 652 732 652 732 675 710 675
383 1049 405 1049 405 1072 383 1072
46 370 69 370 69 393 46 393
315 1010 344 1010 344 1033 315 1033
375 556 404 556 404 579 375 579
372 334 402 334 402 357 372 357
314 366 328 366 328 390 314 390
247 1145 267 1145 267 1169 247 1169
592 387 613 387 613 411 592 411
641 961 664 961 664 985 641 985
786 900 812 900 812 924 786 924
437 301 470 301 470 325 437 325
110 628 146 628 146 652 110 652
569 417 581 417 581 441 569 441
713 999 725 999 725 1023 713 1023
712 780 730 780 730 804 712 804
248 796 271 796 271 820 248 820
173 774 212 774 212 798 173 798
773 384 790 384 790 409 773 409
315 1104 337 1104 337 1129 315 1129
593 727 622 727 622 752 593 752
111 900 147 900 147 925 111 925
504 788 541 788 541 813 504 813
52 431 67 431 67 456 52 456
645 479 666 479 666 504 645 504
181 496 206 496 206 521 181 521
633 768 673 768 673 793 633 793
699 823 739 823 739 848 699 848
759 788 808 788 808 813 759 813
563 321 576 321 576 346 563 346
516 716 534 716 534 741 516 741
566 545 585 545 585 570 566 570
183 1000 203 1000 203 1025 183 1025
379 1075 401 1075 401 1100 379 1100
637 327 662 327 662 352 637 352
565 485 591 485 591 510 565 510
438 568 474 568 474 593 438 593
504 1333 542 1333 542 1358 504 1358
308 984 350 984 350 1009 308 1009
178 833 203 833 203 859 178 859
173 864 215 864 215 890 173 890
762 300 804 300 804 326 762 326
373 687 403 687 403 713 373 713
181 1081 213 1081 213 1107 181 1107
239 1040 275 1040 275 1066 239 1066
186 411 206 411 206 437 186 437
641 507 668 507 668 533 641 533
375 834 409 834 409 860 375 860
504 405 540 405 540 431 504 431
361 361 408 361 408 387 361 387
780 831 792 831 792 858 780 858
647 685 662 685 662 712 647 712
444 1269 468 1269 468 1296 444 1296
587 299 616 299 616 326 587 326
505 524 542 524 542 551 505 551
438 1090 475 1090 475 1117 438 1117
373 1223 416 1223 416 1250 373 1250
123 964 137 964 137 991 123 991
565 515 590 515 590 542 565 542
311 1214 336 1214 336 1241 311 1241
507 601 541 601 541 628 507 628
302 1153 342 1153 342 1180 302 1180
173 891 214 891 214 918 173 918
647 1096 664 1096 664 1124 647 1124
446 378 468 378 468 406 446 406
245 904 270 904 270 932 245 932
178 917 204 917 204 945 178 945
594 789 621 789 621 817 594 817
248 874 277 874 277 902 248 902
107 1073 141 1073 141 1101 107 1101
501 344 538 344 538 372 501 372
109 495 157 495 157 523 109 523
637 1179 665 1179 665 1207 637 1207
309 392 338 392 338 420 309 420
43 512 75 512 75 540 43 540
445 871 480 871 480 899 445 899
40 648 78 648 78 676 40 676
174 1181 213 1181 213 1209 174 1209
634 385 673 385 673 413 634 413
452 522 467 522 467 550 452 550
513 574 534 574 534 602 513 602
447 757 469 757 469 785 447 785
516 1204 539 1204 539 1232 516 1232
106 1144 137 1144 137 1172 106 1172
180 1334 211 1334 211 1362 180 1362
699 1274 739 1274 739 1302 699 1302
712 568 726 568 726 597 712 597
512 657 537 657 537 686 512 686
708 1248 733 1248 733 1277 708 1277
594 630 624 630 624 659 594 659
175 747 205 747 205 776 175 776
440 670 471 670 471 699 440 699
376 1298 407 1298 407 1327 376 1327
42 539 81 539 81 568 42 568
504 628 543 628 543 657 504 657
586 825 626 825 626 854 586 854
176 1110 216 1110 216 1139 176 1139
384 982 400 982 400 1011 384 1011
450 493 467 493 467 522 450 522
507 991 541 991 541 1020 507 1020
439 1188 479 1188 479 1217 439 1217
634 536 677 536 677 565 634 565
249 447 266 447 266 476 249 476
325 744 342 744 342 773 325 773
250 974 269 974 269 1003 250 1003
309 588 342 588 342 617 309 617
243 1171 280 1171 280 1200 243 1200
502 928 540 928 540 957 502 957
631 1327 672 1327 672 1356 631 1356
173 556 215 556 215 585 173 585
105 1043 150 1043 150 1072 105 1072
767 1000 783 1000 783 1030 767 1030
769 733 791 733 791 763 769 763
595 436 626 436 626 466 595 466
505 249 539 249 539 279 505 279
108 992 147 992 147 1022 108 1022
701 849 741 849 741 879 701 879
325 618 333 618 333 648 325 648
449 1158 463 1158 463 1188 449 1188
183 578 202 578 202 608 183 608
785 961 807 961 807 991 785 991
309 1035 337 1035 337 1065 309 1065
511 371 540 371 540 401 511 401
708 1023 737 1023 737 1053 708 1053
311 524 340 524 340 554 311 554
438 327 473 327 473 357 438 357
437 1214 476 1214 476 1244 437 1244
183 330 199 330 199 361 183 361
373 523 405 523 405 554 373 554
703 1295 735 1295 735 1326 703 1326
43 456 77 456 77 487 43 487
180 1279 214 1279 214 1310 180 1310
441 406 477 406 477 437 441 437
505 955 543 955 543 986 505 986
512 1149 550 1149 550 1180 512 1180
304 930 348 930 348 961 304 961
126 867 134 867 134 898 126 898
768 324 790 324 790 355 768 355
639 713 668 713 668 744 639 744
310 644 339 644 339 675 310 675
767 409 797 409 797 440 767 440
769 856 799 856 799 887 769 887
700 1328 740 1328 740 1359 700 1359
763 355 804 355 804 386 763 386
259 1223 270 1223 270 1254 259 1254
382 301 397 301 397 332 382 332
518 1077 538 1077 538 1108 518 1108
641 1251 663 1251 663 1282 641 1282
246 628 273 628 273 659 246 659
309 675 341 675 341 706 309 706
115 744 147 744 147 775 115 775
505 686 542 686 542 717 505 717
373 1013 415 1013 415 1044 373 1044
179 685 204 685 204 717 179 717
177 800 202 800 202 832 177 832
783 930 809 930 809 962 783 962
642 1123 670 1123 670 1155 642 1155
111 836 146 836 146 868 111 868
638 848 682 848 682 880 638 880
595 753 623 753 623 785 595 785
638 985 670 985 670 1017 638 1017
510 1020 543 1020 543 1052 510 1052
175 377 210 377 210 409 175 409
49 917 89 917 89 949 49 949
441 902 481 902 481 934 441 934
502 306 545 306 545 338 502 338
56 588 71 588 71 620 56 620
252 532 269 532 269 564 252 564
124 670 141 670 141 702 124 702
313 1179 332 1179 332 1211 313 1211
249 563 270 563 270 595 249 595
246 500 274 500 274 532 246 532
441 787 477 787 477 819 441 819
437 934 479 934 479 966 437 966
248 695 266 695 266 728 248 728
602 662 614 662 614 695 602 695
703 595 735 595 735 628 703 628
177 521 214 521 214 554 177 554
238 1004 280 1004 280 1037 238 1037
366 491 411 491 411 524 366 524
321 1069 334 1069 334 1103 321 1103
600 468 618 468 618 502 600 502
381 1155 402 1155 402 1189 381 1189
245 1069 278 1069 278 1103 245 1103
702 1158 742 1158 742 1192 702 1192
237 729 279 729 279 763 237 763
437 1120 484 1120 484 1154 437 1154
317 436 329 436 329 470 317 470
446 967 478 967 478 1001 446 1001
699 536 743 536 743 570 699 570
596 325 609 325 609 359 596 359
769 636 794 636 794 670 769 670
111 927 145 927 145 961 111 961
375 1327 411 1327 411 1361 375 1361
42 395 79 395 79 429 42 429
702 883 743 883 743 917 702 917
639 442 667 442 667 477 639 477
376 601 404 601 404 636 376 636
704 965 737 965 737 1000 704 1000
441 699 474 699 474 734 441 734
638 568 680 568 680 603 638 603
109 1293 151 1293 151 1328 109 1328
322 556 335 556 335 591 322 591
186 1143 204 1143 204 1178 186 1178
170 1249 215 1249 215 1284 170 1284
186 714 202 714 202 750 186 750
112 1328 146 1328 146 1364 112 1364
699 250 735 250 735 286 699 286
372 1189 411 1189 411 1225 372 1225
303 331 345 331 345 367 303 367
510 1110 553 1110 553 1146 510 1146
326 840 335 840 335 876 326 876
767 697 799 697 799 733 767 733
111 1250 145 1250 145 1286 111 1286
238 331 278 331 278 367 238 367
311 866 330 866 330 902 311 902
249 1265 270 1265 270 1301 249 1301
313 1259 343 1259 343 1295 313 1295
374 917 416 917 416 953 374 953
442 460 475 460 475 497 442 497
764 577 801 577 801 614 764 614
505 811 543 811 543 848 505 848
177 436 216 436 216 473 177 473
698 213 741 213 741 250 698 250
795 994 804 994 804 1031 795 1031
49 788 78 788 78 825 49 825
175 1045 209 1045 209 1082 175 1082
703 704 740 704 740 741 703 741
238 763 275 763 275 800 238 800
504 484 545 484 545 521 504 521
120 704 143 704 143 742 120 742
240 383 277 383 277 421 240 421
637 650 676 650 676 688 637 688
103 1211 145 1211 145 1249 103 1249
634 1020 679 1020 679 1058 634 1058
638 805 674 805 674 843 638 843
440 1002 476 1002 476 1040 440 1040
704 741 741 741 741 779 704 779
701 404 740 404 740 442 701 442
309 709 348 709 348 747 309 747
241 1321 283 1321 283 1359 241 1359
447 1318 474 1318 474 1357 447 1357
245 1104 273 1104 273 1143 245 1143
442 634 475 634 475 673 442 673
41 331 78 331 78 370 41 370
721 676 732 676 732 715 721 715
113 775 144 775 144 814 113 814
505 887 543 887 543 926 505 926
377 795 416 795 416 834 377 834
702 1190 741 1190 741 1229 702 1229
638 1207 680 1207 680 1246 638 1246
118 522 138 522 138 561 118 561
118 455 143 455 143 494 118 494
110 372 143 372 143 412 110 412
111 331 148 331 148 371 111 371
503 747 543 747 543 787 503 787
437 594 479 594 479 634 437 634
107 1105 147 1105 147 1145 107 1145
601 686 607 686 607 726 601 726
647 882 661 882 661 922 647 922
705 1117 734 1117 734 1157 705 1157
246 934 272 934 272 975 246 975
504 436 546 436 546 477 504 477
702 443 747 443 747 484 702 484
184 962 209 962 209 1003 184 1003
45 743 76 743 76 784 45 784
241 1199 276 1199 276 1240 241 1240
703 362 739 362 739 403 703 403
505 846 543 846 543 887 505 887
305 469 345 469 345 511 305 511
260 420 268 420 268 462 260 462
114 412 148 412 148 454 114 454
703 488 741 488 741 530 703 530
762 531 806 531 806 574 762 574
716 325 725 325 725 368 716 368
768 484 801 484 801 527 768 527
642 605 679 605 679 648 642 648
237 656 283 656 283 700 237 700
765 442 802 442 802 487 765 487
367 447 413 447 413 492 367 492
634 1053 676 1053 676 1098 634 1098
575 572 592 572 592 618 575 618
45 694 77 694 77 740 45 740
707 916 738 916 738 963 707 963
375 743 410 743 410 790 375 790
436 1042 475 1042 475 1089 436 1089
109 558 151 558 151 606 109 606
376 1103 410 1103 410 1152 376 1152
504 1279 541 1279 541 1328 504 1328
175 635 210 635 210 685 175 685
316 767 344 767 344 817 316 817
378 638 414 638 414 688 378 688
240 822 280 822 280 873 240 873
369 862 407 862 407 916 369 916
42 862 84 862 84 917 42 917
644 897 653 897 653 958 644 958
