481 685 496 685 496 702 481 702
268 465 297 465 297 482 268 482
267 315 301 315 301 333 267 333
481 565 494 565 494 583 481 583
414 1383 433 1383 433 1401 414 1401
758 847 777 847 777 865 758 865
762 1262 780 1262 780 1281 762 1281
691 467 710 467 710 486 691 486
417 1240 431 1240 431 1260 417 1260
345 1329 361 1329 361 1349 345 1349
828 961 848 961 848 981 828 981
618 686 646 686 646 706 618 706
344 1380 365 1380 365 1400 344 1400
483 1305 504 1305 504 1325 483 1325
621 452 657 452 657 472 621 472
61 662 83 662 83 683 61 683
825 585 846 585 846 606 825 606
405 814 427 814 427 835 405 835
414 1131 436 1131 436 1152 414 1152
59 1063 82 1063 82 1084 59 1084
338 1024 372 1024 372 1045 338 1045
272 406 291 406 291 428 272 428
755 577 777 577 777 599 755 599
551 1372 573 1372 573 1394 551 1394
340 1175 376 1175 376 1197 340 1197
838 291 852 291 852 313 838 313
552 1114 574 1114 574 1136 552 1136
759 675 782 675 782 697 759 697
201 1043 224 1043 224 1065 201 1065
548 586 573 586 573 608 548 608
479 503 505 503 505 525 479 525
613 359 650 359 650 381 613 381
471 806 511 806 511 828 471 828
751 1328 786 1328 786 1350 751 1350
613 708 650 708 650 730 613 730
408 505 431 505 431 528 408 528
413 1269 437 1269 437 1292 413 1292
66 1126 97 1126 97 1149 66 1149
206 285 225 285 225 308 206 308
200 687 222 687 222 710 200 710
344 937 366 937 366 960 344 960
337 600 362 600 362 623 337 623
816 1074 859 1074 859 1097 816 1097
345 1197 379 1197 379 1221 345 1221
757 1196 783 1196 783 1220 757 1220
206 313 234 313 234 337 206 337
834 1381 863 1381 863 1405 834 1405
413 593 424 593 424 618 413 618
66 1189 83 1189 83 1214 66 1214
830 1217 852 1217 852 1242 830 1242
266 283 306 283 306 308 266 308
117 333 157 333 157 358 117 358
471 1378 518 1378 518 1403 471 1403
350 1221 365 1221 365 1246 350 1246
66 1346 82 1346 82 1371 66 1371
491 1116 501 1116 501 1142 491 1142
693 759 710 759 710 785 693 785
754 1281 785 1281 785 1307 754 1307
487 442 522 442 522 468 487 468
268 332 309 332 309 358 268 358
489 1254 502 1254 502 1280 489 1280
697 407 710 407 710 433 697 433
555 1305 569 1305 569 1331 555 1331
342 872 360 872 360 898 342 898
205 751 229 751 229 777 205 777
762 869 775 869 775 895 762 895
695 1160 712 1160 712 1186 695 1186
64 1220 87 1220 87 1246 64 1246
269 559 292 559 292 585 269 585
342 709 373 709 373 735 342 735
826 613 858 613 858 639 826 639
350 1116 391 1116 391 1142 350 1142
54 285 97 285 97 311 54 311
414 445 429 445 429 472 414 472
411 1068 429 1068 429 1095 411 1095
829 721 849 721 849 748 829 748
63 836 83 836 83 863 63 863
197 556 227 556 227 583 197 583
51 688 92 688 92 715 51 715
552 791 595 791 595 818 552 818
683 1257 726 1257 726 1284 683 1284
553 521 566 521 566 548 553 548
204 1251 225 1251 225 1278 204 1278
552 287 581 287 581 314 552 314
690 491 722 491 722 518 690 518
474 1326 513 1326 513 1353 474 1353
833 1149 849 1149 849 1177 833 1177
338 659 364 659 364 687 338 687
680 635 716 635 716 663 680 663
482 586 520 586 520 614 482 614
474 952 515 952 515 980 474 980
116 539 158 539 158 567 116 567
761 1135 778 1135 778 1163 761 1163
65 352 84 352 84 380 65 380
759 1231 780 1231 780 1259 759 1259
472 880 503 880 503 908 472 908
537 846 579 846 579 874 537 874
832 1319 850 1319 850 1347 832 1347
331 285 375 285 375 313 331 313
761 776 774 776 774 805 761 805
688 607 717 607 717 636 688 636
822 1037 855 1037 855 1066 822 1066
479 1353 516 1353 516 1382 479 1382
337 1146 382 1146 382 1175 337 1175
347 962 360 962 360 991 347 991
64 996 80 996 80 1025 64 1025
411 750 431 750 431 779 411 779
822 436 851 436 851 465 822 465
621 423 650 423 650 452 621 452
261 1122 312 1122 312 1151 261 1151
330 1350 384 1350 384 1379 330 1379
704 1187 711 1187 711 1217 704 1217
553 1051 568 1051 568 1081 553 1081
273 633 291 633 291 663 273 663
413 937 433 937 433 967 413 967
343 1047 367 1047 367 1077 343 1077
548 1135 575 1135 575 1165 548 1165
214 1371 222 1371 222 1401 214 1401
825 522 839 522 839 552 825 552
627 289 643 289 643 319 627 319
410 1334 432 1334 432 1364 410 1364
406 906 435 906 435 936 406 936
198 1279 235 1279 235 1309 198 1309
474 286 514 286 514 316 474 316
196 1311 237 1311 237 1341 196 1341
345 532 359 532 359 563 345 563
489 1081 518 1081 518 1112 489 1112
259 663 302 663 302 694 259 694
205 974 221 974 221 1005 205 1005
488 970 505 970 505 1001 488 1001
473 653 508 653 508 684 473 684
198 1342 233 1342 233 1373 198 1373
749 700 786 700 786 731 749 731
484 743 523 743 523 774 484 774
328 684 374 684 374 715 328 715
194 1067 240 1067 240 1098 194 1098
202 619 218 619 218 650 202 650
131 507 149 507 149 538 131 538
620 622 640 622 640 653 620 653
478 1276 517 1276 517 1307 478 1307
682 824 723 824 723 855 682 855
827 895 843 895 843 927 827 927
62 593 80 593 80 625 62 625
207 830 226 830 226 862 207 862
407 1354 449 1354 449 1386 407 1386
538 637 587 637 587 669 538 669
65 742 81 742 81 774 65 774
759 1298 777 1298 777 1330 759 1330
401 838 439 838 439 870 401 870
47 710 99 710 99 742 47 742
409 1154 442 1154 442 1187 409 1187
402 285 441 285 441 318 402 318
472 774 517 774 517 807 472 807
553 610 567 610 567 643 553 643
269 1048 293 1048 293 1081 269 1081
483 1142 512 1142 512 1175 483 1175
403 562 437 562 437 595 403 595
540 817 576 817 576 850 540 850
478 527 515 527 515 560 478 560
685 856 725 856 725 889 685 889
193 1141 240 1141 240 1174 193 1174
681 329 731 329 731 362 681 362
271 824 287 824 287 857 271 857
337 626 368 626 368 659 337 659
404 471 441 471 441 504 404 504
541 1236 583 1236 583 1269 541 1269
52 1367 98 1367 98 1400 52 1400
284 1021 292 1021 292 1055 284 1055
828 1247 848 1247 848 1281 828 1281
824 1348 855 1348 855 1382 824 1382
683 787 718 787 718 821 683 821
681 662 718 662 718 696 681 696
330 790 369 790 369 824 330 824
544 1167 583 1167 583 1201 544 1201
548 196 593 196 593 230 548 230
542 1269 587 1269 587 1303 542 1303
827 683 847 683 847 717 827 717
555 353 575 353 575 387 555 387
818 549 853 549 853 583 818 583
57 1250 93 1250 93 1284 57 1284
263 482 303 482 303 516 263 516
50 1088 97 1088 97 1122 50 1122
190 907 243 907 243 941 190 941
621 651 639 651 639 686 621 686
200 1004 233 1004 233 1039 200 1039
682 1369 726 1369 726 1404 682 1404
260 431 315 431 315 466 260 466
200 864 230 864 230 899 200 899
758 292 794 292 794 327 758 327
690 1334 726 1334 726 1369 690 1369
748 887 794 887 794 922 748 922
627 321 638 321 638 356 627 356
757 925 786 925 786 960 757 960
267 904 302 904 302 939 267 939
403 528 441 528 441 563 403 563
688 1218 726 1218 726 1253 688 1253
405 415 445 415 445 450 405 450
540 870 585 870 585 905 540 905
477 464 510 464 510 500 477 500
824 1283 861 1283 861 1319 824 1319
263 693 302 693 302 729 263 729
55 1022 97 1022 97 1058 55 1058
403 777 450 777 450 813 403 813
555 1197 574 1197 574 1233 555 1233
543 319 583 319 583 355 543 355
191 712 237 712 237 748 191 748
686 428 723 428 723 465 686 465
545 1078 583 1078 583 1115 545 1115
613 519 652 519 652 556 613 556
817 923 857 923 857 960 817 960
753 418 796 418 796 455 753 455
51 1317 95 1317 95 1354 51 1354
607 588 652 588 652 625 607 625
683 566 716 566 716 603 683 603
333 561 367 561 367 598 333 598
336 900 373 900 373 937 336 937
688 290 726 290 726 327 688 327
50 622 91 622 91 659 50 659
52 380 98 380 98 417 52 417
274 983 294 983 294 1020 274 1020
550 708 571 708 571 745 550 745
267 1082 299 1082 299 1119 267 1119
753 1157 791 1157 791 1194 753 1194
821 1177 861 1177 861 1214 821 1214
191 647 233 647 233 684 191 684
50 1285 95 1285 95 1322 50 1322
50 771 98 771 98 808 50 808
754 803 787 803 787 841 754 841
124 570 157 570 157 608 124 608
196 193 238 193 238 231 196 231
761 494 777 494 777 532 761 532
763 636 782 636 782 674 763 674
829 317 854 317 854 355 829 355
545 1019 571 1019 571 1057 545 1057
479 318 514 318 514 356 479 356
196 387 236 387 236 425 196 425
749 534 790 534 790 572 749 572
475 1224 517 1224 517 1262 475 1262
538 907 584 907 584 945 538 945
58 1150 105 1150 105 1188 58 1188
752 960 779 960 779 999 752 999
474 612 510 612 510 651 474 651
546 1332 585 1332 585 1371 546 1371
541 547 581 547 581 586 541 586
405 1093 447 1093 447 1132 405 1132
822 355 867 355 867 394 822 394
344 343 367 343 367 382 344 382
479 1042 510 1042 510 1081 479 1081
756 605 795 605 795 644 756 644
749 1096 796 1096 796 1135 749 1135
335 982 383 982 383 1021 335 1021
136 749 156 749 156 789 136 789
58 864 89 864 89 904 58 904
541 991 586 991 586 1031 541 1031
682 935 728 935 728 975 682 975
625 556 639 556 639 596 625 596
487 1001 503 1001 503 1041 487 1041
342 1076 366 1076 366 1116 342 1116
549 666 573 666 573 706 549 706
62 557 87 557 87 597 62 597
546 487 584 487 584 527 546 527
617 383 659 383 659 423 617 423
403 871 445 871 445 911 403 911
267 940 309 940 309 981 267 981
51 523 94 523 94 564 51 564
403 1293 449 1293 449 1334 403 1334
134 894 155 894 155 935 134 935
761 329 795 329 795 370 761 370
405 318 439 318 439 359 405 359
53 224 91 224 91 265 53 265
53 309 98 309 98 350 53 350
269 515 303 515 303 556 269 556
195 482 240 482 240 523 195 523
683 716 720 716 720 758 683 758
212 583 224 583 224 625 212 625
336 312 375 312 375 354 336 354
471 909 520 909 520 951 471 951
411 1192 431 1192 431 1235 411 1235
478 702 500 702 500 745 478 745
626 474 646 474 646 517 626 517
484 399 505 399 505 442 484 442
199 1097 237 1097 237 1140 199 1140
127 659 166 659 166 702 127 702
816 799 861 799 861 842 816 842
753 995 780 995 780 1038 753 1038
125 850 162 850 162 893 125 893
687 978 726 978 726 1021 687 1021
193 522 236 522 236 565 193 565
544 393 588 393 588 436 544 436
50 908 97 908 97 951 50 951
267 858 300 858 300 902 267 902
336 1291 373 1291 373 1335 336 1335
684 524 710 524 710 568 684 568
262 728 298 728 298 772 262 772
397 974 450 974 450 1018 397 1018
53 476 96 476 96 521 53 521
486 352 502 352 502 397 486 397
196 938 235 938 235 983 196 983
683 1064 724 1064 724 1109 683 1109
818 1104 859 1104 859 1149 818 1149
120 466 162 466 162 511 120 511
258 587 311 587 311 632 258 632
824 988 851 988 851 1034 824 1034
548 440 587 440 587 486 548 486
399 704 444 704 444 750 399 750
120 613 168 613 168 659 120 659
560 744 568 744 568 790 560 790
818 640 848 640 848 686 818 686
267 359 300 359 300 405 267 405
476 1176 515 1176 515 1222 476 1222
338 1251 380 1251 380 1298 338 1298
192 337 239 337 239 384 192 384
328 825 377 825 377 872 328 872
697 1017 713 1017 713 1064 697 1064
340 384 364 384 364 431 340 431
755 454 791 454 791 501 755 501
684 358 726 358 726 405 684 405
677 1110 727 1110 727 1157 677 1157
747 731 798 731 798 778 747 778
405 610 444 610 444 658 405 658
561 945 568 945 568 993 561 993
340 736 357 736 357 784 340 784
401 1019 444 1019 444 1067 401 1067
840 749 848 749 848 798 840 798
704 683 711 683 711 732 704 732
708 883 716 883 716 932 708 932
700 1295 708 1295 708 1344 700 1344
407 363 444 363 444 412 407 412
200 1175 219 1175 219 1224 200 1224
52 946 94 946 94 995 52 995
430 1183 439 1183 439 1233 430 1233
336 491 367 491 367 541 336 541
479 830 497 830 497 881 479 881
814 842 863 842 863 893 814 893
267 773 296 773 296 825 267 825
125 701 169 701 169 753 125 753
72 787 82 787 82 839 72 839
202 778 219 778 219 830 202 830
118 419 165 419 165 471 118 471
116 362 162 362 162 415 116 415
400 655 451 655 451 708 400 708
751 1350 789 1350 789 1405 751 1405
841 382 849 382 849 437 841 437
754 1039 786 1039 786 1094 754 1094
73 417 83 417 83 474 73 474
125 281 172 281 172 338 125 338
129 792 155 792 155 850 129 850
203 1190 232 1190 232 1251 203 1251
767 350 791 350 791 415 767 415
334 431 374 431 374 496 334 496
627 732 635 732 635 797 627 797
212 414 219 414 219 480 212 480
819 469 860 469 860 537 819 537
