632 933 653 933 653 939 632 939
480 418 501 418 501 428 480 428
626 490 641 490 641 501 626 501
607 1059 629 1059 629 1073 607 1073
678 1117 719 1117 719 1131 678 1131
745 1131 788 1131 788 1145 745 1145
693 478 703 478 703 493 693 493
758 934 773 934 773 950 758 950
65 594 98 594 98 610 65 610
292 1007 318 1007 318 1023 292 1023
756 497 769 497 769 514 756 514
554 1052 572 1052 572 1069 554 1069
61 373 104 373 104 390 61 390
210 589 230 589 230 606 210 606
80 1007 97 1007 97 1025 80 1025
284 193 314 193 314 211 284 211
278 634 305 634 305 653 278 653
412 636 441 636 441 655 412 655
139 1113 168 1113 168 1132 139 1132
407 486 441 486 441 505 407 505
133 598 167 598 167 617 133 617
348 707 369 707 369 726 348 726
213 1149 236 1149 236 1168 213 1168
548 643 568 643 568 662 548 662
486 689 497 689 497 709 486 709
73 352 92 352 92 372 73 372
621 650 643 650 643 670 621 670
487 470 511 470 511 490 487 490
746 1169 788 1169 788 1189 746 1189
691 1168 707 1168 707 1188 691 1188
71 727 100 727 100 747 71 747
216 1308 236 1308 236 1329 216 1329
406 575 434 575 434 596 406 596
685 756 704 756 704 777 685 777
604 1076 631 1076 631 1097 604 1097
613 864 646 864 646 885 613 885
290 908 323 908 323 929 290 929
613 1032 629 1032 629 1054 613 1054
677 456 706 456 706 478 677 478
289 1090 325 1090 325 1112 289 1112
753 808 768 808 768 830 753 830
282 657 302 657 302 680 282 680
620 839 641 839 641 862 620 862
553 306 581 306 581 329 553 329
633 1081 661 1081 661 1104 633 1104
472 280 510 280 510 303 472 303
78 1247 96 1247 96 1270 78 1270
555 693 586 693 586 716 555 716
64 570 99 570 99 593 64 593
490 664 511 664 511 688 490 688
342 883 373 883 373 907 342 907
542 667 574 667 574 691 542 691
347 796 381 796 381 820 347 820
147 371 161 371 161 395 147 395
758 1218 774 1218 774 1242 758 1242
339 282 364 282 364 306 339 306
131 532 169 532 169 556 131 556
671 496 718 496 718 520 671 520
76 702 97 702 97 727 76 727
616 281 641 281 641 306 616 306
751 1243 778 1243 778 1268 751 1268
292 1060 322 1060 322 1085 292 1085
415 1226 450 1226 450 1251 415 1251
204 613 241 613 241 638 204 638
743 1074 780 1074 780 1099 743 1099
414 796 438 796 438 821 414 821
476 440 503 440 503 465 476 465
548 1074 576 1074 576 1099 548 1099
69 924 102 924 102 949 69 949
65 544 98 544 98 569 65 569
805 309 839 309 839 334 805 334
216 762 251 762 251 787 216 787
407 1050 446 1050 446 1075 407 1075
673 1219 718 1219 718 1244 673 1244
71 1063 120 1063 120 1088 71 1088
211 531 231 531 231 557 211 557
486 960 509 960 509 986 486 986
420 1254 446 1254 446 1280 420 1280
681 547 717 547 717 573 681 573
672 1276 710 1276 710 1302 672 1302
484 351 501 351 501 377 484 377
552 847 574 847 574 873 552 873
74 981 97 981 97 1007 74 1007
490 757 523 757 523 783 490 783
544 914 587 914 587 940 544 940
617 590 638 590 638 616 617 616
415 769 436 769 436 795 415 795
136 1038 179 1038 179 1064 136 1064
801 338 845 338 845 364 801 364
202 787 246 787 246 813 202 813
545 276 567 276 567 303 545 303
703 309 732 309 732 336 703 336
675 520 713 520 713 547 675 547
473 860 514 860 514 887 473 887
554 583 572 583 572 610 554 610
612 772 646 772 646 799 612 799
341 770 376 770 376 797 341 797
64 951 107 951 107 978 64 978
351 642 366 642 366 670 351 670
145 503 162 503 162 531 145 531
144 977 163 977 163 1005 144 1005
145 815 166 815 166 843 145 843
548 775 577 775 577 803 548 803
351 188 382 188 382 216 351 216
415 506 437 506 437 534 415 534
283 829 305 829 305 857 283 857
256 189 286 189 286 217 256 217
633 993 664 993 664 1021 633 1021
817 463 838 463 838 491 817 491
421 883 443 883 443 911 421 911
143 736 170 736 170 764 143 764
745 468 778 468 778 496 745 496
702 339 735 339 735 367 702 367
138 1286 172 1286 172 1314 138 1314
676 1054 711 1054 711 1082 676 1082
617 746 657 746 657 774 617 774
278 572 297 572 297 601 278 601
348 856 369 856 369 885 348 885
213 1085 235 1085 235 1114 213 1114
755 1188 777 1188 777 1217 755 1217
477 490 511 490 511 519 477 519
66 1271 101 1271 101 1300 66 1300
411 1121 447 1121 447 1150 411 1150
76 896 97 896 97 925 76 925
264 312 306 312 306 341 264 341
131 877 178 877 178 906 131 906
685 1187 709 1187 709 1216 685 1216
541 395 574 395 574 424 541 424
551 745 587 745 587 774 551 774
741 953 784 953 784 982 741 982
752 864 773 864 773 894 752 894
605 927 628 927 628 957 605 957
418 1195 441 1195 441 1225 418 1225
630 950 657 950 657 980 630 980
292 1028 319 1028 319 1058 292 1058
210 1330 245 1330 245 1360 210 1360
743 679 781 679 781 709 743 709
132 1005 173 1005 173 1035 132 1035
684 655 710 655 710 685 684 685
746 831 774 831 774 861 746 861
681 685 714 685 714 715 681 715
142 1197 179 1197 179 1227 142 1227
545 713 584 713 584 743 545 743
272 758 313 758 313 788 272 788
739 582 783 582 783 612 739 612
753 1099 769 1099 769 1130 753 1130
135 396 170 396 170 427 135 427
266 385 304 385 304 416 266 416
744 1271 783 1271 783 1302 744 1302
65 1180 107 1180 107 1211 65 1211
334 308 383 308 383 339 334 339
692 877 709 877 709 908 692 908
555 988 576 988 576 1019 555 1019
275 859 310 859 310 890 275 890
477 786 513 786 513 817 477 817
743 1140 781 1140 781 1171 743 1171
607 886 652 886 652 917 607 917
771 314 791 314 791 345 771 345
139 704 163 704 163 735 139 735
293 968 321 968 321 999 293 999
541 328 577 328 577 359 541 359
550 1098 586 1098 586 1129 550 1129
739 650 777 650 777 681 739 681
63 435 104 435 104 466 63 466
806 365 851 365 851 396 806 396
216 932 234 932 234 964 216 964
605 962 627 962 627 994 605 994
544 874 577 874 577 906 544 906
267 278 304 278 304 310 267 310
545 1130 587 1130 587 1162 545 1162
490 592 521 592 521 624 490 624
811 396 844 396 844 428 811 428
203 682 242 682 242 714 203 714
196 284 238 284 238 316 196 316
295 931 316 931 316 964 295 964
344 341 367 341 367 374 344 374
211 1172 235 1172 235 1205 211 1205
547 1015 579 1015 579 1048 547 1048
482 986 516 986 516 1019 482 1019
135 468 170 468 170 501 135 501
609 615 644 615 644 648 609 648
546 610 581 610 581 643 546 643
203 552 239 552 239 585 203 585
200 854 240 854 240 887 200 887
681 844 706 844 706 877 681 877
481 518 516 518 516 551 481 551
64 463 103 463 103 496 64 496
272 345 313 345 313 378 272 378
408 1317 451 1317 451 1350 408 1350
819 430 837 430 837 464 819 464
545 361 571 361 571 395 545 395
323 188 352 188 352 222 323 222
679 1133 712 1133 712 1167 679 1167
406 691 442 691 442 725 406 725
412 823 450 823 450 857 412 857
272 721 312 721 312 755 272 755
133 431 175 431 175 465 133 465
542 518 584 518 584 552 542 552
135 1263 185 1263 185 1297 135 1297
210 359 227 359 227 393 210 393
525 183 553 183 553 217 525 217
618 801 648 801 648 835 618 835
132 306 169 306 169 340 132 340
608 309 651 309 651 343 608 343
434 375 460 375 460 410 434 410
428 316 455 316 455 351 428 351
208 965 240 965 240 1000 208 1000
67 746 103 746 103 781 67 781
339 730 377 730 377 765 339 765
338 907 379 907 379 942 338 942
151 904 170 904 170 939 151 939
754 898 775 898 775 933 754 933
346 668 377 668 377 703 346 703
272 500 304 500 304 535 272 535
138 1165 171 1165 171 1200 138 1200
746 549 784 549 784 584 746 584
476 889 516 889 516 924 476 924
687 1082 701 1082 701 1117 687 1117
616 713 640 713 640 748 616 748
73 1209 99 1209 99 1244 73 1244
200 229 236 229 236 264 200 264
266 539 313 539 313 574 266 574
687 810 705 810 705 846 687 846
606 998 630 998 630 1034 606 1034
475 372 505 372 505 408 475 408
554 185 590 185 590 221 554 221
271 416 303 416 303 452 271 452
342 820 382 820 382 856 342 856
669 775 711 775 711 811 669 811
273 597 306 597 306 633 273 633
209 1109 244 1109 244 1145 209 1145
547 1321 591 1321 591 1357 547 1357
751 989 781 989 781 1026 751 1026
608 227 643 227 643 264 608 264
417 1278 456 1278 456 1315 417 1315
402 452 445 452 445 489 402 489
742 514 786 514 786 551 742 551
87 774 99 774 99 811 87 811
694 1238 706 1238 706 1275 694 1275
202 497 244 497 244 534 202 534
611 674 654 674 654 711 611 711
73 1027 107 1027 107 1065 73 1065
604 187 638 187 638 225 604 225
207 1271 242 1271 242 1309 207 1309
135 615 171 615 171 653 135 653
678 912 723 912 723 950 678 950
409 416 430 416 430 454 409 454
208 1002 241 1002 241 1040 208 1040
408 534 445 534 445 572 408 572
137 1129 175 1129 175 1167 137 1167
545 1195 584 1195 584 1233 545 1233
143 841 183 841 183 879 143 879
688 716 715 716 715 754 688 754
547 549 574 549 574 587 547 587
146 1226 175 1226 175 1264 146 1264
409 653 445 653 445 691 409 691
476 553 522 553 522 591 476 591
63 1143 112 1143 112 1181 63 1181
341 522 377 522 377 561 341 561
611 502 649 502 649 541 611 541
211 716 247 716 247 755 211 755
339 603 381 603 381 642 339 642
401 595 457 595 457 634 401 634
288 222 310 222 310 262 288 262
549 1155 584 1155 584 1195 549 1195
547 1282 584 1282 584 1322 547 1322
740 1031 784 1031 784 1071 740 1071
73 610 89 610 89 650 73 650
751 612 776 612 776 652 751 652
540 472 584 472 584 512 540 512
406 855 455 855 455 895 406 895
751 425 775 425 775 465 751 465
480 622 507 622 507 662 480 662
277 786 320 786 320 826 277 826
288 679 297 679 297 720 288 720
480 818 506 818 506 859 480 859
201 317 229 317 229 358 201 358
66 500 101 500 101 541 66 541
473 306 511 306 511 347 473 347
407 724 449 724 449 765 407 765
604 391 649 391 649 432 604 432
215 634 234 634 234 675 215 675
266 455 311 455 311 496 266 496
678 611 718 611 718 652 678 652
78 384 86 384 86 426 78 426
135 1315 189 1315 189 1357 135 1357
419 909 439 909 439 951 419 951
137 556 171 556 171 598 137 598
686 573 707 573 707 616 686 616
334 426 375 426 375 469 334 469
201 1201 258 1201 258 1244 201 1244
546 427 574 427 574 470 546 470
348 376 366 376 366 419 348 419
135 338 163 338 163 381 135 381
631 343 642 343 642 387 631 387
216 808 237 808 237 852 216 852
684 409 706 409 706 453 684 453
768 345 796 345 796 389 768 389
69 307 99 307 99 351 69 351
205 1229 240 1229 240 1273 205 1273
341 560 380 560 380 604 341 604
196 398 242 398 242 442 196 442
128 656 178 656 178 700 128 700
630 1028 661 1028 661 1072 630 1072
412 1151 459 1151 459 1195 412 1195
207 886 236 886 236 931 207 931
480 708 514 708 514 753 480 753
540 943 587 943 587 988 540 988
141 928 163 928 163 973 141 973
414 1002 448 1002 448 1047 414 1047
548 1236 587 1236 587 1281 548 1281
678 1301 717 1301 717 1346 678 1346
202 1042 249 1042 249 1087 202 1087
553 803 577 803 577 848 553 848
675 1007 715 1007 715 1052 675 1052
747 759 779 759 779 805 747 805
750 710 773 710 773 757 750 757
66 801 95 801 95 848 66 848
813 492 847 492 847 539 813 539
66 1106 113 1106 113 1153 66 1153
476 919 528 919 528 966 476 966
409 952 456 952 456 999 409 999
606 540 652 540 652 588 606 588
68 848 103 848 103 897 68 897
140 1064 177 1064 177 1113 140 1113
412 1076 455 1076 455 1125 412 1125
682 954 711 954 711 1005 682 1005
342 472 374 472 374 523 342 523
206 445 243 445 243 498 206 498
750 1297 789 1297 789 1350 750 1350
66 1302 108 1302 108 1355 66 1355
611 434 648 434 648 491 611 491
132 762 171 762 171 819 132 819
