838 846 866 846 866 861 838 861
555 1025 591 1025 591 1041 555 1041
693 1231 726 1231 726 1247 693 1247
277 722 295 722 295 739 277 739
698 376 728 376 728 393 698 393
772 1102 790 1102 790 1119 772 1119
770 597 791 597 791 615 770 615
278 1078 296 1078 296 1096 278 1096
415 972 434 972 434 990 415 990
691 778 725 778 725 796 691 796
332 498 384 498 384 517 332 517
344 306 365 306 365 325 344 325
201 425 234 425 234 444 201 444
700 1248 720 1248 720 1268 700 1268
418 597 440 597 440 617 418 617
909 992 939 992 939 1012 909 1012
839 1019 870 1019 870 1039 839 1039
910 1204 941 1204 941 1224 910 1224
340 551 372 551 372 571 340 571
764 1080 798 1080 798 1100 764 1100
846 1093 860 1093 860 1113 846 1113
702 649 723 649 723 669 702 669
276 875 298 875 298 895 276 895
206 817 232 817 232 837 206 837
697 624 730 624 730 644 697 644
911 1362 937 1362 937 1382 911 1382
625 782 657 782 657 802 625 802
839 741 867 741 867 762 839 762
134 903 166 903 166 924 134 924
764 1168 802 1168 802 1189 764 1189
900 621 936 621 936 643 900 643
139 612 163 612 163 634 139 634
339 1086 374 1086 374 1108 339 1108
831 1212 883 1212 883 1234 831 1234
625 1330 659 1330 659 1352 625 1352
833 492 868 492 868 514 833 514
414 1405 450 1405 450 1427 414 1427
546 459 601 459 601 481 546 481
487 1105 511 1105 511 1128 487 1128
687 603 740 603 740 626 687 626
628 1273 650 1273 650 1296 628 1296
201 1363 244 1363 244 1386 201 1386
838 464 863 464 863 488 838 488
692 1149 726 1149 726 1173 692 1173
702 833 721 833 721 857 702 857
342 471 376 471 376 495 342 495
690 1307 726 1307 726 1331 690 1331
702 1374 722 1374 722 1398 702 1398
763 769 796 769 796 793 763 793
776 1256 795 1256 795 1281 776 1281
271 945 297 945 297 970 271 970
776 1228 805 1228 805 1253 776 1253
833 908 868 908 868 933 833 933
915 1177 937 1177 937 1202 915 1202
770 382 795 382 795 407 770 407
339 843 375 843 375 868 339 868
697 393 736 393 736 418 697 418
843 714 866 714 866 740 843 740
348 443 373 443 373 469 348 469
195 394 235 394 235 420 195 420
846 1186 868 1186 868 1212 846 1212
413 1387 447 1387 447 1413 413 1413
900 1227 944 1227 944 1253 900 1253
126 1013 174 1013 174 1039 126 1039
843 1067 863 1067 863 1093 843 1093
565 1119 586 1119 586 1145 565 1145
631 1301 653 1301 653 1327 631 1327
772 740 794 740 794 766 772 766
483 899 516 899 516 925 483 925
135 721 174 721 174 748 135 748
833 599 876 599 876 626 833 626
417 752 438 752 438 779 417 779
561 382 585 382 585 409 561 409
828 309 862 309 862 336 828 336
768 1002 803 1002 803 1029 768 1029
899 591 935 591 935 618 899 618
688 709 729 709 729 736 688 736
829 1038 871 1038 871 1065 829 1065
206 1397 242 1397 242 1425 206 1425
694 1397 730 1397 730 1425 694 1425
129 878 169 878 169 906 129 906
910 723 930 723 930 751 910 751
697 460 723 460 723 488 697 488
487 978 513 978 513 1006 487 1006
563 1086 592 1086 592 1114 563 1114
623 1024 654 1024 654 1052 623 1052
416 1038 434 1038 434 1066 416 1066
197 947 233 947 233 975 197 975
136 1401 158 1401 158 1430 136 1430
476 405 513 405 513 434 476 434
484 670 523 670 523 699 484 699
269 438 315 438 315 467 269 467
631 1163 653 1163 653 1192 631 1192
841 986 865 986 865 1015 841 1015
204 666 229 666 229 695 204 695
279 1092 314 1092 314 1121 279 1121
556 993 593 993 593 1022 556 1022
266 842 307 842 307 871 266 871
900 515 937 515 937 545 900 545
137 1369 156 1369 156 1399 137 1399
406 356 444 356 444 386 406 386
556 1260 588 1260 588 1291 556 1291
478 874 521 874 521 905 478 905
422 1143 444 1143 444 1174 422 1174
280 1329 321 1329 321 1360 280 1360
832 383 865 383 865 414 832 414
694 340 727 340 727 371 694 371
623 538 657 538 657 569 623 569
910 1331 945 1331 945 1362 910 1362
267 1047 306 1047 306 1078 267 1078
759 794 801 794 801 825 759 825
407 1112 454 1112 454 1143 407 1143
630 749 656 749 656 781 630 781
769 708 796 708 796 740 769 740
200 1003 229 1003 229 1035 200 1035
342 1342 373 1342 373 1374 342 1374
839 1116 870 1116 870 1148 839 1148
765 458 802 458 802 490 765 490
341 372 382 372 382 404 341 404
771 525 791 525 791 557 771 557
701 898 725 898 725 930 701 930
837 1152 876 1152 876 1184 837 1184
620 1351 659 1351 659 1383 620 1383
197 784 237 784 237 816 197 816
894 400 935 400 935 432 894 432
347 1049 373 1049 373 1082 347 1082
907 831 934 831 934 864 907 864
200 518 236 518 236 551 200 551
262 469 306 469 306 502 262 502
346 645 364 645 364 678 346 678
705 796 725 796 725 829 705 829
768 620 793 620 793 653 768 653
690 486 734 486 734 519 690 519
202 594 247 594 247 627 202 627
143 1166 156 1166 156 1199 143 1199
276 653 293 653 293 686 276 686
619 362 661 362 661 395 619 395
565 345 584 345 584 379 565 379
913 1138 935 1138 935 1172 913 1172
841 628 869 628 869 662 841 662
413 1175 450 1175 450 1209 413 1209
202 1229 239 1229 239 1263 202 1263
128 465 167 465 167 499 128 499
421 213 464 213 464 247 421 247
829 763 873 763 873 797 829 797
336 1311 381 1311 381 1345 336 1345
418 897 436 897 436 931 418 931
271 976 299 976 299 1010 271 1010
771 1282 800 1282 800 1316 771 1316
488 523 510 523 510 558 488 558
702 523 726 523 726 558 702 558
346 513 374 513 374 548 346 548
335 806 377 806 377 841 335 841
694 1273 736 1273 736 1308 694 1308
470 633 527 633 527 668 470 668
411 439 446 439 446 474 411 474
194 443 238 443 238 478 194 478
763 932 800 932 800 967 763 967
273 1357 311 1357 311 1392 273 1392
334 1108 375 1108 375 1143 334 1143
900 1296 952 1296 952 1331 900 1331
755 492 812 492 812 527 755 527
632 803 654 803 654 839 632 839
132 637 169 637 169 673 132 673
336 876 374 876 374 912 336 912
410 931 449 931 449 967 410 967
267 681 307 681 307 717 267 717
270 1253 312 1253 312 1289 270 1289
548 678 594 678 594 714 548 714
560 473 582 473 582 509 560 509
694 859 727 859 727 895 694 895
338 674 373 674 373 710 338 710
829 338 869 338 869 374 829 374
619 1388 672 1388 672 1424 619 1424
917 796 927 796 927 833 917 833
210 1266 233 1266 233 1303 210 1303
758 305 798 305 798 342 758 342
905 1047 946 1047 946 1084 905 1084
126 385 167 385 167 422 126 422
338 1143 383 1143 383 1180 338 1180
547 604 597 604 597 641 547 641
411 558 449 558 449 595 411 595
550 803 588 803 588 840 550 840
902 645 941 645 941 682 902 682
757 554 798 554 798 591 757 591
478 836 521 836 521 873 478 873
202 699 229 699 229 736 202 736
617 393 658 393 658 430 617 430
691 1059 733 1059 733 1096 691 1096
698 672 718 672 718 710 698 710
782 1189 802 1189 802 1227 782 1227
129 426 161 426 161 464 129 464
477 607 511 607 511 645 477 645
409 782 443 782 443 820 409 820
626 707 661 707 661 745 626 745
694 1022 731 1022 731 1060 694 1060
692 301 729 301 729 339 692 339
831 555 877 555 877 593 831 593
266 1390 317 1390 317 1428 266 1428
403 1272 457 1272 457 1310 403 1310
905 548 930 548 930 586 905 586
553 641 589 641 589 679 553 679
622 575 665 575 665 613 622 613
390 214 423 214 423 253 390 253
836 672 871 672 871 711 836 711
411 1312 454 1312 454 1351 411 1351
128 1129 175 1129 175 1168 128 1168
617 1236 667 1236 667 1275 617 1275
201 304 227 304 227 343 201 343
203 1082 234 1082 234 1121 203 1121
410 666 450 666 450 705 410 705
756 213 800 213 800 252 756 252
829 868 882 868 882 907 829 907
903 478 922 478 922 517 903 517
554 508 585 508 585 547 554 547
408 821 449 821 449 860 408 860
765 1126 806 1126 806 1165 765 1165
896 683 941 683 941 722 896 722
913 916 934 916 934 956 913 956
410 997 448 997 448 1037 410 1037
828 515 871 515 871 555 828 555
123 751 172 751 172 791 123 791
896 435 928 435 928 475 896 475
197 476 239 476 239 516 197 516
689 935 742 935 742 975 689 975
567 1043 585 1043 585 1084 567 1084
275 899 297 899 297 940 275 940
488 1130 511 1130 511 1171 488 1171
767 338 791 338 791 379 767 379
554 309 591 309 591 350 554 350
550 948 591 948 591 989 550 989
195 903 239 903 239 944 195 944
198 1190 246 1190 246 1231 198 1231
214 551 231 551 231 592 214 592
273 1211 306 1211 306 1252 273 1252
481 746 518 746 518 787 481 787
127 835 165 835 165 876 127 876
763 963 802 963 802 1004 763 1004
271 1288 312 1288 312 1329 271 1329
620 665 664 665 664 706 620 706
627 1195 651 1195 651 1236 627 1236
407 389 448 389 448 430 407 430
763 413 805 413 805 454 763 454
125 1086 174 1086 174 1127 125 1127
551 1292 601 1292 601 1333 551 1333
224 976 231 976 231 1018 224 1018
344 962 363 962 363 1004 344 1004
483 703 509 703 509 745 483 745
554 1332 593 1332 593 1374 554 1374
409 522 448 522 448 564 409 564
621 484 662 484 662 526 621 526
334 575 378 575 378 617 334 617
903 1007 948 1007 948 1049 903 1049
903 1383 952 1383 952 1425 903 1425
273 747 299 747 299 790 273 790
267 1007 305 1007 305 1050 267 1050
902 956 941 956 941 999 902 999
550 760 589 760 589 803 550 803
128 338 170 338 170 381 128 381
130 969 175 969 175 1012 130 1012
826 416 876 416 876 459 826 459
705 558 724 558 724 601 705 601
556 411 583 411 583 454 556 454
766 1034 795 1034 795 1077 766 1077
340 1179 379 1179 379 1222 340 1222
483 1240 522 1240 522 1283 483 1283
203 621 230 621 230 665 203 665
137 925 168 925 168 969 137 969
479 484 520 484 520 528 479 528
481 789 525 789 525 833 481 833
702 1329 723 1329 723 1373 702 1373
337 765 371 765 371 809 337 809
624 1053 659 1053 659 1097 624 1097
907 1254 944 1254 944 1299 907 1299
272 1165 316 1165 316 1210 272 1210
343 1266 373 1266 373 1311 343 1311
136 1319 166 1319 166 1364 136 1364
697 974 732 974 732 1019 697 1019
267 791 306 791 306 836 267 836
129 787 171 787 171 832 129 832
197 342 239 342 239 387 197 387
337 401 384 401 384 446 337 446
897 750 946 750 946 795 897 795
356 1221 364 1221 364 1266 356 1266
137 1036 158 1036 158 1081 137 1081
628 917 664 917 664 962 628 962
408 303 448 303 448 348 408 348
264 392 311 392 311 437 264 437
273 348 300 348 300 394 273 394
695 419 727 419 727 465 695 465
201 738 234 738 234 784 201 784
200 1040 239 1040 239 1086 200 1086
336 325 377 325 377 371 336 371
402 704 452 704 452 750 402 750
617 311 658 311 658 357 617 357
261 305 307 305 307 351 261 351
478 1012 527 1012 527 1058 478 1058
206 1307 243 1307 243 1354 206 1354
619 437 661 437 661 484 619 484
264 1124 311 1124 311 1171 264 1171
413 1067 447 1067 447 1114 413 1114
128 1208 173 1208 173 1255 128 1255
556 712 583 712 583 759 556 759
482 559 514 559 514 606 482 606
550 843 592 843 592 890 550 890
339 998 374 998 374 1046 339 1046
692 730 740 730 740 778 692 778
772 654 794 654 794 702 772 702
473 303 511 303 511 351 473 351
265 498 306 498 306 546 265 546
491 1055 509 1055 509 1104 491 1104
622 865 668 865 668 914 622 914
553 1378 606 1378 606 1427 553 1427
405 473 451 473 451 522 405 522
340 610 371 610 371 659 340 659
405 620 447 620 447 669 405 669
334 712 376 712 376 761 334 761
489 929 511 929 511 979 489 979
339 911 374 911 374 961 339 961
902 1087 941 1087 941 1137 902 1137
831 794 877 794 877 844 831 844
412 855 440 855 440 906 412 906
484 437 519 437 519 488 484 488
694 1096 725 1096 725 1147 694 1147
903 866 939 866 939 917 903 917
411 1338 449 1338 449 1389 411 1389
129 670 170 670 170 721 129 721
473 354 525 354 525 406 473 406
760 1371 807 1371 807 1423 760 1423
618 965 667 965 667 1017 618 1017
570 1211 578 1211 578 1264 570 1264
896 307 939 307 939 360 896 360
760 879 799 879 799 932 760 932
265 542 312 542 312 595 265 595
763 1314 801 1314 801 1368 763 1368
689 1173 732 1173 732 1228 689 1228
334 1375 382 1375 382 1430 334 1430
894 356 945 356 945 411 894 411
553 889 598 889 598 944 553 944
548 551 601 551 601 607 548 607
128 1256 174 1256 174 1313 128 1313
761 824 811 824 811 882 761 882
476 1175 520 1175 520 1234 476 1234
124 551 170 551 170 611 124 611
408 1209 455 1209 455 1270 408 1270
267 592 316 592 316 655 267 655
216 1120 224 1120 224 1183 216 1183
854 1230 862 1230 862 1294 854 1294
551 1146 592 1146 592 1217 551 1217
502 1283 510 1283 510 1354 502 1354
