214 529 243 529 243 545 214 545
274 641 293 641 293 658 274 658
829 1143 860 1143 860 1160 829 1160
624 969 643 969 643 987 624 987
128 838 149 838 149 856 128 856
550 705 582 705 582 723 550 723
59 1210 79 1210 79 1228 59 1228
198 998 219 998 219 1017 198 1017
624 610 644 610 644 629 624 629
135 518 157 518 157 537 135 537
542 1276 581 1276 581 1295 542 1295
126 1142 146 1142 146 1162 126 1162
419 352 440 352 440 372 419 372
341 783 362 783 362 803 341 803
341 1207 360 1207 360 1227 341 1227
133 903 164 903 164 923 133 923
218 544 232 544 232 564 218 564
59 895 79 895 79 915 59 915
841 969 853 969 853 990 841 990
338 427 360 427 360 449 338 449
265 827 294 827 294 849 265 849
825 747 854 747 854 769 825 769
475 1261 508 1261 508 1283 475 1283
755 725 790 725 790 747 755 747
754 974 793 974 793 996 754 996
218 733 237 733 237 755 218 755
340 1379 361 1379 361 1401 340 1401
122 1407 145 1407 145 1429 122 1429
211 589 246 589 246 611 211 611
194 1329 214 1329 214 1353 194 1353
218 442 245 442 245 466 218 466
820 946 856 946 856 970 820 970
222 503 244 503 244 527 222 527
610 1376 642 1376 642 1401 610 1401
216 562 238 562 238 587 216 587
749 911 796 911 796 936 749 936
66 307 90 307 90 333 66 333
551 346 580 346 580 372 551 372
822 411 855 411 855 437 822 437
617 636 656 636 656 662 617 662
197 1086 215 1086 215 1112 197 1112
56 1234 82 1234 82 1260 56 1260
409 592 442 592 442 618 409 618
756 657 791 657 791 683 756 683
485 980 508 980 508 1006 485 1006
546 952 583 952 583 978 546 978
479 477 519 477 519 503 479 503
61 913 101 913 101 939 61 939
181 1305 229 1305 229 1331 181 1331
623 993 653 993 653 1020 623 1020
556 833 576 833 576 861 556 861
765 504 791 504 791 532 765 532
215 757 241 757 241 785 215 785
200 1151 230 1151 230 1179 200 1179
814 1351 862 1351 862 1379 814 1379
414 562 437 562 437 590 414 590
130 447 154 447 154 475 130 475
611 1059 645 1059 645 1087 611 1087
49 1053 90 1053 90 1081 49 1081
263 214 306 214 306 242 263 242
259 306 304 306 304 334 259 334
340 1139 357 1139 357 1167 340 1167
558 631 581 631 581 659 558 659
332 913 360 913 360 941 332 941
824 1321 857 1321 857 1349 824 1349
756 884 791 884 791 912 756 912
335 1402 371 1402 371 1430 335 1430
555 372 592 372 592 400 555 400
54 380 95 380 95 408 54 408
200 929 218 929 218 958 200 958
833 506 853 506 853 535 833 535
271 665 294 665 294 694 271 694
543 1091 592 1091 592 1120 543 1120
484 1232 505 1232 505 1261 484 1261
199 1023 237 1023 237 1052 199 1052
487 622 509 622 509 652 487 652
621 1214 644 1214 644 1244 621 1244
273 797 296 797 296 827 273 827
57 981 79 981 79 1011 57 1011
123 1167 159 1167 159 1197 123 1197
272 573 294 573 294 604 272 604
265 409 303 409 303 440 265 440
126 1343 145 1343 145 1374 126 1374
822 476 859 476 859 507 822 507
757 624 795 624 795 655 757 655
349 475 388 475 388 506 349 506
557 550 581 550 581 581 557 581
60 1260 88 1260 88 1291 60 1291
52 1291 87 1291 87 1322 52 1322
545 977 581 977 581 1008 545 1008
477 501 515 501 515 532 477 532
472 1284 510 1284 510 1315 472 1315
213 467 251 467 251 499 213 499
762 809 802 809 802 841 762 841
604 1398 655 1398 655 1430 604 1430
341 352 358 352 358 384 341 384
836 1113 858 1113 858 1145 836 1145
256 850 303 850 303 882 256 882
61 817 79 817 79 850 61 850
124 758 144 758 144 791 124 791
206 616 245 616 245 649 206 649
540 1393 580 1393 580 1426 540 1426
766 784 783 784 783 817 766 817
273 383 304 383 304 416 273 416
189 1393 226 1393 226 1426 189 1426
766 935 780 935 780 969 766 969
128 1068 147 1068 147 1102 128 1102
623 538 647 538 647 572 623 572
132 545 169 545 169 579 132 579
469 901 516 901 516 935 469 935
618 658 655 658 655 693 618 693
267 757 312 757 312 792 267 792
351 509 383 509 383 544 351 544
47 1170 83 1170 83 1205 47 1205
547 306 587 306 587 341 547 341
261 600 302 600 302 635 261 635
401 620 446 620 446 655 401 655
329 390 376 390 376 425 329 425
610 1287 658 1287 658 1322 610 1322
196 1352 216 1352 216 1388 196 1388
762 1129 786 1129 786 1165 762 1165
754 1161 787 1161 787 1197 754 1197
542 1161 589 1161 589 1197 542 1197
830 994 847 994 847 1030 830 1030
620 1021 643 1021 643 1057 620 1057
55 1131 78 1131 78 1167 55 1167
190 1110 227 1110 227 1146 190 1146
331 1047 368 1047 368 1083 331 1083
763 467 785 467 785 504 763 504
763 431 800 431 800 468 763 468
332 704 372 704 372 741 332 741
759 1053 799 1053 799 1090 759 1090
616 1246 650 1246 650 1283 616 1283
546 862 580 862 580 899 546 899
332 1163 367 1163 367 1200 332 1200
824 1025 861 1025 861 1062 824 1062
56 340 94 340 94 377 56 377
477 826 515 826 515 863 477 863
756 744 794 744 794 781 756 781
261 495 307 495 307 532 261 532
752 1248 799 1248 799 1285 752 1285
762 308 798 308 798 345 762 345
821 821 862 821 862 858 821 858
823 626 864 626 864 663 823 663
541 1009 589 1009 589 1046 541 1046
541 661 595 661 595 698 541 698
842 1157 863 1157 863 1195 842 1195
761 535 787 535 787 573 761 573
824 907 864 907 864 945 824 945
472 708 523 708 523 746 472 746
194 402 247 402 247 440 194 440
51 1013 87 1013 87 1051 51 1051
480 359 518 359 518 397 480 397
118 1368 157 1368 157 1406 118 1406
183 1224 224 1224 224 1262 183 1262
613 929 656 929 656 967 613 967
615 502 659 502 659 540 615 540
465 1354 518 1354 518 1392 465 1392
699 399 729 399 729 438 699 438
619 566 654 566 654 605 619 605
123 579 164 579 164 618 123 618
187 1053 232 1053 232 1092 187 1092
611 216 659 216 659 255 611 255
130 860 151 860 151 899 130 899
54 851 87 851 87 890 54 890
53 942 87 942 87 981 53 981
471 1316 510 1316 510 1355 471 1355
399 475 449 475 449 514 399 514
483 434 514 434 514 473 483 473
126 474 165 474 165 513 126 513
193 955 231 955 231 995 193 995
751 1338 789 1338 789 1378 751 1378
543 1198 585 1198 585 1238 543 1238
259 530 310 530 310 570 259 570
827 440 856 440 856 480 827 480
760 1090 794 1090 794 1130 760 1130
187 1263 222 1263 222 1303 187 1303
542 1232 579 1232 579 1272 542 1272
334 547 375 547 375 587 334 587
605 1127 650 1127 650 1167 605 1167
690 358 742 358 742 398 690 398
619 1088 644 1088 644 1129 619 1129
759 842 789 842 789 883 759 883
762 343 794 343 794 384 762 384
334 739 369 739 369 780 334 780
619 404 660 404 660 445 619 445
122 413 165 413 165 454 122 454
470 1010 517 1010 517 1051 470 1051
193 790 234 790 234 831 193 831
615 891 656 891 656 932 615 932
473 399 518 399 518 440 473 440
47 1088 94 1088 94 1129 47 1129
538 1118 587 1118 587 1159 538 1159
824 704 866 704 866 745 824 745
473 534 517 534 517 575 473 575
758 683 788 683 788 725 758 725
408 307 439 307 439 349 408 349
122 790 155 790 155 832 122 832
476 1388 509 1388 509 1430 476 1430
112 1259 169 1259 169 1301 112 1301
125 925 158 925 158 967 125 967
476 861 515 861 515 903 476 903
117 1099 156 1099 156 1141 117 1141
326 1338 370 1338 370 1380 326 1380
824 308 861 308 861 351 824 351
474 938 511 938 511 981 474 981
614 309 660 309 660 352 614 352
474 1188 521 1188 521 1231 474 1231
212 688 243 688 243 731 212 731
263 244 303 244 303 287 263 287
615 699 659 699 659 742 615 742
264 450 308 450 308 493 264 493
610 1168 657 1168 657 1211 610 1211
698 437 724 437 724 481 698 481
45 1321 92 1321 92 1365 45 1365
614 740 665 740 665 784 614 784
194 1180 223 1180 223 1224 194 1224
53 507 99 507 99 551 53 551
826 534 873 534 873 578 826 578
204 306 231 306 231 351 204 351
474 1147 513 1147 513 1192 474 1192
474 1050 516 1050 516 1095 474 1095
328 942 373 942 373 987 328 987
538 1344 589 1344 589 1389 538 1389
198 354 234 354 234 399 198 399
818 578 868 578 868 623 818 623
340 307 359 307 359 352 340 352
405 513 452 513 452 558 405 558
832 1380 850 1380 850 1426 832 1426
758 574 795 574 795 620 758 620
474 741 517 741 517 787 474 787
546 1047 591 1047 591 1093 546 1093
821 657 863 657 863 703 821 703
55 461 102 461 102 507 55 507
403 378 450 378 450 424 403 424
618 354 665 354 665 401 618 401
701 309 723 309 723 356 701 356
556 584 579 584 579 631 556 631
193 882 233 882 233 930 193 930
545 454 591 454 591 502 545 502
117 971 165 971 165 1019 117 1019
120 716 169 716 169 764 120 764
547 1293 569 1293 569 1341 547 1341
125 665 162 665 162 713 125 713
824 1063 863 1063 863 1112 824 1112
328 1234 376 1234 376 1283 328 1283
117 1204 154 1204 154 1253 117 1253
120 363 163 363 163 412 120 412
52 411 101 411 101 460 52 460
548 401 584 401 584 451 548 451
198 836 236 836 236 886 198 886
762 381 793 381 793 431 762 431
477 572 524 572 524 622 477 622
749 1378 799 1378 799 1428 749 1428
340 806 358 806 358 857 340 857
335 594 382 594 382 645 335 645
542 496 593 496 593 547 542 547
331 992 364 992 364 1043 331 1043
55 551 96 551 96 602 55 602
617 449 659 449 659 500 617 500
271 694 291 694 291 746 271 746
119 1015 159 1015 159 1067 119 1067
614 782 655 782 655 834 614 834
480 780 507 780 507 832 480 832
471 1096 522 1096 522 1148 471 1148
543 724 589 724 589 777 543 777
112 1299 160 1299 160 1352 112 1352
482 307 518 307 518 360 482 360
473 652 528 652 528 705 473 705
132 619 154 619 154 672 132 672
754 1285 789 1285 789 1339 754 1339
754 1009 794 1009 794 1063 754 1063
818 769 858 769 858 824 818 824
51 659 92 659 92 714 51 714
751 1193 796 1193 796 1248 751 1248
49 762 98 762 98 817 49 817
550 896 583 896 583 951 550 951
400 419 450 419 450 474 400 474
283 323 291 323 291 379 283 379
124 307 163 307 163 363 124 363
326 1284 374 1284 374 1340 326 1340
47 718 97 718 97 774 47 774
326 1078 374 1078 374 1134 326 1134
827 859 862 859 862 916 827 916
822 1200 861 1200 861 1258 822 1258
617 833 656 833 656 891 617 891
52 606 105 606 105 664 52 664
608 1316 651 1316 651 1374 608 1374
547 770 587 770 587 829 547 829
331 645 373 645 373 704 331 704
51 1368 82 1368 82 1428 51 1428
826 1257 863 1257 863 1318 826 1318
343 849 365 849 365 918 343 918
