826 1227 854 1227 854 1241 826 1241
206 1291 228 1291 228 1306 206 1306
341 1395 367 1395 367 1411 341 1411
831 932 841 932 841 950 831 950
546 1394 572 1394 572 1412 546 1412
551 516 569 516 569 535 551 535
60 737 80 737 80 756 60 756
756 652 777 652 777 671 756 671
60 992 80 992 80 1011 60 1011
758 1011 779 1011 779 1030 758 1030
338 848 360 848 360 867 338 867
206 1250 228 1250 228 1269 206 1269
336 500 357 500 357 520 336 520
409 652 430 652 430 672 409 672
59 1316 79 1316 79 1336 59 1336
691 636 712 636 712 656 691 656
759 1354 781 1354 781 1374 759 1374
487 1336 501 1336 501 1356 487 1356
349 1330 367 1330 367 1351 349 1351
340 303 362 303 362 324 340 324
413 957 436 957 436 978 413 978
195 537 228 537 228 558 195 558
762 722 789 722 789 744 762 744
695 1043 709 1043 709 1065 695 1065
481 518 501 518 501 540 481 540
272 1356 294 1356 294 1378 272 1378
543 427 569 427 569 450 543 450
49 765 90 765 90 788 49 788
402 346 437 346 437 369 402 369
475 1358 517 1358 517 1381 475 1381
611 392 645 392 645 416 611 416
827 1090 844 1090 844 1114 827 1114
120 1055 153 1055 153 1079 120 1079
263 661 296 661 296 685 263 685
118 1187 165 1187 165 1211 118 1211
678 1392 737 1392 737 1416 678 1416
485 1307 503 1307 503 1332 485 1332
329 329 370 329 370 354 329 354
832 1356 851 1356 851 1381 832 1381
129 404 150 404 150 429 129 429
261 1104 302 1104 302 1129 261 1129
760 253 801 253 801 279 760 279
340 698 364 698 364 724 340 724
686 821 711 821 711 847 686 847
764 344 780 344 780 370 764 370
272 1173 294 1173 294 1199 272 1199
131 563 153 563 153 589 131 589
269 636 292 636 292 662 269 662
685 307 715 307 715 333 685 333
339 873 361 873 361 900 339 900
540 863 574 863 574 890 540 890
330 563 368 563 368 590 330 590
403 719 447 719 447 746 403 746
342 1015 363 1015 363 1042 342 1042
120 812 159 812 159 839 120 839
189 473 232 473 232 500 189 500
327 944 373 944 373 971 327 971
609 468 646 468 646 496 609 496
541 993 578 993 578 1021 541 1021
717 212 754 212 754 240 717 240
624 665 637 665 637 693 624 693
341 630 363 630 363 658 341 658
189 1267 226 1267 226 1295 189 1295
267 303 292 303 292 331 267 331
344 472 375 472 375 500 344 500
410 1344 426 1344 426 1373 410 1373
552 1206 574 1206 574 1235 552 1235
622 1265 646 1265 646 1294 622 1294
474 912 507 912 507 941 474 941
471 345 507 345 507 374 471 374
818 364 855 364 855 393 818 393
263 1328 303 1328 303 1357 263 1357
185 1224 227 1224 227 1253 185 1253
51 1015 102 1015 102 1044 51 1044
551 372 568 372 568 401 551 401
478 886 502 886 502 915 478 915
819 1381 858 1381 858 1410 819 1410
47 1381 92 1381 92 1410 47 1410
688 567 705 567 705 597 688 597
756 586 774 586 774 616 756 616
619 695 638 695 638 725 619 725
130 1156 151 1156 151 1186 130 1186
690 1261 713 1261 713 1291 690 1291
263 1382 296 1382 296 1412 263 1412
51 303 89 303 89 333 51 333
332 392 370 392 370 422 332 422
537 635 581 635 581 665 537 665
816 1194 861 1194 861 1224 816 1224
281 1033 310 1033 310 1063 281 1063
544 400 573 400 573 430 544 430
332 780 367 780 367 810 332 810
116 1078 157 1078 157 1108 116 1108
469 596 514 596 514 626 469 626
687 1011 709 1011 709 1042 687 1042
407 886 439 886 439 917 407 917
535 448 579 448 579 479 535 479
758 1287 774 1287 774 1318 758 1318
546 538 568 538 568 569 546 569
548 1234 578 1234 578 1265 548 1265
614 582 653 582 653 613 614 613
255 684 298 684 298 715 255 715
824 482 846 482 846 513 824 513
129 978 151 978 151 1009 129 1009
754 373 779 373 779 404 754 404
682 1361 723 1361 723 1392 682 1392
402 580 441 580 441 612 402 612
401 1220 442 1220 442 1252 401 1252
756 210 801 210 801 242 756 242
46 215 92 215 92 247 46 247
64 922 81 922 81 954 64 954
548 480 566 480 566 512 548 512
757 1106 781 1106 781 1138 757 1138
754 745 786 745 786 777 754 777
259 797 296 797 296 829 259 829
749 1037 794 1037 794 1069 749 1069
821 600 846 600 846 633 821 633
682 1145 719 1145 719 1178 682 1178
619 1294 639 1294 639 1327 619 1327
823 893 848 893 848 926 823 926
823 854 848 854 848 887 823 887
681 849 714 849 714 882 681 882
261 379 297 379 297 412 261 412
614 904 651 904 651 937 614 937
474 759 505 759 505 792 474 792
488 1165 502 1165 502 1199 488 1199
60 658 81 658 81 692 60 692
481 628 504 628 504 662 481 662
689 1222 713 1222 713 1256 689 1256
685 1065 712 1065 712 1099 685 1099
472 486 509 486 509 520 472 520
121 435 159 435 159 469 121 469
816 822 855 822 855 856 816 856
409 1019 432 1019 432 1053 409 1053
752 1379 777 1379 777 1413 752 1413
682 743 708 743 708 777 682 777
334 1044 368 1044 368 1078 334 1078
816 1115 851 1115 851 1149 816 1149
120 740 161 740 161 774 120 774
192 437 229 437 229 472 192 472
537 600 578 600 578 635 537 635
46 584 92 584 92 619 46 619
762 309 779 309 779 344 762 344
267 519 289 519 289 554 267 554
191 873 233 873 233 908 191 908
535 1350 582 1350 582 1385 535 1385
485 944 501 944 501 979 485 979
55 1340 80 1340 80 1375 55 1375
266 410 299 410 299 445 266 445
328 808 369 808 369 843 328 843
747 975 791 975 791 1010 747 1010
264 482 288 482 288 518 264 518
263 827 293 827 293 863 263 863
191 1138 223 1138 223 1174 191 1174
336 658 369 658 369 694 336 694
55 788 91 788 91 824 55 824
748 614 785 614 785 650 748 650
257 718 301 718 301 754 257 754
752 1318 785 1318 785 1354 752 1354
51 246 85 246 85 282 51 282
54 951 91 951 91 987 54 987
545 1074 583 1074 583 1110 545 1110
401 305 441 305 441 341 401 341
748 779 788 779 788 815 748 815
750 857 793 857 793 893 750 893
258 952 306 952 306 988 258 988
132 652 155 652 155 689 132 689
198 500 223 500 223 537 198 537
816 737 857 737 857 774 816 774
399 1140 451 1140 451 1177 399 1177
258 1291 312 1291 312 1328 258 1328
681 594 716 594 716 631 681 631
541 304 580 304 580 341 541 341
681 975 720 975 720 1012 681 1012
548 339 570 339 570 376 548 376
478 1128 509 1128 509 1165 478 1165
50 1276 87 1276 87 1313 50 1313
259 1063 301 1063 301 1100 259 1100
187 401 236 401 236 438 187 438
682 1181 719 1181 719 1219 682 1219
267 1135 308 1135 308 1173 267 1173
396 917 445 917 445 955 396 955
206 559 229 559 229 597 206 597
403 1098 434 1098 434 1136 403 1136
609 725 654 725 654 763 609 763
674 934 728 934 728 972 674 972
548 1316 565 1316 565 1355 548 1355
263 596 294 596 294 635 263 635
337 356 369 356 369 395 337 395
686 1324 721 1324 721 1363 686 1363
266 1201 303 1201 303 1240 266 1240
402 609 441 609 441 648 402 648
47 618 91 618 91 657 47 657
194 1058 223 1058 223 1097 194 1097
819 514 851 514 851 553 819 553
398 1369 437 1369 437 1408 398 1408
120 1012 163 1012 163 1051 120 1051
411 978 440 978 440 1018 411 1018
50 1243 87 1243 87 1283 50 1283
615 763 655 763 655 803 615 803
748 812 794 812 794 852 748 852
816 1152 863 1152 863 1192 816 1192
47 1201 98 1201 98 1241 47 1241
474 797 507 797 507 837 474 837
122 937 159 937 159 977 122 977
819 1324 862 1324 862 1364 819 1364
332 591 376 591 376 631 332 631
269 440 289 440 289 481 269 481
690 336 710 336 710 377 690 377
686 704 708 704 708 745 686 745
613 1128 652 1128 652 1169 613 1169
749 942 791 942 791 983 749 983
342 970 361 970 361 1011 342 1011
335 425 359 425 359 466 335 466
410 747 434 747 434 788 410 788
337 1134 367 1134 367 1175 337 1175
613 305 647 305 647 346 613 346
752 1139 791 1139 791 1180 752 1180
539 822 580 822 580 863 539 863
332 1353 378 1353 378 1394 332 1394
830 442 842 442 842 484 830 484
342 901 358 901 358 943 342 943
193 1016 228 1016 228 1058 193 1058
121 894 158 894 158 936 121 936
190 911 235 911 235 953 190 953
607 500 654 500 654 542 607 542
468 304 516 304 516 346 468 346
330 522 367 522 367 564 330 564
54 336 91 336 91 378 54 378
472 716 513 716 513 758 472 758
400 426 443 426 443 468 400 468
764 1071 780 1071 780 1114 764 1114
482 1261 502 1261 502 1304 482 1304
124 1110 158 1110 158 1153 124 1153
51 691 89 691 89 734 51 734
749 451 792 451 792 494 749 494
396 674 446 674 446 717 396 717
611 1095 649 1095 649 1138 611 1138
270 989 295 989 295 1032 270 1032
612 539 649 539 649 582 612 582
50 388 94 388 94 431 50 431
542 1160 588 1160 588 1203 542 1203
472 978 520 978 520 1021 472 1021
185 745 235 745 235 788 185 788
184 1310 234 1310 234 1353 184 1353
688 378 704 378 704 422 688 422
827 1045 846 1045 846 1089 827 1089
267 863 288 863 288 907 267 907
823 397 849 397 849 441 823 441
613 347 650 347 650 391 613 391
53 488 90 488 90 532 53 532
680 779 719 779 719 823 680 823
618 1372 658 1372 658 1416 618 1416
189 349 236 349 236 393 189 393
820 1003 858 1003 858 1047 820 1047
679 658 718 658 718 702 679 702
50 534 93 534 93 578 50 578
816 1243 865 1243 865 1287 816 1287
756 675 781 675 781 720 756 720
617 1327 644 1327 644 1372 617 1372
117 473 160 473 160 518 117 518
193 1096 240 1096 240 1141 193 1141
824 633 843 633 843 678 824 678
611 1218 653 1218 653 1263 611 1263
679 421 727 421 727 466 679 466
607 418 648 418 648 463 607 463
720 244 762 244 762 289 720 289
619 857 641 857 641 903 619 903
200 693 225 693 225 739 200 739
401 849 433 849 433 895 401 895
537 666 582 666 582 712 537 712
332 1241 379 1241 379 1287 332 1287
744 495 794 495 794 541 744 541
683 1097 724 1097 724 1143 683 1143
745 544 791 544 791 590 745 590
116 354 163 354 163 400 116 400
397 1175 443 1175 443 1222 397 1222
189 784 238 784 238 831 189 831
395 1304 444 1304 444 1351 395 1351
346 1284 368 1284 368 1331 346 1331
548 1266 578 1266 578 1313 548 1313
59 1096 90 1096 90 1143 59 1143
254 909 305 909 305 956 254 956
821 553 851 553 851 600 821 600
476 546 509 546 509 593 476 593
258 332 300 332 300 379 258 379
469 665 513 665 513 712 469 712
50 880 94 880 94 927 50 927
188 300 232 300 232 347 188 347
402 473 448 473 448 520 402 520
609 1174 655 1174 655 1221 609 1221
259 749 293 749 293 797 259 797
826 1281 849 1281 849 1329 826 1329
412 368 439 368 439 416 412 416
684 1285 727 1285 727 1333 684 1333
55 437 91 437 91 486 55 486
401 1049 450 1049 450 1098 401 1098
126 300 153 300 153 349 126 349
681 468 716 468 716 517 681 517
612 995 649 995 649 1044 612 1044
683 883 722 883 722 932 683 932
751 400 794 400 794 449 751 449
193 596 237 596 237 646 193 646
259 547 306 547 306 597 259 597
813 775 865 775 865 825 813 825
816 955 857 955 857 1006 816 1006
119 843 164 843 164 894 119 894
611 1045 657 1045 657 1096 611 1096
539 889 578 889 578 940 539 940
67 1041 80 1041 80 1092 67 1092
127 690 166 690 166 741 127 741
535 712 581 712 581 763 535 763
542 555 588 555 588 607 542 607
541 1112 588 1112 588 1164 541 1164
263 1240 306 1240 306 1292 263 1292
120 760 166 760 166 812 120 812
471 841 517 841 517 893 471 893
538 943 587 943 587 995 538 995
193 820 231 820 231 873 193 873
51 826 95 826 95 879 51 879
474 374 511 374 511 427 474 427
539 1024 589 1024 589 1078 539 1078
675 517 728 517 728 571 675 571
609 939 648 939 648 993 609 993
51 1145 95 1145 95 1199 51 1199
754 890 792 890 792 945 754 945
400 1249 440 1249 440 1304 400 1304
186 1350 225 1350 225 1405 186 1405
749 1236 795 1236 795 1291 749 1291
330 726 376 726 376 781 330 781
819 309 856 309 856 365 819 365
615 610 645 610 645 666 615 666
401 521 440 521 440 577 401 577
745 1185 791 1185 791 1242 745 1242
810 679 853 679 853 737 810 737
539 762 575 762 575 820 539 820
470 1026 518 1026 518 1085 470 1085
475 427 514 427 514 488 475 488
336 1176 375 1176 375 1237 336 1237
470 1202 510 1202 510 1263 470 1263
115 591 161 591 161 654 115 654
403 786 444 786 444 853 403 853
465 1347 501 1347 501 1416 465 1416
135 1202 149 1202 149 1285 135 1285
