774 1044 785 1044 785 1052 774 1052
567 1172 581 1172 581 1184 567 1184
545 325 572 325 572 338 545 338
196 616 218 616 218 630 196 630
829 1145 864 1145 864 1159 829 1159
268 378 280 378 280 392 268 392
196 428 222 428 222 443 196 443
823 584 848 584 848 599 823 599
762 805 774 805 774 821 762 821
570 1151 581 1151 581 1167 570 1167
337 1345 369 1345 369 1361 337 1361
125 607 151 607 151 623 125 623
265 545 290 545 290 562 265 562
682 508 713 508 713 525 682 525
117 1195 158 1195 158 1212 117 1212
834 1188 846 1188 846 1205 834 1205
332 596 356 596 356 613 332 613
821 889 849 889 849 906 821 906
334 1063 352 1063 352 1081 334 1081
831 779 850 779 850 797 831 797
898 467 918 467 918 485 898 485
187 384 220 384 220 402 187 402
187 1118 223 1118 223 1136 187 1136
193 1381 220 1381 220 1399 193 1399
470 426 498 426 498 444 470 444
893 652 923 652 923 670 893 670
200 724 217 724 217 742 200 742
830 418 849 418 849 436 830 436
892 1093 923 1093 923 1111 892 1111
752 504 784 504 784 522 752 522
260 448 301 448 301 466 260 466
609 627 641 627 641 646 609 646
620 1018 640 1018 640 1037 620 1037
549 736 570 736 570 755 549 755
753 1322 778 1322 778 1341 753 1341
552 785 565 785 565 805 552 805
564 1245 584 1245 584 1265 564 1265
123 1173 154 1173 154 1193 123 1193
541 764 575 764 575 784 541 784
679 842 723 842 723 862 679 862
550 340 570 340 570 360 550 360
404 1279 438 1279 438 1299 404 1299
337 865 350 865 350 885 337 885
554 447 567 447 567 467 554 467
129 1340 144 1340 144 1360 129 1360
342 1281 358 1281 358 1301 342 1301
480 1319 496 1319 496 1339 480 1339
549 983 566 983 566 1003 549 1003
477 778 498 778 498 798 477 798
476 1376 508 1376 508 1396 476 1396
620 1343 634 1343 634 1364 620 1364
267 1287 288 1287 288 1308 267 1308
406 1011 433 1011 433 1032 406 1032
819 1167 857 1167 857 1188 819 1188
338 984 348 984 348 1005 338 1005
902 410 915 410 915 431 902 431
687 354 704 354 704 375 687 375
342 1321 362 1321 362 1342 342 1342
340 472 369 472 369 493 340 493
265 1377 296 1377 296 1398 265 1398
328 574 363 574 363 595 328 595
610 606 645 606 645 627 610 627
560 1223 589 1223 589 1245 560 1245
328 1302 374 1302 374 1324 328 1324
273 488 287 488 287 510 273 510
132 507 148 507 148 529 132 529
691 729 710 729 710 751 691 751
616 485 646 485 646 507 616 507
257 420 298 420 298 442 257 442
832 500 848 500 848 523 832 523
899 631 918 631 918 654 899 654
757 782 778 782 778 805 757 805
566 1075 589 1075 589 1098 566 1098
679 709 715 709 715 732 679 732
187 1136 226 1136 226 1159 187 1159
411 1201 425 1201 425 1224 411 1224
901 1143 916 1143 916 1166 901 1166
127 1148 145 1148 145 1171 127 1171
563 1126 584 1126 584 1149 563 1149
329 729 364 729 364 752 329 752
468 951 505 951 505 974 468 974
131 1018 146 1018 146 1041 131 1041
338 1150 355 1150 355 1173 338 1173
478 1269 495 1269 495 1292 478 1292
268 1261 287 1261 287 1284 268 1284
622 461 642 461 642 484 622 484
819 439 856 439 856 462 819 462
397 492 434 492 434 515 397 515
690 436 708 436 708 460 690 460
689 596 712 596 712 620 689 620
206 315 233 315 233 339 206 339
752 1231 780 1231 780 1255 752 1255
404 701 433 701 433 725 404 725
260 898 291 898 291 922 260 922
327 406 359 406 359 430 327 430
324 1166 368 1166 368 1190 324 1190
838 1097 850 1097 850 1121 838 1121
553 680 567 680 567 704 553 704
478 969 495 969 495 993 478 993
829 864 847 864 847 888 829 888
830 1206 850 1206 850 1230 830 1230
193 1326 219 1326 219 1350 193 1350
751 1377 784 1377 784 1401 751 1401
570 1101 582 1101 582 1126 570 1126
201 591 215 591 215 616 201 616
200 478 215 478 215 503 200 503
762 1209 780 1209 780 1234 762 1234
750 726 781 726 781 751 750 751
464 446 498 446 498 471 464 471
889 1336 927 1336 927 1361 889 1361
479 720 493 720 493 745 479 745
268 321 284 321 284 346 268 346
550 842 566 842 566 867 550 867
623 1163 639 1163 639 1188 623 1188
692 819 710 819 710 844 692 844
893 779 929 779 929 804 893 804
406 908 427 908 427 933 406 933
409 627 431 627 431 652 409 652
405 1090 428 1090 428 1115 405 1115
542 1004 571 1004 571 1029 542 1029
189 1048 230 1048 230 1073 189 1073
817 1119 866 1119 866 1144 817 1144
270 1006 284 1006 284 1032 270 1032
899 1067 920 1067 920 1093 899 1093
613 926 646 926 646 952 613 952
612 363 646 363 646 389 612 389
609 578 645 578 645 604 609 604
748 860 788 860 788 886 748 886
203 399 216 399 216 425 203 425
201 1299 215 1299 215 1325 201 1325
760 1119 777 1119 777 1145 760 1145
123 314 154 314 154 340 123 340
895 1198 928 1198 928 1224 895 1224
411 1222 427 1222 427 1249 411 1249
830 1033 848 1033 848 1060 830 1060
825 525 852 525 852 552 825 552
753 635 788 635 788 662 753 662
611 1313 647 1313 647 1340 611 1340
122 1121 161 1121 161 1148 122 1148
397 1245 442 1245 442 1272 397 1272
269 392 284 392 284 419 269 419
475 1292 500 1292 500 1319 475 1319
683 620 712 620 712 647 683 647
470 1105 503 1105 503 1132 470 1132
695 376 703 376 703 403 695 403
134 477 150 477 150 504 134 504
829 357 846 357 846 384 829 384
266 674 285 674 285 701 266 701
830 1006 849 1006 849 1033 830 1033
410 390 439 390 439 417 410 417
120 656 151 656 151 683 120 683
261 467 295 467 295 494 261 494
257 1198 294 1198 294 1225 257 1225
676 647 714 647 714 674 676 674
334 1035 351 1035 351 1063 334 1063
334 920 352 920 352 948 334 948
476 401 495 401 495 429 476 429
266 1137 285 1137 285 1165 266 1165
763 431 795 431 795 459 763 459
552 903 584 903 584 931 552 931
395 1031 433 1031 433 1059 395 1059
119 950 158 950 158 978 119 978
831 1370 852 1370 852 1399 831 1399
331 886 358 886 358 915 331 915
543 706 576 706 576 735 543 735
538 867 575 867 575 896 538 896
819 1310 858 1310 858 1339 819 1339
747 751 786 751 786 780 747 780
480 800 492 800 492 829 480 829
134 1042 149 1042 149 1071 134 1071
534 1071 559 1071 559 1100 534 1100
750 1056 787 1056 787 1085 750 1085
823 1279 860 1279 860 1308 823 1308
745 1255 782 1255 782 1284 745 1284
828 834 844 834 844 863 828 863
761 523 780 523 780 552 761 552
264 511 291 511 291 540 264 540
261 642 293 642 293 671 261 671
189 1272 223 1272 223 1301 189 1301
117 726 153 726 153 755 117 755
536 1029 575 1029 575 1058 536 1058
888 1112 929 1112 929 1141 888 1141
902 965 916 965 916 995 902 995
901 563 921 563 921 593 901 593
262 865 292 865 292 895 262 895
832 1339 846 1339 846 1369 832 1369
270 835 284 835 284 865 270 865
479 1211 493 1211 493 1241 479 1241
897 1166 918 1166 918 1196 897 1196
123 530 153 530 153 560 123 560
191 978 224 978 224 1008 191 1008
400 518 436 518 436 548 400 548
472 746 509 746 509 776 472 776
608 508 646 508 646 538 608 538
615 1190 642 1190 642 1221 615 1221
558 1192 588 1192 588 1223 558 1223
894 995 929 995 929 1026 894 1026
472 1237 507 1237 507 1268 472 1268
889 671 926 671 926 702 889 702
330 750 360 750 360 781 330 781
613 988 646 988 646 1019 613 1019
397 935 431 935 431 966 397 966
681 675 716 675 716 706 681 706
751 371 789 371 789 402 751 402
750 602 791 602 791 633 750 633
326 697 369 697 369 728 326 728
203 743 219 743 219 774 203 774
688 526 708 526 708 557 688 557
142 1259 164 1259 164 1290 142 1290
892 433 923 433 923 464 892 464
768 1146 778 1146 778 1178 768 1178
682 787 714 787 714 819 682 819
544 468 579 468 579 500 544 500
677 752 714 752 714 784 677 784
819 801 856 801 856 833 819 833
817 639 859 639 859 671 817 671
267 1166 284 1166 284 1198 267 1198
823 715 852 715 852 747 823 747
823 385 853 385 853 417 823 417
260 1033 290 1033 290 1065 260 1065
329 320 364 320 364 352 329 352
187 445 224 445 224 477 187 477
612 389 649 389 649 421 612 421
893 930 932 930 932 962 893 962
476 368 491 368 491 401 476 401
534 1144 552 1144 552 1177 534 1177
528 1111 555 1111 555 1144 528 1144
542 805 570 805 570 838 542 838
476 829 504 829 504 862 476 862
747 397 788 397 788 430 747 430
192 504 224 504 224 537 192 537
337 1364 370 1364 370 1397 337 1397
816 907 851 907 851 940 816 940
888 1260 927 1260 927 1293 888 1293
408 1052 427 1052 427 1085 408 1085
756 1086 776 1086 776 1119 756 1119
752 1178 787 1178 787 1211 752 1211
609 1365 646 1365 646 1398 609 1398
755 662 782 662 782 696 755 696
894 1226 921 1226 921 1260 894 1260
129 826 156 826 156 860 129 860
191 1238 221 1238 221 1272 191 1272
823 744 858 744 858 778 823 778
887 492 927 492 927 526 887 526
609 852 650 852 650 886 609 886
331 1118 358 1118 358 1152 331 1152
681 404 713 404 713 438 681 438
470 994 503 994 503 1028 470 1028
747 1342 785 1342 785 1376 747 1376
202 821 218 821 218 856 202 856
125 1361 158 1361 158 1396 125 1396
683 558 718 558 718 593 683 593
822 940 857 940 857 975 822 975
821 972 856 972 856 1007 821 1007
326 1085 362 1085 362 1120 326 1120
186 1350 225 1350 225 1385 186 1385
339 494 353 494 353 529 339 529
818 554 859 554 859 589 818 589
610 326 652 326 652 361 610 361
199 1159 214 1159 214 1194 199 1194
752 998 783 998 783 1033 752 1033
678 318 719 318 719 353 678 353
745 460 788 460 788 495 745 495
908 844 916 844 916 880 908 880
411 418 424 418 424 454 411 454
899 742 917 742 917 778 899 778
192 1012 222 1012 222 1048 192 1048
613 953 645 953 645 989 613 989
829 463 847 463 847 499 829 499
764 695 789 695 789 731 764 731
266 1308 293 1308 293 1344 266 1344
260 742 294 742 294 778 260 778
467 1340 510 1340 510 1376 467 1376
117 793 164 793 164 829 117 829
195 1198 213 1198 213 1235 195 1235
619 647 637 647 637 684 619 684
263 1070 290 1070 290 1107 263 1107
124 756 152 756 152 793 124 793
894 808 927 808 927 845 894 845
540 503 575 503 575 540 540 540
259 346 298 346 298 383 259 383
121 397 157 397 157 434 121 434
188 855 233 855 233 892 188 892
268 701 287 701 287 738 268 738
332 1002 363 1002 363 1039 332 1039
469 609 505 609 505 646 469 646
610 1279 649 1279 649 1316 610 1316
257 604 297 604 297 641 257 641
257 1111 297 1111 297 1148 257 1148
336 658 354 658 354 696 336 696
408 454 429 454 429 492 408 492
124 1212 150 1212 150 1250 124 1250
331 1243 362 1243 362 1281 331 1281
332 433 364 433 364 471 332 471
258 563 300 563 300 601 258 601
606 1084 650 1084 650 1122 606 1122
609 539 646 539 646 577 609 577
612 812 650 812 650 850 612 850
901 526 920 526 920 565 901 565
752 821 783 821 783 860 752 860
263 927 296 927 296 966 263 966
746 1285 786 1285 786 1324 746 1324
466 1068 511 1068 511 1107 466 1107
117 624 166 624 166 663 117 663
473 913 498 913 498 952 473 952
477 1028 505 1028 505 1067 477 1067
401 350 430 350 430 389 401 389
398 824 432 824 432 863 398 863
400 548 435 548 435 587 400 587
611 679 649 679 649 718 611 718
257 1229 296 1229 296 1268 257 1268
607 1044 648 1044 648 1083 607 1083
408 1158 425 1158 425 1197 408 1197
124 687 158 687 158 726 124 726
476 640 505 640 505 680 476 680
333 618 363 618 363 658 333 658
474 513 510 513 510 553 474 553
470 1133 507 1133 507 1173 470 1173
889 1295 932 1295 932 1335 889 1335
889 373 932 373 932 413 889 413
410 866 427 866 427 906 410 906
261 1344 292 1344 292 1384 261 1384
538 540 585 540 585 580 538 580
901 592 920 592 920 633 901 633
403 588 435 588 435 629 403 629
613 888 646 888 646 929 613 929
890 1359 925 1359 925 1400 890 1400
607 1121 649 1121 649 1162 607 1162
470 1173 499 1173 499 1214 470 1214
470 327 504 327 504 368 470 368
467 682 508 682 508 723 467 723
189 1074 235 1074 235 1115 189 1115
823 1064 856 1064 856 1105 823 1105
397 1116 438 1116 438 1157 397 1157
324 778 367 778 367 819 324 819
255 967 300 967 300 1008 255 1008
817 599 862 599 862 640 817 640
402 656 442 656 442 698 402 698
750 908 795 908 795 950 750 950
751 953 782 953 782 995 751 995
328 947 372 947 372 989 328 989
120 978 157 978 157 1021 120 1021
466 279 512 279 512 322 466 322
476 471 494 471 494 514 476 514
408 775 433 775 433 818 408 818
612 417 645 417 645 460 612 460
119 859 155 859 155 902 119 902
187 937 230 937 230 980 187 980
187 777 232 777 232 820 187 820
191 338 227 338 227 382 191 382
327 822 365 822 365 866 327 866
609 281 652 281 652 325 609 325
686 460 710 460 710 504 686 504
201 677 226 677 226 721 201 721
332 529 357 529 357 573 332 573
398 965 433 965 433 1010 398 1010
126 1072 155 1072 155 1117 126 1117
822 320 865 320 865 366 822 366
131 430 154 430 154 476 131 476
120 563 159 563 159 609 120 609
122 902 164 902 164 948 122 948
887 701 931 701 931 747 887 747
190 889 225 889 225 936 190 936
328 355 364 355 364 402 328 402
404 727 432 727 432 774 404 774
196 629 233 629 233 676 196 676
750 554 783 554 783 602 750 602
610 713 649 713 649 761 610 761
476 862 493 862 493 911 476 911
115 1291 152 1291 152 1340 115 1340
824 664 854 664 854 714 824 714
117 344 159 344 159 394 117 394
887 879 926 879 926 930 887 930
608 762 651 762 651 813 608 813
472 556 504 556 504 608 472 608
747 318 781 318 781 371 747 371
889 320 923 320 923 373 889 373
540 627 579 627 579 680 540 680
897 1015 922 1015 922 1068 897 1068
344 1180 351 1180 351 1234 344 1234
606 1222 645 1222 645 1276 606 1276
539 578 578 578 578 633 539 633
695 859 703 859 703 915 695 915
260 782 295 782 295 838 260 838
186 538 227 538 227 595 186 595
