214 504 235 504 235 509 214 509
73 1081 89 1081 89 1093 73 1093
224 577 244 577 244 591 224 591
806 1055 823 1055 823 1069 806 1069
474 1346 493 1346 493 1360 474 1360
203 916 219 916 219 932 203 932
555 1245 581 1245 581 1261 555 1261
407 1191 425 1191 425 1207 407 1207
671 634 693 634 693 650 671 650
520 1035 542 1035 542 1051 520 1051
153 582 174 582 174 598 153 598
66 302 83 302 83 319 66 319
537 741 556 741 556 758 537 758
472 938 492 938 492 955 472 955
402 501 427 501 427 518 402 518
147 472 173 472 173 489 147 489
132 515 139 515 139 532 132 532
268 1141 285 1141 285 1158 268 1158
489 503 508 503 508 520 489 520
69 644 89 644 89 661 69 661
676 1157 696 1157 696 1174 676 1174
405 683 424 683 424 700 405 700
605 646 626 646 626 663 605 663
275 1185 286 1185 286 1203 275 1203
674 782 693 782 693 800 674 800
802 622 824 622 824 640 802 640
270 727 289 727 289 745 270 745
481 597 505 597 505 615 481 615
341 454 358 454 358 473 341 473
136 871 154 871 154 890 136 890
118 496 142 496 142 515 118 515
154 602 178 602 178 621 154 621
261 1297 295 1297 295 1316 261 1316
729 657 764 657 764 676 729 676
557 1122 574 1122 574 1141 557 1141
339 832 359 832 359 851 339 851
463 727 499 727 499 746 463 746
479 615 516 615 516 634 479 634
150 517 172 517 172 537 150 537
660 308 695 308 695 328 660 328
133 1206 151 1206 151 1226 133 1226
555 1195 579 1195 579 1215 555 1215
480 547 508 547 508 567 480 567
208 594 241 594 241 614 208 614
662 884 696 884 696 904 662 904
331 582 366 582 366 602 331 602
197 407 233 407 233 427 197 427
224 617 236 617 236 638 224 638
561 1176 577 1176 577 1197 561 1197
485 657 512 657 512 678 485 678
492 521 506 521 506 542 492 542
406 477 427 477 427 498 406 498
339 774 358 774 358 795 339 795
801 350 828 350 828 371 801 371
204 1082 233 1082 233 1103 204 1103
336 1071 357 1071 357 1093 336 1093
730 635 763 635 763 657 730 657
274 931 286 931 286 953 274 953
153 539 169 539 169 561 153 561
74 881 90 881 90 903 74 903
548 475 573 475 573 497 548 497
534 971 567 971 567 993 534 993
132 1325 149 1325 149 1347 132 1347
410 1324 428 1324 428 1346 410 1346
156 623 171 623 171 646 156 646
541 380 557 380 557 403 541 403
670 861 694 861 694 884 670 884
664 366 695 366 695 389 664 389
799 1312 832 1312 832 1335 799 1335
727 788 764 788 764 811 727 811
408 741 420 741 420 764 408 764
605 329 620 329 620 352 605 352
673 1301 690 1301 690 1324 673 1324
205 301 223 301 223 324 205 324
154 646 173 646 173 669 154 669
138 807 153 807 153 831 138 831
123 535 144 535 144 559 123 559
592 305 630 305 630 329 592 329
551 525 571 525 571 549 551 549
337 602 359 602 359 626 337 626
219 640 243 640 243 664 219 664
399 1245 428 1245 428 1269 399 1269
675 716 704 716 704 740 675 740
139 1050 169 1050 169 1074 139 1074
194 1009 229 1009 229 1033 194 1033
69 584 83 584 83 608 69 608
151 490 168 490 168 514 151 514
269 1204 288 1204 288 1228 269 1228
540 946 561 946 561 970 540 970
274 1312 288 1312 288 1337 274 1337
733 713 761 713 761 738 733 738
531 761 566 761 566 786 531 786
69 450 85 450 85 475 69 475
268 370 288 370 288 395 268 395
550 498 574 498 574 523 550 523
550 1066 575 1066 575 1091 550 1091
804 1219 829 1219 829 1244 804 1244
464 793 497 793 497 818 464 818
544 1216 582 1216 582 1241 544 1241
61 326 94 326 94 352 61 352
457 342 498 342 498 368 457 368
343 654 359 654 359 680 343 680
672 576 691 576 691 602 672 602
521 1145 541 1145 541 1171 521 1171
671 336 693 336 693 362 671 362
119 560 141 560 141 586 119 586
213 516 237 516 237 542 213 542
198 976 225 976 225 1002 198 1002
401 1348 437 1348 437 1374 401 1374
261 792 299 792 299 818 261 818
392 763 432 763 432 789 392 789
658 653 701 653 701 679 658 679
803 990 825 990 825 1016 803 1016
61 1315 93 1315 93 1341 61 1341
393 518 431 518 431 544 393 544
796 1154 834 1154 834 1180 796 1180
663 418 703 418 703 444 663 444
662 447 706 447 706 473 662 473
122 468 133 468 133 495 122 495
406 621 422 621 422 648 406 648
65 418 87 418 87 445 65 445
331 1013 354 1013 354 1040 331 1040
734 1027 758 1027 758 1054 734 1054
554 1094 585 1094 585 1121 554 1121
476 477 508 477 508 504 476 504
804 558 822 558 822 585 804 585
69 1022 88 1022 88 1049 69 1049
735 937 758 937 758 964 735 964
128 1174 154 1174 154 1201 128 1201
661 390 701 390 701 417 661 417
397 1271 447 1271 447 1298 397 1298
737 1000 755 1000 755 1028 737 1028
605 583 626 583 626 611 605 611
330 1092 361 1092 361 1120 330 1120
483 629 515 629 515 657 483 657
407 1294 440 1294 440 1322 407 1322
258 303 295 303 295 331 258 331
324 475 366 475 366 503 324 503
663 798 707 798 707 826 663 826
337 388 352 388 352 416 337 416
740 607 762 607 762 635 740 635
601 667 633 667 633 695 601 695
545 1038 580 1038 580 1066 545 1066
263 502 298 502 298 530 263 530
394 442 435 442 435 470 394 470
402 869 444 869 444 897 402 897
792 406 840 406 840 434 792 434
218 547 236 547 236 575 218 575
130 1079 158 1079 158 1107 130 1107
545 442 575 442 575 470 545 470
263 1159 299 1159 299 1187 263 1187
259 862 295 862 295 890 259 890
464 1028 503 1028 503 1056 464 1056
389 1003 437 1003 437 1031 389 1031
219 666 241 666 241 695 219 695
327 987 363 987 363 1016 327 1016
64 815 102 815 102 844 64 844
200 425 239 425 239 454 200 454
329 1042 374 1042 374 1071 329 1071
73 1136 86 1136 86 1165 73 1165
272 1228 287 1228 287 1257 272 1257
409 941 426 941 426 970 409 970
201 851 219 851 219 880 201 880
603 837 625 837 625 866 603 866
802 1285 828 1285 828 1314 802 1314
400 411 431 411 431 440 400 440
478 443 511 443 511 472 478 472
400 1213 434 1213 434 1242 400 1242
656 906 696 906 696 935 656 935
794 1124 836 1124 836 1153 794 1153
273 953 287 953 287 982 273 982
203 1109 221 1109 221 1138 203 1138
538 670 557 670 557 699 538 699
65 477 92 477 92 506 65 506
335 716 364 716 364 745 335 745
472 1138 502 1138 502 1167 472 1167
396 304 426 304 426 333 396 333
129 1348 163 1348 163 1377 129 1377
602 398 637 398 637 427 602 427
395 333 433 333 433 362 395 362
465 405 505 405 505 434 465 434
54 1344 96 1344 96 1373 54 1373
477 1105 491 1105 491 1135 477 1135
133 1294 153 1294 153 1324 133 1324
405 972 427 972 427 1002 405 1002
133 978 162 978 162 1008 133 1008
332 794 362 794 362 824 332 824
661 602 696 602 696 632 661 632
269 1077 288 1077 288 1107 269 1107
200 459 227 459 227 489 200 489
127 1143 154 1143 154 1173 127 1173
612 209 642 209 642 239 612 239
459 212 496 212 496 242 459 242
568 1139 576 1139 576 1170 568 1170
72 1288 86 1288 86 1319 72 1319
407 1126 425 1126 425 1157 407 1157
66 845 90 845 90 876 66 876
265 1341 296 1341 296 1372 265 1372
465 373 500 373 500 404 465 404
330 625 372 625 372 656 330 656
324 1121 369 1121 369 1152 324 1152
469 868 491 868 491 899 469 899
65 705 90 705 90 736 65 736
542 409 576 409 576 440 542 440
665 1024 702 1024 702 1055 665 1055
134 386 156 386 156 417 134 417
483 565 510 565 510 596 483 596
665 517 702 517 702 548 665 548
663 1125 700 1125 700 1156 663 1156
677 826 696 826 696 858 677 858
799 373 824 373 824 405 799 405
331 417 358 417 358 449 331 449
62 1047 95 1047 95 1079 62 1079
662 1095 696 1095 696 1127 662 1127
728 1263 762 1263 762 1295 728 1295
196 1140 232 1140 232 1172 196 1172
794 526 834 526 834 558 794 558
270 337 283 337 283 369 270 369
270 655 289 655 289 687 270 687
336 684 367 684 367 716 336 716
741 451 773 451 773 483 741 483
124 1109 158 1109 158 1141 124 1141
466 995 501 995 501 1027 466 1027
261 217 297 217 297 249 261 249
262 1021 302 1021 302 1053 262 1053
597 516 637 516 637 548 597 548
461 307 497 307 497 340 461 340
725 902 774 902 774 935 725 935
325 744 375 744 375 777 325 777
64 389 85 389 85 422 64 422
64 508 92 508 92 541 64 541
596 611 632 611 632 644 596 644
796 877 833 877 833 910 796 910
126 1265 163 1265 163 1298 126 1298
394 548 433 548 433 581 394 581
187 940 228 940 228 973 187 973
406 790 419 790 419 823 406 823
805 843 821 843 821 876 805 876
805 1179 830 1179 830 1212 805 1212
805 1246 833 1246 833 1279 805 1279
127 944 168 944 168 977 127 977
728 677 774 677 774 710 728 710
658 1266 704 1266 704 1299 658 1299
531 910 560 910 560 944 531 944
794 1019 829 1019 829 1053 794 1053
526 994 568 994 568 1028 526 1028
473 1268 494 1268 494 1302 473 1302
730 1093 761 1093 761 1127 730 1127
265 1106 296 1106 296 1140 265 1140
730 965 762 965 762 999 730 999
143 208 178 208 178 242 143 242
800 488 835 488 835 522 800 522
395 646 431 646 431 680 395 680
63 905 100 905 100 939 63 939
61 1103 106 1103 106 1137 61 1137
794 1333 839 1333 839 1367 794 1367
534 307 555 307 555 342 534 342
597 432 623 432 623 467 597 467
598 874 631 874 631 909 598 909
527 634 572 634 572 669 527 669
73 778 90 778 90 813 73 813
332 504 360 504 360 539 332 539
59 352 93 352 93 387 59 387
528 343 565 343 565 378 528 378
792 812 830 812 830 847 792 847
57 608 95 608 95 643 57 643
661 252 701 252 701 287 661 287
127 347 167 347 167 382 127 382
402 707 425 707 425 742 402 742
264 687 293 687 293 722 264 722
667 937 700 937 700 972 667 972
107 211 141 211 141 246 107 246
124 1227 161 1227 161 1262 124 1262
730 533 769 533 769 568 730 568
527 597 568 597 568 632 527 632
536 789 563 789 563 825 536 825
811 207 844 207 844 243 811 243
464 902 501 902 501 938 464 938
59 1251 99 1251 99 1287 59 1287
532 873 574 873 574 909 532 909
725 864 767 864 767 900 725 900
261 1262 309 1262 309 1298 261 1298
795 692 822 692 822 728 795 728
796 584 830 584 830 620 796 620
395 1154 434 1154 434 1190 395 1190
269 753 291 753 291 789 269 789
673 677 696 677 696 713 673 713
531 696 564 696 564 732 531 732
66 1214 100 1214 100 1250 66 1250
193 879 228 879 228 915 193 915
61 739 106 739 106 775 61 775
666 543 693 543 693 580 666 580
662 213 694 213 694 250 662 250
262 984 297 984 297 1021 262 1021
129 831 167 831 167 868 129 868
332 540 374 540 374 577 332 577
733 1055 755 1055 755 1092 733 1092
69 667 92 667 92 704 69 704
526 1174 541 1174 541 1212 526 1212
671 1228 692 1228 692 1266 671 1266
464 1300 499 1300 499 1338 464 1338
196 213 236 213 236 251 196 251
526 249 557 249 557 287 526 287
130 418 165 418 165 456 130 456
261 530 301 530 301 568 261 568
262 893 294 893 294 931 262 931
734 1128 768 1128 768 1166 734 1166
124 301 162 301 162 339 124 339
203 325 219 325 219 364 203 364
739 1296 760 1296 760 1335 739 1335
131 767 164 767 164 806 131 806
664 741 700 741 700 780 664 780
463 243 501 243 501 282 463 282
394 582 436 582 436 621 394 621
793 913 836 913 836 952 793 952
665 474 707 474 707 513 665 513
196 367 241 367 241 406 196 406
402 828 423 828 423 868 402 868
405 363 429 363 429 403 405 403
802 644 826 644 826 684 802 684
612 244 640 244 640 284 612 284
259 454 299 454 299 494 259 494
331 949 376 949 376 989 331 989
258 572 307 572 307 612 258 612
802 771 823 771 823 811 802 811
602 741 628 741 628 781 602 781
530 554 572 554 572 594 530 594
126 674 170 674 170 714 126 714
201 1035 223 1035 223 1075 201 1075
598 548 626 548 626 588 598 588
261 1050 290 1050 290 1090 261 1090
811 246 844 246 844 286 811 286
795 731 834 731 834 771 795 771
193 700 235 700 235 740 193 740
460 681 505 681 505 722 460 722
463 956 509 956 509 997 463 997
402 897 426 897 426 938 402 938
327 303 362 303 362 344 327 344
796 441 839 441 839 482 796 482
61 986 105 986 105 1027 61 1027
394 1033 441 1033 441 1074 394 1074
666 1056 699 1056 699 1097 666 1097
744 485 778 485 778 526 744 526
125 897 161 897 161 939 125 939
122 1005 163 1005 163 1047 122 1047
591 468 636 468 636 510 591 510
463 748 508 748 508 790 463 790
725 741 766 741 766 783 725 783
64 943 110 943 110 985 64 985
518 1100 547 1100 547 1143 518 1143
517 1055 547 1055 547 1098 517 1098
328 905 371 905 371 948 328 948
56 541 101 541 101 584 56 584
725 1171 772 1171 772 1214 725 1214
728 303 775 303 775 346 728 346
799 304 823 304 823 347 799 347
320 347 368 347 368 390 320 390
542 824 562 824 562 868 542 868
327 860 365 860 365 904 327 904
598 353 631 353 631 398 598 398
524 205 562 205 562 250 524 250
70 1162 79 1162 79 1207 70 1207
800 948 826 948 826 993 800 993
664 1180 696 1180 696 1225 664 1225
464 1215 499 1215 499 1260 464 1260
129 723 167 723 167 768 129 768
461 1170 507 1170 507 1215 461 1215
264 817 299 817 299 863 264 863
727 1212 767 1212 767 1258 727 1258
273 399 282 399 282 445 273 445
785 207 808 207 808 254 785 254
658 1326 705 1326 705 1373 658 1373
726 811 779 811 779 858 726 858
670 973 696 973 696 1020 670 1020
606 694 626 694 626 742 606 742
799 1076 844 1076 844 1124 799 1124
267 607 299 607 299 657 267 657
460 819 505 819 505 869 460 869
732 345 775 345 775 395 732 395
727 397 769 397 769 449 727 449
732 565 759 565 759 617 732 617
605 784 624 784 624 836 605 836
396 1071 435 1071 435 1123 396 1123
189 800 232 800 232 852 189 852
471 1052 495 1052 495 1105 471 1105
193 744 233 744 233 798 193 798
