471 1329 513 1329 513 1336 471 1336
332 1215 375 1215 375 1223 332 1223
403 1054 442 1054 442 1063 403 1063
697 653 715 653 715 669 697 669
901 1400 933 1400 933 1416 901 1416
400 1349 447 1349 447 1365 400 1365
198 448 231 448 231 464 198 464
688 787 721 787 721 804 688 804
417 1328 430 1328 430 1346 417 1346
419 470 445 470 445 488 419 488
133 1037 155 1037 155 1055 133 1055
546 1340 581 1340 581 1358 546 1358
398 889 447 889 447 907 398 907
548 852 586 852 586 871 548 871
418 449 432 449 432 468 418 468
909 1098 929 1098 929 1117 909 1117
130 1324 151 1324 151 1343 130 1343
483 1105 505 1105 505 1124 483 1124
620 683 649 683 649 702 620 702
617 809 653 809 653 828 617 828
261 1068 307 1068 307 1087 261 1087
275 915 296 915 296 935 275 935
688 300 729 300 729 320 688 320
484 674 505 674 505 694 484 694
273 1351 295 1351 295 1371 273 1371
338 961 360 961 360 981 338 981
483 454 506 454 506 474 483 474
415 783 439 783 439 803 415 803
686 971 735 971 735 991 686 991
554 1119 576 1119 576 1139 554 1139
273 441 296 441 296 462 273 462
696 1381 719 1381 719 1402 696 1402
415 393 439 393 439 414 415 414
897 381 934 381 934 402 897 402
912 790 927 790 927 812 912 812
554 715 576 715 576 737 554 737
344 447 369 447 369 469 344 469
554 327 583 327 583 349 554 349
899 844 938 844 938 866 899 866
697 946 718 946 718 968 697 968
908 697 930 697 930 719 908 719
630 468 651 468 651 490 630 490
553 1313 576 1313 576 1336 553 1336
829 898 863 898 863 921 829 921
337 588 375 588 375 611 337 611
414 330 433 330 433 354 414 354
837 612 856 612 856 636 837 636
131 1198 160 1198 160 1222 131 1222
769 628 786 628 786 652 769 652
915 1039 933 1039 933 1063 915 1063
906 1228 933 1228 933 1252 906 1252
829 541 864 541 864 565 829 565
271 846 289 846 289 871 271 871
343 899 361 899 361 924 343 924
912 1255 932 1255 932 1280 912 1280
276 646 298 646 298 671 276 671
344 715 366 715 366 740 344 740
762 685 786 685 786 710 762 710
902 1374 939 1374 939 1399 902 1399
484 1267 504 1267 504 1292 484 1292
480 393 501 393 501 418 480 418
629 337 651 337 651 362 629 362
135 787 157 787 157 813 135 813
412 952 436 952 436 978 412 978
413 533 439 533 439 559 413 559
901 1318 938 1318 938 1344 901 1344
343 1115 364 1115 364 1141 343 1141
131 1133 154 1133 154 1159 131 1159
556 918 580 918 580 944 556 944
470 338 510 338 510 364 470 364
264 464 307 464 307 490 264 490
332 643 376 643 376 669 332 669
825 637 873 637 873 663 825 663
559 656 574 656 574 682 559 682
204 466 226 466 226 492 204 492
763 513 786 513 786 539 763 539
419 1247 447 1247 447 1273 419 1273
132 1271 153 1271 153 1298 132 1298
484 803 507 803 507 830 484 830
612 1258 648 1258 648 1285 612 1285
485 644 522 644 522 671 485 671
488 1040 504 1040 504 1067 488 1067
767 713 787 713 787 740 767 740
270 1287 292 1287 292 1314 270 1314
273 1126 295 1126 295 1153 273 1153
693 675 716 675 716 702 693 702
629 979 646 979 646 1007 629 1007
128 1379 154 1379 154 1407 128 1407
474 1292 511 1292 511 1320 474 1320
407 417 447 417 447 445 407 445
548 546 595 546 595 574 548 574
560 1055 576 1055 576 1083 560 1083
830 370 865 370 865 398 830 398
829 342 867 342 867 370 829 370
195 336 235 336 235 364 195 364
544 1231 590 1231 590 1259 544 1259
467 363 516 363 516 391 467 391
485 772 503 772 503 801 485 801
133 968 151 968 151 997 133 997
417 1212 449 1212 449 1241 417 1241
832 1278 868 1278 868 1307 832 1307
830 792 868 792 868 821 830 821
546 353 594 353 594 382 546 382
624 706 650 706 650 735 624 735
270 673 301 673 301 702 270 702
129 703 170 703 170 732 129 732
279 378 294 378 294 408 279 408
620 1342 660 1342 660 1372 620 1372
831 867 865 867 865 897 831 897
615 881 655 881 655 911 615 911
680 1237 731 1237 731 1267 680 1267
483 873 503 873 503 904 483 904
482 1231 502 1231 502 1262 482 1262
340 378 362 378 362 409 340 409
621 651 652 651 652 682 621 682
410 557 442 557 442 588 410 588
831 1132 864 1132 864 1163 831 1163
548 946 587 946 587 977 548 977
123 1101 162 1101 162 1132 123 1132
683 541 723 541 723 572 683 572
329 609 377 609 377 640 329 640
699 1169 717 1169 717 1200 699 1200
413 713 431 713 431 744 413 744
922 402 944 402 944 433 922 433
908 721 930 721 930 752 908 752
282 489 305 489 305 520 282 520
550 679 586 679 586 710 550 710
267 990 305 990 305 1021 267 1021
557 817 580 817 580 848 557 848
559 295 583 295 583 326 559 326
626 775 651 775 651 806 626 806
902 346 935 346 935 377 902 377
263 1155 300 1155 300 1186 263 1186
332 1180 379 1180 379 1211 332 1211
682 471 729 471 729 502 682 502
764 652 786 652 786 684 764 684
405 358 434 358 434 390 405 390
199 494 233 494 233 526 199 526
338 551 385 551 385 583 338 583
468 1129 515 1129 515 1161 468 1161
273 1374 290 1374 290 1406 273 1406
842 1345 862 1345 862 1377 842 1377
762 386 783 386 783 418 762 418
552 742 577 742 577 774 552 774
338 741 370 741 370 773 338 773
901 659 937 659 937 691 901 691
471 418 510 418 510 450 471 450
615 1100 658 1100 658 1132 615 1132
908 813 927 813 927 846 908 846
487 1198 511 1198 511 1231 487 1231
834 1376 869 1376 869 1409 834 1409
901 629 938 629 938 662 901 662
404 1017 446 1017 446 1050 404 1050
124 1345 155 1345 155 1378 124 1378
688 1269 723 1269 723 1302 688 1302
827 475 864 475 864 508 827 508
900 1118 940 1118 940 1151 900 1151
474 738 524 738 524 771 474 771
841 1198 859 1198 859 1231 841 1231
555 779 580 779 580 812 555 812
475 907 513 907 513 940 475 940
686 1346 727 1346 727 1379 686 1379
123 1297 164 1297 164 1330 123 1330
332 343 379 343 379 376 332 376
469 1161 518 1161 518 1194 469 1194
545 511 594 511 594 544 545 544
625 740 654 740 654 774 625 774
623 492 652 492 652 526 623 526
197 411 236 411 236 445 197 445
848 923 868 923 868 957 848 957
830 299 867 299 867 333 830 333
124 484 165 484 165 518 124 518
469 1375 510 1375 510 1409 469 1409
266 407 308 407 308 441 266 441
123 237 178 237 178 271 123 271
910 1194 930 1194 930 1229 910 1229
908 1062 938 1062 938 1097 908 1097
904 1282 936 1282 936 1317 904 1317
126 1158 163 1158 163 1193 126 1193
551 1084 589 1084 589 1119 551 1119
621 580 660 580 660 615 621 615
405 743 446 743 446 778 405 778
399 808 445 808 445 843 399 843
763 795 780 795 780 830 763 830
408 1120 442 1120 442 1155 408 1155
826 394 867 394 867 429 826 429
621 299 662 299 662 334 621 334
613 1173 656 1173 656 1208 613 1208
838 505 858 505 858 540 838 540
629 364 654 364 654 399 629 399
687 748 722 748 722 783 687 783
334 1141 370 1141 370 1176 334 1176
621 400 662 400 662 435 621 435
689 614 730 614 730 649 689 649
642 431 648 431 648 467 642 467
128 594 161 594 161 630 128 630
333 924 371 924 371 960 333 960
757 834 796 834 796 870 757 870
260 1314 300 1314 300 1350 260 1350
903 1342 936 1342 936 1378 903 1378
905 754 938 754 938 790 905 790
405 980 444 980 444 1016 405 1016
332 407 372 407 372 443 332 443
336 471 376 471 376 507 336 507
613 1008 654 1008 654 1044 613 1044
402 293 450 293 450 329 402 329
196 369 230 369 230 406 196 406
474 1068 515 1068 515 1105 474 1105
627 941 650 941 650 978 627 978
134 295 160 295 160 332 134 332
625 614 655 614 655 651 625 651
408 491 438 491 438 528 408 528
689 1197 726 1197 726 1234 689 1234
261 1029 300 1029 300 1066 261 1066
833 1163 874 1163 874 1200 833 1200
755 346 797 346 797 383 755 383
684 576 727 576 727 613 684 613
829 959 861 959 861 996 829 996
267 708 308 708 308 745 267 745
401 678 442 678 442 715 401 715
122 522 173 522 173 559 122 559
682 218 735 218 735 255 682 255
691 710 720 710 720 748 691 748
128 561 168 561 168 599 128 599
266 610 307 610 307 648 266 648
124 996 165 996 165 1034 124 1034
259 749 310 749 310 787 259 787
901 902 936 902 936 940 901 940
619 911 661 911 661 949 619 949
548 621 590 621 590 659 548 659
683 1303 726 1303 726 1341 683 1341
474 479 521 479 521 518 474 518
899 441 931 441 931 480 899 480
689 903 728 903 728 942 689 942
334 1324 374 1324 374 1363 334 1363
336 1032 379 1032 379 1071 336 1071
334 1362 380 1362 380 1401 334 1401
467 1344 514 1344 514 1383 467 1383
611 1368 672 1368 672 1407 611 1407
263 870 301 870 301 909 263 909
476 518 515 518 515 557 476 557
334 510 380 510 380 549 334 549
124 336 171 336 171 375 124 375
833 662 864 662 864 702 833 702
830 826 863 826 863 866 830 866
902 862 945 862 945 902 902 902
832 567 861 567 861 607 832 607
269 515 307 515 307 555 269 555
332 863 375 863 375 903 332 903
831 1304 878 1304 878 1344 831 1344
483 596 508 596 508 637 483 637
130 1059 158 1059 158 1100 130 1100
904 1153 937 1153 937 1194 904 1194
336 775 376 775 376 816 336 816
409 589 450 589 450 630 409 630
830 1235 872 1235 872 1276 830 1276
404 1366 451 1366 451 1407 404 1407
830 701 871 701 871 742 830 742
751 590 804 590 804 631 751 631
407 1279 448 1279 448 1320 407 1320
412 845 435 845 435 887 412 887
144 661 168 661 168 703 144 703
263 1088 312 1088 312 1130 263 1130
340 1072 368 1072 368 1114 340 1114
543 1358 586 1358 586 1400 543 1400
335 985 374 985 374 1028 335 1028
762 476 802 476 802 519 762 519
127 631 169 631 169 674 127 674
267 291 310 291 310 334 267 334
897 487 940 487 940 530 897 530
329 819 374 819 374 862 329 862
484 833 504 833 504 876 484 876
551 1189 589 1189 589 1232 551 1232
688 500 729 500 729 543 688 543
547 382 593 382 593 425 547 425
127 438 173 438 173 481 127 481
898 582 940 582 940 625 898 625
830 1046 858 1046 858 1090 830 1090
829 1087 872 1087 872 1131 829 1131
472 558 521 558 521 602 472 602
753 872 802 872 802 916 753 916
120 1225 171 1225 171 1269 120 1269
395 1161 453 1161 453 1205 395 1205
901 299 932 299 932 344 901 344
550 1265 581 1265 581 1310 550 1310
340 667 356 667 356 712 340 712
547 1142 593 1142 593 1187 547 1187
468 699 521 699 521 744 468 744
209 289 219 289 219 334 209 334
685 992 731 992 731 1037 685 1037
468 295 519 295 519 340 468 340
559 872 576 872 576 918 559 918
546 421 587 421 587 467 546 467
543 576 592 576 592 622 543 622
753 295 803 295 803 341 753 341
542 978 595 978 595 1024 542 1024
399 631 444 631 444 678 399 678
403 1069 450 1069 450 1116 403 1116
267 335 315 335 315 382 267 382
403 908 454 908 454 955 403 955
686 370 733 370 733 417 686 417
763 539 791 539 791 586 763 586
900 989 945 989 945 1036 900 1036
901 942 946 942 946 989 901 989
331 1230 378 1230 378 1278 331 1278
122 815 170 815 170 863 122 863
687 322 734 322 734 370 687 370
550 1020 580 1020 580 1069 550 1069
127 739 163 739 163 788 127 788
333 291 370 291 370 340 333 340
825 742 868 742 868 791 825 791
267 556 306 556 306 606 267 606
685 417 728 417 728 467 685 467
684 804 725 804 725 854 684 854
613 827 659 827 659 877 613 877
269 939 297 939 297 990 269 990
478 944 527 944 527 995 478 995
896 534 940 534 940 585 896 585
119 915 169 915 169 966 119 966
619 1203 650 1203 650 1255 619 1255
124 866 175 866 175 918 124 918
470 989 518 989 518 1042 470 1042
258 1234 307 1234 307 1287 258 1287
335 1273 377 1273 377 1327 335 1327
827 999 872 999 872 1053 827 1053
263 1190 312 1190 312 1244 263 1244
684 851 721 851 721 905 684 905
148 373 155 373 155 428 148 428
620 525 656 525 656 580 620 580
828 429 876 429 876 484 828 484
260 787 303 787 303 844 260 844
617 1045 665 1045 665 1105 617 1105
766 731 795 731 795 792 766 792
756 420 799 420 799 481 756 481
683 1103 731 1103 731 1169 683 1169
688 1034 728 1034 728 1101 688 1101
