527 730 564 730 564 737 527 737
570 1249 579 1249 579 1258 570 1258
397 647 420 647 420 659 397 659
533 711 559 711 559 724 533 724
204 430 219 430 219 444 204 444
132 538 157 538 157 552 132 552
616 1341 632 1341 632 1356 616 1356
278 1099 295 1099 295 1114 278 1114
210 858 224 858 224 874 210 874
203 904 230 904 230 920 203 920
214 1371 228 1371 228 1387 214 1387
610 1025 628 1025 628 1041 610 1041
273 594 290 594 290 611 273 611
674 728 693 728 693 746 674 746
609 612 627 612 627 630 609 630
415 1243 434 1243 434 1262 415 1262
403 801 426 801 426 821 403 821
271 687 295 687 295 707 271 707
610 1227 631 1227 631 1248 610 1248
401 854 426 854 426 875 401 875
597 391 632 391 632 412 597 412
474 761 489 761 489 782 474 782
206 994 228 994 228 1015 206 1015
867 630 905 630 905 651 867 651
600 703 634 703 634 725 600 725
269 1120 306 1120 306 1142 269 1142
132 411 155 411 155 433 132 433
394 476 428 476 428 498 394 498
258 321 297 321 297 343 258 343
133 476 147 476 147 499 133 499
213 1162 228 1162 228 1185 213 1185
461 1106 492 1106 492 1129 461 1129
532 402 564 402 564 425 532 425
402 1091 432 1091 432 1114 402 1114
545 1196 560 1196 560 1220 545 1220
131 793 178 793 178 817 131 817
676 916 694 916 694 940 676 940
470 1153 505 1153 505 1177 470 1177
472 658 503 658 503 682 472 682
667 526 701 526 701 550 667 550
394 551 429 551 429 575 394 575
403 611 415 611 415 636 403 636
201 452 217 452 217 477 201 477
210 1279 227 1279 227 1304 210 1304
138 655 156 655 156 680 138 680
279 1359 300 1359 300 1384 279 1384
610 1195 635 1195 635 1220 610 1220
533 562 563 562 563 587 533 587
591 319 635 319 635 344 591 344
210 875 224 875 224 901 210 901
213 1058 228 1058 228 1084 213 1084
675 1047 694 1047 694 1073 675 1073
210 1225 232 1225 232 1251 210 1251
322 426 368 426 368 452 322 452
545 429 556 429 556 455 545 455
405 772 420 772 420 798 405 798
665 753 699 753 699 779 665 779
395 524 431 524 431 550 395 550
611 964 625 964 625 990 611 990
279 1038 293 1038 293 1064 279 1064
472 1129 489 1129 489 1155 472 1155
268 772 297 772 297 798 268 798
197 520 231 520 231 546 197 546
414 1190 428 1190 428 1217 414 1217
199 365 214 365 214 392 199 392
678 1241 694 1241 694 1268 678 1268
337 402 355 402 355 429 337 429
125 322 153 322 153 349 125 349
330 736 359 736 359 763 330 763
609 1312 640 1312 640 1339 609 1339
397 1216 439 1216 439 1243 397 1243
190 546 233 546 233 573 190 573
207 608 221 608 221 635 207 635
197 637 229 637 229 664 197 664
457 325 493 325 493 352 457 352
606 1079 643 1079 643 1106 606 1106
662 846 703 846 703 873 662 873
398 499 440 499 440 526 398 526
461 384 477 384 477 411 461 411
670 1106 707 1106 707 1133 670 1133
405 569 413 569 413 597 405 597
410 881 425 881 425 909 410 909
281 1201 297 1201 297 1229 281 1229
269 493 289 493 289 521 269 521
469 782 492 782 492 810 469 810
199 961 233 961 233 989 199 989
609 1359 635 1359 635 1387 609 1387
535 915 567 915 567 943 535 943
118 386 162 386 162 414 118 414
275 1228 302 1228 302 1257 275 1257
198 924 230 924 230 953 198 953
605 1283 639 1283 639 1312 605 1312
268 1291 309 1291 309 1320 268 1320
143 764 152 764 152 793 143 793
605 546 622 546 622 575 605 575
468 555 487 555 487 584 468 584
462 620 486 620 486 649 462 649
328 707 353 707 353 736 328 736
399 909 429 909 429 938 399 938
464 1034 495 1034 495 1063 464 1063
465 488 497 488 497 517 465 517
604 791 637 791 637 820 604 820
467 815 502 815 502 844 467 844
534 1253 574 1253 574 1282 534 1282
272 708 290 708 290 738 272 738
540 1219 565 1219 565 1249 540 1249
208 1340 237 1340 237 1370 208 1370
542 1319 574 1319 574 1349 542 1349
198 1252 234 1252 234 1282 198 1282
535 836 570 836 570 867 535 867
262 844 304 844 304 875 262 875
675 1072 697 1072 697 1103 675 1103
199 749 232 749 232 780 199 780
615 720 630 720 630 751 615 751
538 677 555 677 555 708 538 708
204 1084 235 1084 235 1115 204 1115
269 1259 304 1259 304 1290 269 1290
599 893 638 893 638 924 599 924
277 740 291 740 291 772 277 772
464 352 493 352 493 384 464 384
536 1070 569 1070 569 1102 536 1102
271 1171 306 1171 306 1203 271 1203
600 924 639 924 639 956 600 956
659 225 699 225 699 257 659 257
866 592 908 592 908 624 866 624
614 1163 631 1163 631 1195 614 1195
544 1286 564 1286 564 1318 544 1318
271 1065 300 1065 300 1097 271 1097
270 875 301 875 301 907 270 907
461 690 508 690 508 722 461 722
386 403 434 403 434 435 386 435
604 668 624 668 624 700 604 700
474 1215 498 1215 498 1247 474 1247
671 940 700 940 700 972 671 972
260 557 292 557 292 589 260 589
392 821 427 821 427 853 392 853
465 584 484 584 484 617 465 617
665 360 698 360 698 393 665 393
205 1186 239 1186 239 1219 205 1219
318 505 359 505 359 538 318 538
675 1207 695 1207 695 1240 675 1240
259 383 294 383 294 416 259 416
665 653 700 653 700 686 665 686
598 632 636 632 636 665 598 665
262 525 295 525 295 559 262 559
603 990 636 990 636 1024 603 1024
393 439 430 439 430 473 393 473
123 349 161 349 161 383 123 383
603 1106 644 1106 644 1140 603 1140
662 812 709 812 709 846 662 846
661 325 700 325 700 359 661 359
607 1044 648 1044 648 1078 607 1078
661 442 707 442 707 476 661 476
216 823 225 823 225 857 216 857
537 456 560 456 560 490 537 490
206 1305 236 1305 236 1339 206 1339
126 500 159 500 159 534 126 534
203 573 216 573 216 608 203 608
618 1139 634 1139 634 1174 618 1174
132 728 153 728 153 763 132 763
605 752 635 752 635 787 605 787
598 576 633 576 633 611 598 611
605 1248 644 1248 644 1283 605 1283
600 820 641 820 641 855 600 855
281 653 289 653 289 688 281 688
193 392 224 392 224 427 193 427
254 225 301 225 301 260 254 260
262 1002 309 1002 309 1037 262 1037
416 1305 437 1305 437 1341 416 1341
196 713 242 713 242 749 196 749
467 1177 499 1177 499 1213 467 1213
532 746 565 746 565 782 532 782
534 321 561 321 561 357 534 357
404 1268 441 1268 441 1304 404 1304
278 1137 294 1137 294 1174 278 1174
332 669 349 669 349 706 332 706
664 689 700 689 700 726 664 726
259 463 298 463 298 500 259 500
126 436 166 436 166 473 126 473
266 807 302 807 302 844 266 844
680 1128 694 1128 694 1165 680 1165
324 631 352 631 352 668 324 668
476 722 491 722 491 760 476 760
269 1321 307 1321 307 1359 269 1359
268 614 292 614 292 652 268 652
407 1341 437 1341 437 1380 407 1380
598 226 630 226 630 265 598 265
395 938 434 938 434 977 395 977
601 347 632 347 632 386 601 386
607 853 641 853 641 892 607 892
537 986 573 986 573 1025 537 1025
329 362 366 362 366 401 329 401
475 1248 494 1248 494 1287 475 1287
533 531 558 531 558 570 533 570
671 973 703 973 703 1012 671 1012
666 396 704 396 704 435 666 435
531 362 570 362 570 401 531 401
412 1115 424 1115 424 1155 412 1155
261 421 298 421 298 461 261 461
537 1102 577 1102 577 1142 537 1142
600 415 642 415 642 455 600 455
860 323 908 323 908 363 860 363
530 497 566 497 566 537 530 537
666 1169 710 1169 710 1209 666 1209
462 900 509 900 509 940 462 940
270 344 285 344 285 385 270 385
591 265 635 265 635 306 591 306
664 1268 708 1268 708 1309 664 1309
456 410 493 410 493 451 456 451
596 504 630 504 630 546 596 546
319 591 357 591 357 633 319 633
385 362 432 362 432 404 385 404
535 1026 572 1026 572 1068 535 1068
265 960 302 960 302 1002 265 1002
190 322 228 322 228 364 190 364
528 944 571 944 571 986 528 986
473 518 480 518 480 561 473 561
204 1015 234 1015 234 1058 204 1058
256 262 290 262 290 305 256 305
541 1344 576 1344 576 1387 541 1387
205 780 242 780 242 823 205 823
465 938 497 938 497 981 465 981
677 1309 703 1309 703 1352 677 1352
864 488 906 488 906 532 864 532
528 868 571 868 571 912 528 912
673 873 691 873 691 917 673 917
456 989 503 989 503 1033 456 1033
660 608 711 608 711 652 660 652
207 1117 234 1117 234 1162 207 1162
664 773 703 773 703 818 664 818
457 448 493 448 493 493 457 493
663 477 702 477 702 522 663 522
194 669 238 669 238 715 194 715
202 477 216 477 216 523 202 523
660 261 709 261 709 307 660 307
756 474 806 474 806 520 756 520
397 1150 433 1150 433 1197 397 1197
127 680 165 680 165 727 127 727
471 845 496 845 496 893 471 893
262 912 298 912 298 960 262 960
524 640 572 640 572 688 524 688
861 373 906 373 906 421 861 421
126 604 159 604 159 653 126 653
666 1006 706 1006 706 1055 666 1055
860 533 913 533 913 582 860 582
316 539 357 539 357 589 316 589
671 1328 698 1328 698 1378 671 1378
600 456 631 456 631 506 600 506
858 430 911 430 911 480 858 480
529 588 563 588 563 639 529 639
534 1142 573 1142 573 1194 534 1194
531 782 568 782 568 835 531 835
663 554 701 554 701 607 663 607
766 534 798 534 798 590 766 590
341 444 345 444 345 500 341 500
397 983 438 983 438 1040 397 1040
400 1040 439 1040 439 1098 400 1098
