670 886 705 886 705 895 670 895
827 907 846 907 846 918 827 918
138 850 163 850 163 863 138 863
547 618 562 618 562 632 547 632
284 1304 314 1304 314 1318 284 1318
669 633 704 633 704 648 669 648
822 927 848 927 848 943 822 943
343 563 360 563 360 579 343 579
276 944 295 944 295 960 276 960
270 1091 302 1091 302 1107 270 1107
826 854 840 854 840 871 826 871
612 936 632 936 632 953 612 953
612 591 633 591 633 608 612 608
675 1153 703 1153 703 1170 675 1170
65 1228 93 1228 93 1245 65 1245
344 1013 364 1013 364 1030 344 1030
406 1189 434 1189 434 1206 406 1206
683 1070 696 1070 696 1087 683 1087
342 1182 362 1182 362 1199 342 1199
545 563 566 563 566 580 545 580
540 698 569 698 569 715 540 715
750 945 763 945 763 963 750 963
811 633 830 633 830 651 811 651
268 1320 302 1320 302 1338 268 1338
405 1294 440 1294 440 1312 405 1312
674 950 710 950 710 968 674 968
342 324 356 324 356 343 342 343
341 720 362 720 362 739 341 739
475 338 495 338 495 357 475 357
197 528 232 528 232 547 197 547
350 1073 360 1073 360 1092 350 1092
278 517 296 517 296 536 278 536
70 645 90 645 90 664 70 664
544 1052 565 1052 565 1071 544 1071
277 1264 299 1264 299 1283 277 1283
598 647 646 647 646 666 598 666
545 876 566 876 566 896 545 896
550 1288 576 1288 576 1308 550 1308
539 936 575 936 575 957 539 957
266 568 302 568 302 589 266 589
828 972 844 972 844 993 828 993
255 699 283 699 283 720 255 720
542 718 572 718 572 739 542 739
469 428 497 428 497 450 469 450
607 770 636 770 636 792 607 792
403 1060 442 1060 442 1082 403 1082
671 513 698 513 698 535 671 535
672 1127 707 1127 707 1149 672 1149
398 461 437 461 437 483 398 483
827 997 851 997 851 1019 827 1019
810 579 825 579 825 602 810 602
542 510 561 510 561 533 542 533
812 789 831 789 831 812 812 812
203 938 243 938 243 961 203 961
348 693 375 693 375 716 348 716
409 724 438 724 438 747 409 747
334 344 365 344 365 367 334 367
131 787 164 787 164 810 131 810
552 1034 586 1034 586 1057 552 1057
268 1137 306 1137 306 1160 268 1160
547 826 564 826 564 850 547 850
607 1136 637 1136 637 1160 607 1160
803 658 838 658 838 682 803 682
276 281 293 281 293 305 276 305
479 696 497 696 497 720 479 720
752 793 771 793 771 817 752 817
275 1061 298 1061 298 1085 275 1085
201 304 231 304 231 328 201 328
199 1012 234 1012 234 1036 199 1036
799 350 835 350 835 374 799 374
133 944 172 944 172 968 133 968
266 542 306 542 306 566 266 566
411 861 427 861 427 885 411 885
342 1280 363 1280 363 1304 342 1304
406 1271 434 1271 434 1295 406 1295
266 337 297 337 297 361 266 361
740 815 772 815 772 839 740 839
604 1088 638 1088 638 1112 604 1112
600 616 636 616 636 640 600 640
262 1109 307 1109 307 1133 262 1133
826 945 852 945 852 970 826 970
67 1344 98 1344 98 1369 67 1369
796 282 833 282 833 307 796 307
612 745 630 745 630 770 612 770
68 736 94 736 94 761 68 761
291 777 321 777 321 802 291 802
745 636 762 636 762 662 745 662
613 880 632 880 632 906 613 906
196 1344 222 1344 222 1370 196 1370
605 562 634 562 634 588 605 588
267 832 298 832 298 858 267 858
543 1236 579 1236 579 1262 543 1262
542 1156 578 1156 578 1182 542 1182
339 1094 378 1094 378 1120 339 1120
266 719 281 719 281 745 266 745
146 1032 162 1032 162 1058 146 1058
811 724 840 724 840 750 811 750
822 876 851 876 851 902 822 902
200 913 235 913 235 939 200 939
602 1160 640 1160 640 1186 602 1186
275 889 294 889 294 915 275 915
348 1159 381 1159 381 1185 348 1185
466 451 502 451 502 477 466 477
413 917 433 917 433 944 413 944
408 552 428 552 428 579 408 579
410 622 431 622 431 649 410 649
825 1022 856 1022 856 1049 825 1049
481 518 513 518 513 545 481 545
66 869 99 869 99 896 66 896
539 1107 580 1107 580 1134 539 1134
549 670 564 670 564 697 549 697
609 1060 630 1060 630 1087 609 1087
68 767 90 767 90 794 68 794
400 366 431 366 431 393 400 393
333 625 367 625 367 652 333 652
792 855 827 855 827 882 792 882
263 363 306 363 306 390 263 390
266 1282 314 1282 314 1309 266 1309
550 1208 569 1208 569 1236 550 1236
550 1264 571 1264 571 1292 550 1292
205 276 230 276 230 304 205 304
405 784 437 784 437 812 405 812
615 1107 632 1107 632 1135 615 1135
476 721 503 721 503 749 476 749
400 434 431 434 431 462 400 462
671 569 704 569 704 597 671 597
404 1087 443 1087 443 1115 404 1115
600 793 642 793 642 821 600 821
474 280 490 280 490 308 474 308
281 589 298 589 298 617 281 617
609 534 627 534 627 562 609 562
208 1227 227 1227 227 1255 208 1255
143 968 164 968 164 996 143 996
826 1051 851 1051 851 1079 826 1079
672 794 707 794 707 822 672 822
733 841 773 841 773 869 733 869
535 444 575 444 575 472 535 472
401 1242 445 1242 445 1270 401 1270
344 953 361 953 361 982 344 982
806 813 839 813 839 842 806 842
801 599 835 599 835 628 801 628
275 618 310 618 310 647 275 647
671 972 711 972 711 1001 671 1001
266 988 312 988 312 1017 266 1017
541 319 561 319 561 348 541 348
674 424 695 424 695 453 674 453
475 1071 498 1071 498 1100 475 1100
678 1175 703 1175 703 1204 678 1204
408 755 435 755 435 784 408 784
338 659 366 659 366 688 338 688
269 491 303 491 303 520 269 520
545 1180 579 1180 579 1209 545 1209
194 846 232 846 232 875 194 875
743 484 765 484 765 513 743 513
409 1030 434 1030 434 1059 409 1059
548 1126 573 1126 573 1155 548 1155
607 905 643 905 643 934 607 934
541 1309 578 1309 578 1338 541 1338
340 817 364 817 364 847 340 847
668 537 703 537 703 567 668 567
470 757 506 757 506 787 470 787
599 1003 637 1003 637 1033 599 1033
735 325 773 325 773 355 735 355
538 848 577 848 577 878 538 878
809 374 836 374 836 404 809 404
616 230 647 230 647 260 616 260
475 1261 511 1261 511 1291 475 1291
63 700 99 700 99 730 63 730
205 1109 227 1109 227 1140 205 1140
819 230 843 230 843 261 819 261
798 925 823 925 823 956 798 956
676 818 703 818 703 849 676 849
587 190 620 190 620 221 587 221
128 487 162 487 162 518 128 518
539 1078 574 1078 574 1109 539 1109
476 360 491 360 491 391 476 391
277 1334 298 1334 298 1365 277 1365
340 783 363 783 363 814 340 814
546 1327 570 1327 570 1358 546 1358
789 187 816 187 816 218 789 218
133 524 161 524 161 555 133 555
519 188 548 188 548 219 519 219
470 834 507 834 507 865 470 865
680 486 697 486 697 517 680 517
66 1279 95 1279 95 1310 66 1310
672 454 701 454 701 485 672 485
539 285 569 285 569 316 539 316
63 1065 104 1065 104 1096 63 1096
193 329 236 329 236 360 193 360
341 1123 362 1123 362 1155 341 1155
133 389 159 389 159 421 133 421
270 911 302 911 302 943 270 943
401 518 434 518 434 550 401 550
739 964 774 964 774 996 739 996
333 529 369 529 369 561 333 561
201 1073 241 1073 241 1105 201 1105
136 1137 180 1137 180 1169 136 1169
411 649 426 649 426 681 411 681
612 658 633 658 633 690 612 690
675 722 701 722 701 754 675 754
800 404 829 404 829 436 800 436
616 190 647 190 647 222 616 222
133 909 166 909 166 941 133 941
740 660 774 660 774 692 740 692
675 848 710 848 710 880 675 880
479 591 493 591 493 624 479 624
275 459 294 459 294 492 275 492
473 1100 501 1100 501 1133 473 1133
466 306 498 306 498 339 466 339
268 1230 300 1230 300 1263 268 1263
337 980 370 980 370 1013 337 1013
137 1239 171 1239 171 1272 137 1272
408 1114 443 1114 443 1147 408 1147
533 533 569 533 569 566 533 566
74 1310 91 1310 91 1343 74 1343
343 1247 364 1247 364 1280 343 1280
667 392 701 392 701 425 667 425
198 1256 235 1256 235 1289 198 1289
403 1206 440 1206 440 1239 403 1239
267 394 298 394 298 427 267 427
604 822 642 822 642 855 604 855
532 476 575 476 575 509 532 509
126 687 172 687 172 720 126 720
336 504 359 504 359 538 336 538
270 1205 294 1205 294 1239 270 1239
602 1033 636 1033 636 1067 602 1067
742 869 777 869 777 903 742 903
733 554 776 554 776 588 733 588
285 860 295 860 295 894 285 894
546 997 571 997 571 1031 546 1031
674 1275 709 1275 709 1309 674 1309
534 587 569 587 569 621 534 621
403 886 439 886 439 920 403 920
199 767 242 767 242 801 199 801
71 666 88 666 88 701 71 701
479 1289 506 1289 506 1324 479 1324
337 1038 367 1038 367 1073 337 1073
472 1327 504 1327 504 1362 472 1362
265 427 311 427 311 462 265 462
84 834 93 834 93 869 84 869
681 647 695 647 695 682 681 682
682 595 700 595 700 630 682 630
69 945 97 945 97 980 69 980
62 1247 105 1247 105 1282 62 1282
746 906 767 906 767 941 746 941
604 331 633 331 633 366 604 366
196 602 237 602 237 637 196 637
146 996 163 996 163 1032 146 1032
338 371 361 371 361 407 338 407
406 945 437 945 437 981 406 981
743 515 775 515 775 551 743 551
130 316 174 316 174 352 130 352
408 483 425 483 425 519 408 519
140 352 158 352 158 388 140 388
805 311 827 311 827 347 805 347
550 225 578 225 578 261 550 261
133 1327 163 1327 163 1363 133 1363
211 876 231 876 231 912 211 912
742 352 773 352 773 388 742 388
137 1060 171 1060 171 1096 137 1096
803 685 840 685 840 721 803 721
396 397 438 397 438 433 396 433
215 1323 223 1323 223 1360 215 1360
208 1141 222 1141 222 1178 208 1178
272 304 292 304 292 341 272 341
542 902 576 902 576 939 542 939
133 416 169 416 169 453 133 453
129 1200 173 1200 173 1237 129 1237
265 749 280 749 280 787 265 787
138 553 154 553 154 591 138 591
678 755 697 755 697 793 678 793
475 620 500 620 500 658 475 658
675 1087 700 1087 700 1125 675 1125
814 187 845 187 845 225 814 225
270 648 303 648 303 686 270 686
61 983 99 983 99 1021 61 1021
540 958 583 958 583 996 540 996
136 450 154 450 154 488 136 488
476 1174 510 1174 510 1212 476 1212
335 890 372 890 372 928 335 928
537 629 577 629 577 667 537 667
329 226 369 226 369 264 329 264
803 750 844 750 844 788 803 788
477 901 498 901 498 939 477 939
608 365 637 365 637 403 608 403
550 187 580 187 580 225 550 225
402 325 437 325 437 363 402 363
200 1035 237 1035 237 1073 200 1073
130 811 175 811 175 849 130 849
152 1097 162 1097 162 1136 152 1136
684 993 699 993 699 1032 684 1032
138 1162 157 1162 157 1201 138 1201
747 443 768 443 768 482 747 482
65 370 88 370 88 409 65 409
289 735 313 735 313 774 289 774
794 886 821 886 821 925 794 925
339 744 367 744 367 783 339 783
607 962 636 962 636 1001 607 1001
265 803 303 803 303 842 265 842
330 414 371 414 371 453 330 453
481 476 490 476 490 515 481 515
72 1138 92 1138 92 1177 72 1177
679 1032 704 1032 704 1071 679 1071
473 1135 502 1135 502 1174 473 1174
269 1021 302 1021 302 1060 269 1060
60 797 96 797 96 836 60 836
533 397 576 397 576 436 533 436
534 352 579 352 579 391 534 391
136 642 160 642 160 682 136 682
607 849 634 849 634 889 607 889
334 285 363 285 363 325 334 325
600 288 634 288 634 328 600 328
468 989 508 989 508 1029 468 1029
267 1161 306 1161 306 1201 267 1201
672 679 712 679 712 719 672 719
400 1146 447 1146 447 1186 400 1186
340 1206 368 1206 368 1246 340 1246
666 350 702 350 702 390 666 390
268 955 313 955 313 995 268 995
61 1098 99 1098 99 1139 61 1139
598 405 641 405 641 446 598 446
212 682 220 682 220 723 212 723
471 545 500 545 500 586 471 586
799 440 841 440 841 481 799 481
539 743 583 743 583 784 539 784
672 1312 718 1312 718 1353 672 1353
73 501 80 501 80 542 73 542
341 919 366 919 366 960 341 960
61 458 97 458 97 500 61 500
477 386 487 386 487 428 477 428
202 966 237 966 237 1008 202 1008
470 1028 510 1028 510 1070 470 1070
479 656 495 656 495 699 479 699
287 694 316 694 316 737 287 737
332 583 367 583 367 626 332 626
197 1293 240 1293 240 1336 197 1336
421 1314 428 1314 428 1357 421 1357
342 847 357 847 357 890 342 890
600 454 638 454 638 497 600 497
602 497 639 497 639 541 602 541
539 781 574 781 574 825 539 825
798 537 838 537 838 582 798 582
472 940 515 940 515 985 472 985
402 681 440 681 440 726 402 726
129 1275 167 1275 167 1320 129 1320
61 546 100 546 100 591 61 591
62 1020 104 1020 104 1065 62 1065
473 1212 509 1212 509 1257 473 1257
474 860 502 860 502 906 474 906
406 982 435 982 435 1028 406 1028
132 864 168 864 168 910 132 910
401 818 438 818 438 864 401 864
66 408 98 408 98 454 66 454
130 594 168 594 168 640 130 640
673 1200 711 1200 711 1247 673 1247
333 456 370 456 370 503 333 503
469 788 513 788 513 836 469 836
400 579 442 579 442 627 400 627
400 277 435 277 435 325 400 325
676 898 704 898 704 947 676 947
739 586 773 586 773 636 739 636
64 1179 98 1179 98 1229 64 1229
345 1305 360 1305 360 1355 345 1355
59 592 99 592 99 642 59 642
195 1178 231 1178 231 1229 195 1229
735 752 779 752 779 803 735 803
605 693 633 693 633 744 605 744
57 315 95 315 95 368 57 368
196 473 237 473 237 526 196 526
798 487 835 487 835 542 798 542
136 721 167 721 167 779 136 779
739 691 781 691 781 750 739 750
737 390 771 390 771 464 737 464
