643 1272 657 1272 657 1281 643 1281
851 474 862 474 862 484 851 484
101 651 112 651 112 662 101 662
751 1375 797 1375 797 1387 751 1387
543 1376 571 1376 571 1389 543 1389
639 1316 653 1316 653 1331 639 1331
487 1068 514 1068 514 1083 487 1083
828 644 854 644 854 659 828 659
280 790 307 790 307 805 280 805
355 450 384 450 384 465 355 465
764 833 791 833 791 849 764 849
552 1012 578 1012 578 1028 552 1028
347 915 385 915 385 931 347 931
144 754 171 754 171 770 144 770
227 535 236 535 236 552 227 552
146 893 162 893 162 910 146 910
553 825 579 825 579 842 553 842
756 501 801 501 801 518 756 518
773 514 785 514 785 531 773 531
828 871 850 871 850 889 828 889
627 781 650 781 650 799 627 799
820 1242 847 1242 847 1260 820 1260
832 1147 844 1147 844 1165 832 1165
620 1339 640 1339 640 1357 620 1357
830 1293 841 1293 841 1312 830 1312
493 838 507 838 507 857 493 857
143 1303 160 1303 160 1322 143 1322
348 1334 367 1334 367 1354 348 1354
759 1309 779 1309 779 1329 759 1329
147 496 176 496 176 516 147 516
479 951 524 951 524 971 479 971
625 807 651 807 651 827 625 827
690 1041 707 1041 707 1061 690 1061
92 378 111 378 111 398 92 398
358 606 379 606 379 626 358 626
618 1361 643 1361 643 1381 618 1381
350 625 382 625 382 645 350 645
343 1063 378 1063 378 1083 343 1083
703 403 719 403 719 424 703 424
494 388 514 388 514 409 494 409
762 327 791 327 791 348 762 348
136 1088 171 1088 171 1109 136 1109
836 571 851 571 851 592 836 592
632 609 648 609 648 630 632 630
694 850 710 850 710 871 694 871
140 1360 165 1360 165 1381 140 1381
474 1367 506 1367 506 1388 474 1388
752 1330 786 1330 786 1352 752 1352
546 905 589 905 589 927 546 927
566 732 578 732 578 754 566 754
88 438 103 438 103 460 88 460
769 778 785 778 785 800 769 800
554 1126 572 1126 572 1148 554 1148
274 1070 305 1070 305 1092 274 1092
630 845 647 845 647 867 630 867
830 1191 848 1191 848 1213 830 1213
626 575 650 575 650 597 626 597
824 594 857 594 857 616 824 616
543 1284 578 1284 578 1306 543 1306
616 1090 656 1090 656 1112 616 1112
350 1270 369 1270 369 1293 350 1293
411 699 452 699 452 722 411 722
426 1058 435 1058 435 1081 426 1081
556 1148 570 1148 570 1171 556 1171
697 723 713 723 713 746 697 746
277 1283 294 1283 294 1306 277 1306
623 1162 642 1162 642 1185 623 1185
356 572 385 572 385 595 356 595
546 1332 577 1332 577 1355 546 1355
140 773 175 773 175 796 140 796
763 1244 776 1244 776 1268 763 1268
426 574 443 574 443 598 426 598
566 508 585 508 585 532 566 532
475 1286 515 1286 515 1310 475 1310
81 997 96 997 96 1021 81 1021
423 838 441 838 441 862 423 862
835 545 855 545 855 569 835 569
830 521 854 521 854 545 830 545
760 378 790 378 790 402 760 402
826 1308 846 1308 846 1332 826 1332
355 684 376 684 376 708 355 708
278 541 312 541 312 565 278 565
760 445 795 445 795 469 760 469
342 1350 378 1350 378 1374 342 1374
832 701 847 701 847 726 832 726
633 393 649 393 649 418 633 418
557 989 575 989 575 1014 557 1014
86 353 106 353 106 378 86 378
495 321 518 321 518 346 495 346
819 1217 850 1217 850 1242 819 1242
415 978 448 978 448 1003 415 1003
275 1044 311 1044 311 1069 275 1069
764 964 781 964 781 989 764 989
144 952 169 952 169 977 144 977
559 443 585 443 585 468 559 468
414 1081 444 1081 444 1106 414 1106
756 1177 787 1177 787 1202 756 1202
159 404 172 404 172 430 159 430
364 514 377 514 377 540 364 540
766 531 787 531 787 557 766 557
623 872 651 872 651 898 623 898
685 1150 714 1150 714 1176 685 1176
482 815 516 815 516 841 482 841
274 939 308 939 308 965 274 965
548 881 585 881 585 907 548 907
569 479 586 479 586 505 569 505
763 1019 781 1019 781 1045 763 1045
821 617 857 617 857 643 821 643
476 1223 514 1223 514 1249 476 1249
705 462 716 462 716 488 705 488
759 1045 788 1045 788 1071 759 1071
213 429 246 429 246 455 213 455
825 332 865 332 865 358 825 358
431 636 438 636 438 663 431 663
82 850 94 850 94 877 82 877
139 1241 155 1241 155 1268 139 1268
147 832 165 832 165 859 147 859
828 1166 846 1166 846 1193 828 1193
85 323 104 323 104 350 85 350
546 1353 577 1353 577 1380 546 1380
271 1183 302 1183 302 1210 271 1210
753 1268 785 1268 785 1295 753 1295
820 1332 852 1332 852 1359 820 1359
824 806 859 806 859 833 824 833
619 968 656 968 656 995 619 995
89 737 100 737 100 764 89 764
157 469 173 469 173 496 157 496
143 979 160 979 160 1006 143 1006
291 369 309 369 309 396 291 396
411 1244 442 1244 442 1271 411 1271
691 518 723 518 723 545 691 545
483 785 516 785 516 812 483 812
544 1305 582 1305 582 1332 544 1332
769 875 781 875 781 902 769 902
494 1164 510 1164 510 1191 494 1191
833 889 849 889 849 916 833 916
491 412 515 412 515 439 491 439
820 1358 847 1358 847 1385 820 1385
693 489 726 489 726 516 693 516
767 1149 780 1149 780 1177 767 1177
830 726 849 726 849 754 830 754
358 422 382 422 382 450 358 450
755 1123 789 1123 789 1151 755 1151
636 1031 643 1031 643 1059 636 1059
698 905 709 905 709 933 698 933
423 1147 436 1147 436 1175 423 1175
690 431 726 431 726 459 690 459
289 704 302 704 302 733 289 733
492 618 512 618 512 647 492 647
275 1253 298 1253 298 1282 275 1282
760 1345 787 1345 787 1374 760 1374
347 752 376 752 376 781 347 781
344 1085 373 1085 373 1114 344 1114
352 485 384 485 384 514 352 514
132 1006 169 1006 169 1035 132 1035
830 1056 845 1056 845 1085 830 1085
147 1111 162 1111 162 1140 147 1140
563 1066 580 1066 580 1095 563 1095
355 360 384 360 384 389 355 389
626 416 655 416 655 445 626 445
754 1220 783 1220 783 1249 754 1249
346 646 382 646 382 675 346 675
623 663 659 663 659 692 623 692
140 725 182 725 182 754 140 754
287 964 303 964 303 993 287 993
696 622 718 622 718 651 696 651
694 1010 716 1010 716 1039 694 1039
73 964 100 964 100 993 73 993
694 592 725 592 725 621 694 621
829 400 864 400 864 429 829 429
546 1171 581 1171 581 1200 546 1200
682 873 718 873 718 902 682 902
288 758 301 758 301 788 288 788
562 629 585 629 585 659 562 659
139 1140 167 1140 167 1170 139 1170
81 517 111 517 111 547 81 547
479 1307 509 1307 509 1337 479 1337
553 1096 585 1096 585 1126 553 1126
482 1192 510 1192 510 1222 482 1222
559 567 588 567 588 597 559 597
211 358 243 358 243 388 211 388
275 908 315 908 315 938 275 938
72 869 114 869 114 899 72 899
696 1094 716 1094 716 1125 696 1125
354 321 380 321 380 352 354 352
688 1063 715 1063 715 1094 688 1094
412 1176 441 1176 441 1207 412 1207
822 1083 851 1083 851 1114 822 1114
412 1116 443 1116 443 1147 412 1147
752 931 789 931 789 962 752 962
76 579 113 579 113 610 76 610
288 876 311 876 311 907 288 907
493 967 516 967 516 998 493 998
552 922 576 922 576 953 552 953
346 854 375 854 375 885 346 885
757 903 788 903 788 934 757 934
419 496 452 496 452 527 419 527
77 547 112 547 112 578 77 578
759 348 796 348 796 379 759 379
624 363 661 363 661 394 624 394
615 1114 655 1114 655 1145 615 1145
821 959 861 959 861 990 821 990
84 899 101 899 101 930 84 930
79 769 99 769 99 800 79 800
355 540 384 540 384 571 355 571
761 800 790 800 790 831 761 831
684 1214 719 1214 719 1245 684 1245
279 730 314 730 314 761 279 761
819 1262 856 1262 856 1293 819 1293
616 1228 654 1228 654 1259 616 1259
411 806 453 806 453 837 411 837
496 920 509 920 509 952 496 952
563 598 583 598 583 630 563 630
623 631 654 631 654 663 623 663
76 611 109 611 109 643 76 643
760 671 798 671 798 703 760 703
478 856 517 856 517 888 478 888
338 883 380 883 380 915 338 915
471 1336 516 1336 516 1368 471 1368
484 1088 512 1088 512 1120 484 1120
686 745 717 745 717 777 686 777
548 791 588 791 588 823 548 823
541 1203 581 1203 581 1235 541 1235
291 639 304 639 304 672 291 672
630 938 644 938 644 971 630 971
140 1324 159 1324 159 1357 140 1357
356 389 380 389 380 422 356 422
140 859 166 859 166 892 140 892
694 652 720 652 720 685 694 685
80 461 108 461 108 494 80 494
626 737 659 737 659 770 626 770
756 1075 789 1075 789 1108 756 1108
821 1027 856 1027 856 1060 821 1060
292 397 309 397 309 430 292 430
687 817 718 817 718 850 687 850
486 461 518 461 518 494 486 494
485 894 518 894 518 927 485 927
348 780 383 780 383 813 348 813
402 1350 442 1350 442 1383 402 1383
150 1056 166 1056 166 1089 150 1089
82 676 99 676 99 709 82 709
283 671 307 671 307 704 283 704
281 842 311 842 311 875 281 875
685 942 715 942 715 975 685 975
415 722 446 722 446 755 415 755
754 986 791 986 791 1019 754 1019
147 597 185 597 185 630 147 630
407 1210 446 1210 446 1243 407 1243
629 540 645 540 645 574 629 574
561 408 580 408 580 442 561 442
482 1250 506 1250 506 1284 482 1284
483 1131 513 1131 513 1165 483 1165
819 1116 855 1116 855 1150 819 1150
340 1151 380 1151 380 1185 340 1185
151 430 173 430 173 464 151 464
143 917 165 917 165 951 143 951
133 1267 165 1267 165 1301 133 1301
415 862 448 862 448 896 415 896
679 1353 717 1353 717 1387 679 1387
491 349 511 349 511 384 491 384
694 328 723 328 723 363 694 363
282 604 312 604 312 639 282 639
484 497 515 497 515 532 484 532
413 1023 444 1023 444 1058 413 1058
688 684 724 684 724 719 688 719
354 974 368 974 368 1009 354 1009
621 995 648 995 648 1030 621 1030
281 433 319 433 319 468 281 468
291 462 305 462 305 497 291 497
418 942 440 942 440 977 418 977
278 994 308 994 308 1029 278 1029
694 365 728 365 728 400 694 400
72 929 107 929 107 964 72 964
552 755 588 755 588 790 552 790
141 516 177 516 177 551 141 551
561 364 598 364 598 399 561 399
350 714 368 714 368 750 350 750
152 330 172 330 172 366 152 366
420 665 441 665 441 701 420 701
690 974 718 974 718 1010 690 1010
75 710 106 710 106 746 75 746
551 1030 583 1030 583 1066 551 1066
684 1116 717 1116 717 1152 684 1152
754 853 789 853 789 889 754 889
215 497 252 497 252 533 215 533
827 485 866 485 866 521 827 521
691 773 711 773 711 809 691 809
564 531 586 531 586 567 564 567
419 323 456 323 456 359 419 359
266 1349 303 1349 303 1385 266 1385
491 748 513 748 513 785 491 785
689 1242 711 1242 711 1279 689 1279
343 1295 370 1295 370 1332 343 1332
485 1011 513 1011 513 1048 485 1048
136 1210 168 1210 168 1247 136 1247
617 1191 650 1191 650 1228 617 1228
550 842 587 842 587 879 550 879
411 1313 449 1313 449 1350 411 1350
546 957 585 957 585 994 546 994
137 795 177 795 177 832 137 832
489 684 510 684 510 721 489 721
824 834 853 834 853 871 824 871
623 448 658 448 658 485 623 485
626 488 663 488 663 525 626 525
759 742 797 742 797 779 759 779
769 466 787 466 787 503 769 503
554 695 585 695 585 732 554 732
760 635 791 635 791 672 760 672
681 1176 716 1176 716 1213 681 1213
274 1143 310 1143 310 1180 274 1180
821 917 861 917 861 954 821 954
680 1317 713 1317 713 1355 680 1355
283 566 317 566 317 604 283 604
417 598 452 598 452 636 417 636
828 361 865 361 865 399 828 399
759 402 796 402 796 440 759 440
486 574 518 574 518 612 486 612
550 657 593 657 593 695 550 695
84 399 111 399 111 437 84 437
280 805 315 805 315 843 280 843
615 1052 651 1052 651 1090 615 1090
417 903 444 903 444 942 417 942
623 899 656 899 656 938 623 938
137 1173 174 1173 174 1212 137 1212
487 644 507 644 507 683 487 683
145 366 178 366 178 406 145 406
624 321 660 321 660 361 624 361
220 321 237 321 237 361 220 361
346 932 382 932 382 972 346 972
756 595 801 595 801 635 756 635
774 552 781 552 781 592 774 592
75 806 106 806 106 846 75 846
825 988 861 988 861 1028 825 1028
335 1227 372 1227 372 1268 335 1268
556 322 597 322 597 363 556 363
479 532 516 532 516 574 479 574
144 285 185 285 185 327 144 327
678 1281 721 1281 721 1323 678 1323
76 1022 98 1022 98 1064 76 1064
266 1306 308 1306 308 1348 266 1348
762 698 790 698 790 740 762 740
412 1272 441 1272 441 1314 412 1314
418 410 451 410 451 452 418 452
211 388 247 388 247 430 211 430
271 1210 308 1210 308 1252 271 1252
613 1282 653 1282 653 1324 613 1324
143 637 180 637 180 680 143 680
346 1114 371 1114 371 1158 346 1158
281 497 308 497 308 541 281 541
339 1011 380 1011 380 1055 339 1055
418 530 455 530 455 574 418 574
151 552 170 552 170 596 151 596
692 546 724 546 724 592 692 592
540 1237 580 1237 580 1283 540 1283
418 449 456 449 456 496 418 496
142 677 175 677 175 725 142 725
209 456 248 456 248 504 209 504
619 690 661 690 661 738 619 738
278 1093 303 1093 303 1143 278 1143
414 362 451 362 451 412 414 412
824 756 855 756 855 807 824 807
413 753 452 753 452 805 413 805
277 321 320 321 320 374 277 374
222 546 229 546 229 602 222 602
334 1325 375 1325 375 1386 334 1386
