766 859 802 859 802 867 766 867
870 428 884 428 884 441 870 441
434 327 466 327 466 340 434 340
573 1039 585 1039 585 1053 573 1053
495 906 523 906 523 920 495 920
234 1004 250 1004 250 1020 234 1020
778 461 805 461 805 477 778 477
169 474 197 474 197 490 169 490
174 297 190 297 190 313 174 313
903 1047 934 1047 934 1063 903 1063
906 627 925 627 925 644 906 644
654 1188 668 1188 668 1205 654 1205
600 206 630 206 630 223 600 223
571 970 588 970 588 987 571 987
911 473 930 473 930 490 911 490
434 1083 454 1083 454 1100 434 1100
910 1066 931 1066 931 1083 910 1083
497 926 518 926 518 943 497 943
899 646 935 646 935 663 899 663
436 661 453 661 453 679 436 679
638 979 656 979 656 997 638 997
232 596 254 596 254 614 232 614
231 332 267 332 267 350 231 350
915 335 935 335 935 353 915 353
632 703 663 703 663 722 632 722
835 1051 868 1051 868 1070 835 1070
643 558 664 558 664 577 643 577
570 462 607 462 607 481 570 481
365 1264 384 1264 384 1283 365 1283
432 1266 451 1266 451 1285 432 1285
841 862 864 862 864 881 841 881
358 1096 387 1096 387 1115 358 1115
919 603 945 603 945 623 919 623
428 1288 455 1288 455 1308 428 1308
517 342 529 342 529 362 517 362
372 331 394 331 394 351 372 351
836 881 864 881 864 901 836 901
507 294 541 294 541 314 507 314
714 382 734 382 734 403 714 403
367 871 389 871 389 892 367 892
903 1257 935 1257 935 1278 903 1278
561 994 597 994 597 1015 561 1015
357 894 396 894 396 915 357 915
769 1238 788 1238 788 1259 769 1259
848 539 870 539 870 560 848 560
231 799 260 799 260 820 231 820
910 494 932 494 932 516 910 516
764 1199 793 1199 793 1221 764 1221
559 1130 594 1130 594 1152 559 1152
851 429 869 429 869 451 851 451
649 1300 674 1300 674 1322 649 1322
838 938 869 938 869 960 838 960
570 329 610 329 610 351 570 351
760 1114 801 1114 801 1136 760 1136
501 1069 521 1069 521 1091 501 1091
433 905 454 905 454 927 433 927
767 1173 790 1173 790 1195 767 1195
430 299 475 299 475 321 430 321
637 927 654 927 654 950 637 950
498 850 515 850 515 873 498 873
651 1276 673 1276 673 1299 651 1299
563 1186 589 1186 589 1209 563 1209
419 722 458 722 458 745 419 745
173 450 192 450 192 473 173 473
366 1072 385 1072 385 1095 366 1095
570 1157 590 1157 590 1180 570 1180
642 675 662 675 662 698 642 698
433 750 454 750 454 773 433 773
423 811 467 811 467 834 423 834
568 909 584 909 584 933 568 933
163 385 196 385 196 409 163 409
563 1015 601 1015 601 1039 563 1039
851 372 869 372 869 396 851 396
239 355 260 355 260 379 239 379
223 1167 253 1167 253 1191 223 1191
921 453 956 453 956 477 921 477
829 987 872 987 872 1011 829 1011
639 1114 659 1114 659 1139 639 1139
645 210 682 210 682 235 645 235
434 349 473 349 473 374 434 374
366 356 405 356 405 381 366 381
230 299 270 299 270 324 230 324
164 493 205 493 205 518 164 518
367 813 383 813 383 838 367 838
775 926 794 926 794 951 775 951
766 949 795 949 795 974 766 974
493 1092 524 1092 524 1117 493 1117
825 1213 863 1213 863 1238 825 1238
218 1100 258 1100 258 1125 218 1125
753 1220 805 1220 805 1245 753 1245
503 608 520 608 520 634 503 634
234 532 255 532 255 558 234 558
347 1118 394 1118 394 1144 347 1144
906 1227 930 1227 930 1253 906 1253
431 1140 457 1140 457 1166 431 1166
232 383 264 383 264 409 232 409
626 721 669 721 669 747 626 747
439 596 455 596 455 622 439 622
903 915 936 915 936 941 903 941
232 1302 248 1302 248 1329 232 1329
564 637 596 637 596 664 564 664
831 1119 865 1119 865 1146 831 1146
491 1038 527 1038 527 1065 491 1065
438 206 475 206 475 233 438 233
645 501 660 501 660 528 645 528
583 299 602 299 602 326 583 326
167 316 191 316 191 343 167 343
495 436 535 436 535 463 495 463
350 1286 396 1286 396 1313 350 1313
419 1167 466 1167 466 1194 419 1194
437 1026 454 1026 454 1054 437 1054
640 299 666 299 666 327 640 327
769 694 810 694 810 722 769 722
830 962 873 962 873 990 830 990
623 1185 647 1185 647 1213 623 1213
908 356 939 356 939 384 908 384
297 415 329 415 329 443 297 443
898 853 931 853 931 881 898 881
223 204 247 204 247 232 223 232
898 880 940 880 940 908 898 908
234 770 255 770 255 799 234 799
842 565 871 565 871 594 842 594
496 633 525 633 525 662 496 662
841 397 876 397 876 426 841 426
759 974 803 974 803 1003 759 1003
580 360 600 360 600 389 580 389
841 686 863 686 863 715 841 715
905 1157 931 1157 931 1186 905 1186
632 1080 664 1080 664 1109 632 1109
640 368 673 368 673 397 640 397
521 249 556 249 556 278 521 278
492 820 528 820 528 849 492 849
628 797 665 797 665 826 628 826
906 390 945 390 945 419 906 419
641 580 663 580 663 609 641 609
231 656 255 656 255 685 231 685
370 383 395 383 395 412 370 412
362 597 395 597 395 626 362 626
298 337 332 337 332 366 298 366
901 1012 937 1012 937 1041 901 1041
559 842 597 842 597 871 559 871
765 631 810 631 810 660 765 660
304 488 325 488 325 518 304 518
372 200 395 200 395 230 372 230
234 462 262 462 262 492 234 492
635 644 666 644 666 674 635 674
434 376 468 376 468 406 434 406
636 527 671 527 671 557 636 557
357 1234 395 1234 395 1264 357 1264
828 901 869 901 869 931 828 931
221 820 265 820 265 850 221 850
434 1110 456 1110 456 1141 434 1141
427 1196 458 1196 458 1227 427 1227
225 1194 258 1194 258 1225 225 1225
649 1208 682 1208 682 1239 649 1239
895 1278 939 1278 939 1309 895 1309
905 1087 936 1087 936 1118 905 1118
427 1051 463 1051 463 1082 427 1082
639 334 676 334 676 365 639 365
636 446 674 446 674 477 636 477
226 934 245 934 245 965 226 965
631 948 665 948 665 979 631 979
226 853 262 853 262 884 226 884
760 1333 798 1333 798 1364 760 1364
775 336 821 336 821 367 775 367
512 364 526 364 526 396 512 396
228 619 263 619 263 651 228 651
580 389 595 389 595 421 580 421
910 978 929 978 929 1010 910 1010
509 399 537 399 537 431 509 431
901 789 934 789 934 821 901 821
489 202 523 202 523 234 489 234
590 242 625 242 625 274 590 274
357 923 398 923 398 955 357 955
488 787 529 787 529 819 488 819
827 1148 870 1148 870 1180 827 1180
160 347 204 347 204 379 160 379
416 1308 461 1308 461 1340 416 1340
567 1092 591 1092 591 1125 567 1125
578 423 611 423 611 456 578 456
834 714 870 714 870 747 834 747
771 478 811 478 811 511 771 511
504 314 550 314 550 347 504 347
375 295 398 295 398 328 375 328
220 1128 255 1128 255 1161 220 1161
647 1239 682 1239 682 1272 647 1272
490 1117 528 1117 528 1150 490 1150
764 1078 802 1078 802 1111 764 1111
631 611 672 611 672 644 631 644
627 1051 672 1051 672 1084 627 1084
567 755 597 755 597 788 567 788
633 826 668 826 668 859 633 859
429 836 465 836 465 869 429 869
766 1047 803 1047 803 1080 766 1080
356 838 393 838 393 871 356 871
355 959 394 959 394 992 355 992
777 371 817 371 817 404 777 404
833 755 873 755 873 788 833 788
840 337 887 337 887 370 840 370
647 1326 678 1326 678 1360 647 1360
221 1329 259 1329 259 1363 221 1363
834 1180 872 1180 872 1214 834 1214
288 650 328 650 328 684 288 684
767 658 810 658 810 692 767 692
569 1055 582 1055 582 1089 569 1089
769 1136 786 1136 786 1170 769 1170
228 1025 248 1025 248 1059 228 1059
555 1210 598 1210 598 1244 555 1244
766 1258 789 1258 789 1293 766 1293
494 871 523 871 523 906 494 906
424 965 463 965 463 1000 424 1000
916 662 924 662 924 697 916 697
624 1215 643 1215 643 1250 624 1250
834 823 863 823 863 858 834 858
427 775 458 775 458 810 427 810
422 685 465 685 465 720 422 720
560 931 595 931 595 966 560 966
228 558 263 558 263 593 228 593
641 472 666 472 666 508 641 508
908 520 937 520 937 556 908 556
629 1141 661 1141 661 1177 629 1177
911 415 945 415 945 451 911 451
774 555 813 555 813 591 774 591
629 897 668 897 668 933 629 933
218 965 264 965 264 1001 218 1001
351 1196 397 1196 397 1232 351 1232
917 1121 937 1121 937 1157 917 1157
913 820 940 820 940 856 913 856
905 703 936 703 936 739 905 739
427 994 452 994 452 1030 427 1030
168 409 200 409 200 445 168 445
298 519 333 519 333 555 298 555
353 1155 385 1155 385 1192 353 1192
425 1226 459 1226 459 1263 425 1263
427 623 464 623 464 660 427 660
364 240 407 240 407 277 364 277
230 494 274 494 274 531 230 531
426 557 473 557 473 594 426 594
840 1012 861 1012 861 1049 840 1049
425 929 456 929 456 966 425 966
247 241 281 241 281 278 247 278
221 1059 260 1059 260 1096 221 1096
216 1271 262 1271 262 1308 216 1308
239 689 260 689 260 727 239 727
364 413 400 413 400 451 364 451
360 676 396 676 396 714 360 714
490 995 527 995 527 1033 490 1033
356 995 393 995 393 1033 356 1033
625 860 666 860 666 898 625 898
762 1008 804 1008 804 1046 762 1046
844 786 862 786 862 824 844 824
562 202 596 202 596 240 562 240
523 202 558 202 558 240 523 240
641 245 685 245 685 283 641 283
910 1188 927 1188 927 1226 910 1226
834 1328 862 1328 862 1366 834 1366
833 1289 864 1289 864 1327 833 1327
846 452 881 452 881 490 846 490
568 483 607 483 607 521 568 521
365 1314 384 1314 384 1353 365 1353
910 560 934 560 934 599 910 599
844 492 873 492 873 531 844 531
902 943 938 943 938 982 902 982
490 663 532 663 532 702 490 702
431 242 477 242 477 281 431 281
559 664 606 664 606 703 559 703
776 721 790 721 790 761 776 761
773 514 807 514 807 554 773 554
495 742 531 742 531 782 495 782
778 591 795 591 795 631 778 631
495 566 535 566 535 606 495 606
560 870 598 870 598 910 560 910
633 401 676 401 676 442 633 442
839 645 878 645 878 686 839 686
500 465 544 465 544 506 500 506
225 415 271 415 271 456 225 456
505 702 521 702 521 744 505 744
354 632 405 632 405 674 354 674
910 741 926 741 926 784 910 784
296 606 326 606 326 649 296 649
358 1033 393 1033 393 1076 358 1076
898 1321 937 1321 937 1364 898 1364
429 456 474 456 474 499 429 499
364 501 400 501 400 544 364 544
220 1223 259 1223 259 1266 220 1266
294 368 332 368 332 411 294 411
363 452 408 452 408 495 363 495
303 558 323 558 323 602 303 602
763 760 813 760 813 804 763 804
433 409 471 409 471 454 433 454
423 864 467 864 467 909 423 909
697 405 745 405 745 450 697 450
570 792 591 792 591 837 570 837
229 725 257 725 257 770 229 770
297 440 331 440 331 487 297 487
765 807 800 807 800 854 765 854
629 750 669 750 669 797 629 797
837 596 884 596 884 643 837 643
362 549 406 549 406 596 362 596
362 715 405 715 405 763 362 763
490 944 529 944 529 992 490 992
710 450 734 450 734 499 710 499
431 501 466 501 466 550 431 550
830 1074 870 1074 870 1123 830 1123
757 1286 803 1286 803 1335 757 1335
355 763 393 763 393 813 355 813
628 1002 668 1002 668 1052 628 1052
831 1238 862 1238 862 1288 831 1288
564 584 600 584 600 634 564 634
560 704 593 704 593 755 560 755
708 331 742 331 742 382 708 382
764 870 809 870 809 925 764 925
776 405 816 405 816 461 776 461
501 507 536 507 536 564 501 564
566 527 599 527 599 586 566 586
225 886 268 886 268 945 225 945
