755 399 788 399 788 407 755 407
682 1399 708 1399 708 1413 682 1413
832 1180 845 1180 845 1195 832 1195
408 1102 434 1102 434 1118 408 1118
688 317 719 317 719 333 688 333
546 342 585 342 585 358 546 358
548 870 573 870 573 886 548 886
338 496 367 496 367 513 338 513
202 1252 216 1252 216 1269 202 1269
821 1013 852 1013 852 1030 821 1030
203 885 221 885 221 903 203 903
130 1091 151 1091 151 1109 130 1109
471 807 519 807 519 825 471 825
486 655 498 655 498 674 486 674
343 310 363 310 363 329 343 329
199 1164 218 1164 218 1183 199 1183
130 727 150 727 150 746 130 746
131 309 153 309 153 328 131 328
330 955 377 955 377 974 330 974
558 1136 568 1136 568 1156 558 1156
130 1363 151 1363 151 1383 130 1383
343 929 362 929 362 949 343 949
411 740 432 740 432 760 411 760
58 844 80 844 80 864 58 864
811 657 860 657 860 677 811 677
767 1064 777 1064 777 1084 767 1084
830 1109 848 1109 848 1129 830 1129
204 613 227 613 227 633 204 633
819 1326 852 1326 852 1346 819 1346
482 784 508 784 508 805 482 805
338 1358 365 1358 365 1379 338 1379
334 1299 369 1299 369 1320 334 1320
546 438 583 438 583 459 546 459
611 1292 654 1292 654 1313 611 1313
60 537 82 537 82 558 60 558
133 1151 148 1151 148 1173 133 1173
560 497 581 497 581 519 560 519
272 613 293 613 293 635 272 635
61 1107 83 1107 83 1129 61 1129
190 1309 228 1309 228 1331 190 1331
51 1244 89 1244 89 1267 51 1267
552 1331 568 1331 568 1354 552 1354
345 513 361 513 361 536 345 536
410 924 428 924 428 947 410 947
690 997 711 997 711 1020 690 1020
749 1088 792 1088 792 1111 749 1111
343 1054 361 1054 361 1078 343 1078
624 964 643 964 643 988 624 988
205 950 228 950 228 974 205 974
678 1240 722 1240 722 1264 678 1264
760 1141 781 1141 781 1165 760 1165
818 876 854 876 854 900 818 900
612 1029 657 1029 657 1053 612 1053
553 968 571 968 571 992 553 992
625 602 644 602 644 626 625 626
272 838 292 838 292 862 272 862
486 761 503 761 503 786 486 786
688 753 719 753 719 778 688 778
130 1206 154 1206 154 1231 130 1231
487 823 511 823 511 848 487 848
191 1024 230 1024 230 1049 191 1049
502 1373 517 1373 517 1399 502 1399
686 681 721 681 721 707 686 707
130 657 146 657 146 683 130 683
134 1300 151 1300 151 1326 134 1326
824 407 854 407 854 433 824 433
334 402 372 402 372 428 334 428
62 959 84 959 84 985 62 985
192 1225 226 1225 226 1251 192 1251
684 654 726 654 726 680 684 680
686 1363 705 1363 705 1390 686 1390
686 592 712 592 712 619 686 619
263 1395 294 1395 294 1422 263 1422
821 1295 853 1295 853 1322 821 1322
757 1393 791 1393 791 1420 757 1420
544 597 580 597 580 624 544 624
607 1260 646 1260 646 1287 607 1287
551 994 570 994 570 1022 551 1022
690 475 718 475 718 503 690 503
60 870 88 870 88 898 60 898
757 704 787 704 787 732 757 732
755 1366 789 1366 789 1394 755 1394
265 1141 300 1141 300 1169 265 1169
195 1397 231 1397 231 1425 195 1425
537 1155 578 1155 578 1183 537 1183
538 1298 580 1298 580 1326 538 1326
687 1175 706 1175 706 1203 687 1203
261 1372 306 1372 306 1400 261 1400
763 466 781 466 781 494 763 494
619 453 650 453 650 482 619 482
473 997 508 997 508 1026 473 1026
125 1234 161 1234 161 1263 125 1263
548 312 585 312 585 341 548 341
122 1389 164 1389 164 1418 122 1418
829 1383 844 1383 844 1412 829 1412
551 1390 567 1390 567 1419 551 1419
829 594 846 594 846 623 829 623
550 404 576 404 576 433 550 433
55 399 82 399 82 428 55 428
336 1081 366 1081 366 1110 336 1110
470 1028 509 1028 509 1057 470 1057
51 1299 91 1299 91 1328 51 1328
626 704 639 704 639 734 626 734
58 470 77 470 77 500 58 500
474 422 507 422 507 452 474 452
820 369 856 369 856 399 820 399
259 1168 303 1168 303 1198 259 1198
344 371 360 371 360 401 344 401
271 863 299 863 299 893 271 893
404 950 436 950 436 980 404 980
193 1373 227 1373 227 1403 193 1403
474 1312 511 1312 511 1342 474 1342
278 635 294 635 294 666 278 666
341 464 371 464 371 495 341 495
613 532 655 532 655 563 613 563
829 844 849 844 849 875 829 875
267 341 298 341 298 372 267 372
684 620 717 620 717 651 684 651
817 623 852 623 852 654 817 654
401 854 438 854 438 885 401 885
262 1302 304 1302 304 1333 262 1333
204 683 228 683 228 714 204 714
204 356 229 356 229 387 204 387
341 895 366 895 366 926 341 926
266 946 297 946 297 977 266 977
123 1329 158 1329 158 1360 123 1360
541 1358 576 1358 576 1389 541 1389
267 312 303 312 303 343 267 343
336 540 372 540 372 571 336 571
835 980 856 980 856 1012 835 1012
763 1107 785 1107 785 1139 763 1139
613 1183 641 1183 641 1215 613 1215
266 770 297 770 297 802 266 802
51 1133 90 1133 90 1165 51 1165
196 847 222 847 222 879 196 879
338 431 365 431 365 463 338 463
197 576 232 576 232 608 197 608
680 1331 720 1331 720 1363 680 1363
621 767 641 767 641 800 621 800
132 341 163 341 163 374 132 374
755 1231 790 1231 790 1264 755 1264
821 764 858 764 858 797 821 797
49 1267 93 1267 93 1300 49 1300
414 355 429 355 429 388 414 388
624 629 655 629 655 662 624 662
192 1126 226 1126 226 1159 192 1159
544 789 579 789 579 822 544 822
476 1344 514 1344 514 1377 476 1377
472 625 518 625 518 658 472 658
552 934 570 934 570 967 552 967
62 1207 84 1207 84 1240 62 1240
58 502 85 502 85 535 58 535
407 1340 435 1340 435 1373 407 1373
823 559 857 559 857 592 823 592
334 1120 369 1120 369 1153 334 1153
335 1323 376 1323 376 1356 335 1356
621 842 640 842 640 876 621 876
183 224 213 224 213 258 183 258
266 1196 296 1196 296 1230 266 1230
462 1390 496 1390 496 1424 462 1424
125 1116 160 1116 160 1150 125 1150
471 962 508 962 508 996 471 996
345 334 358 334 358 368 345 368
488 677 501 677 501 711 488 711
829 1346 847 1346 847 1380 829 1380
553 1022 572 1022 572 1056 553 1056
263 1022 297 1022 297 1056 263 1056
616 926 652 926 652 960 616 960
190 1094 228 1094 228 1128 190 1128
194 544 233 544 233 578 194 578
411 666 428 666 428 701 411 701
687 961 708 961 708 996 687 996
121 1017 156 1017 156 1052 121 1052
753 492 791 492 791 527 753 527
332 670 371 670 371 705 332 705
545 1059 587 1059 587 1094 545 1094
63 1167 93 1167 93 1202 63 1202
193 1269 229 1269 229 1304 193 1304
59 806 85 806 85 841 59 841
126 687 157 687 157 722 126 722
403 698 436 698 436 733 403 733
755 615 790 615 790 650 755 650
399 983 442 983 442 1018 399 1018
398 1021 441 1021 441 1056 398 1056
125 878 169 878 169 913 125 913
551 562 578 562 578 598 551 598
617 731 649 731 649 767 617 767
475 1175 509 1175 509 1211 475 1211
614 1349 648 1349 648 1385 614 1385
686 875 721 875 721 911 686 911
51 774 89 774 89 810 51 810
837 472 855 472 855 508 837 508
690 1204 708 1204 708 1240 690 1240
409 1376 438 1376 438 1412 409 1412
616 989 649 989 649 1025 616 1025
264 1265 299 1265 299 1301 264 1301
474 550 513 550 513 586 474 586
613 1106 657 1106 657 1142 613 1142
400 222 446 222 446 258 400 258
124 1050 155 1050 155 1087 124 1087
404 886 437 886 437 923 404 923
195 1188 229 1188 229 1225 195 1225
609 1146 647 1146 647 1183 609 1183
754 990 792 990 792 1027 754 1027
688 1071 727 1071 727 1108 688 1108
276 534 289 534 289 571 276 571
274 800 290 800 290 837 274 837
332 1381 366 1381 366 1418 332 1418
817 727 852 727 852 764 817 764
333 977 371 977 371 1014 333 1014
816 1134 864 1134 864 1171 816 1171
761 1026 781 1026 781 1063 761 1063
199 319 229 319 229 356 199 356
55 1066 86 1066 86 1103 55 1103
824 940 856 940 856 977 824 977
193 1335 230 1335 230 1372 193 1372
124 1166 164 1166 164 1203 124 1203
688 388 729 388 729 425 688 425
259 1103 309 1103 309 1140 259 1140
275 373 293 373 293 411 275 411
550 1185 572 1185 572 1223 550 1223
684 1108 721 1108 721 1146 684 1146
820 901 858 901 858 939 820 939
630 798 640 798 640 836 630 836
622 565 642 565 642 603 622 603
825 433 856 433 856 471 825 471
194 813 227 813 227 851 194 851
473 1058 511 1058 511 1096 473 1096
401 1125 443 1125 443 1163 401 1163
47 429 96 429 96 467 47 467
559 456 576 456 576 495 559 495
58 645 88 645 88 684 58 684
202 910 236 910 236 949 202 949
188 1053 233 1053 233 1092 188 1092
411 389 425 389 425 428 411 428
131 752 148 752 148 791 131 791
619 1305 641 1305 641 1344 619 1344
331 858 367 858 367 897 331 897
475 1090 515 1090 515 1129 475 1129
747 952 791 952 791 991 747 991
757 359 791 359 791 399 757 399
621 362 658 362 658 402 621 402
402 434 441 434 441 474 402 474
405 476 445 476 445 516 405 516
49 691 92 691 92 731 49 731
539 672 586 672 586 712 539 712
550 704 572 704 572 744 550 744
60 602 91 602 91 642 60 642
262 1328 296 1328 296 1368 262 1368
403 520 446 520 446 560 403 560
259 1055 302 1055 302 1095 259 1095
561 1227 581 1227 581 1268 561 1268
688 708 720 708 720 749 688 749
820 1252 853 1252 853 1293 820 1293
214 223 248 223 248 264 214 264
53 1031 88 1031 88 1072 53 1072
619 1381 657 1381 657 1422 619 1422
690 548 714 548 714 589 690 589
266 494 297 494 297 535 266 535
760 733 794 733 794 774 760 774
751 577 788 577 788 618 751 618
264 572 307 572 307 613 264 613
402 765 448 765 448 806 402 806
827 1063 845 1063 845 1104 827 1104
752 1322 782 1322 782 1363 752 1363
546 521 585 521 585 562 546 562
540 1094 581 1094 581 1135 540 1135
469 454 517 454 517 495 469 495
411 311 428 311 428 353 411 353
192 391 235 391 235 433 192 433
554 358 583 358 583 400 554 400
126 795 158 795 158 837 126 837
336 1154 375 1154 375 1196 336 1196
332 1013 375 1013 375 1055 332 1055
55 355 86 355 86 398 55 398
820 802 851 802 851 845 820 845
614 1216 651 1216 651 1259 614 1259
402 620 441 620 441 663 402 663
260 416 301 416 301 459 260 459
122 520 163 520 163 563 122 563
754 782 796 782 796 825 754 825
816 315 862 315 862 358 816 358
750 315 797 315 797 358 750 358
548 1253 567 1253 567 1296 548 1296
692 504 729 504 729 547 692 547
124 481 163 481 163 524 124 524
544 746 585 746 585 789 544 789
120 1260 162 1260 162 1303 120 1303
51 989 94 989 94 1032 51 1032
541 627 586 627 586 670 541 670
706 1149 720 1149 720 1192 706 1192
201 976 215 976 215 1019 201 1019
128 835 146 835 146 878 128 878
271 666 296 666 296 709 271 709
476 586 509 586 509 629 476 629
59 306 90 306 90 350 59 350
47 1329 92 1329 92 1373 47 1373
622 660 653 660 653 704 622 704
260 456 305 456 305 500 260 500
336 625 369 625 369 670 336 670
191 772 233 772 233 817 191 817
330 579 385 579 385 624 330 624
261 897 303 897 303 942 261 942
470 1135 512 1135 512 1180 470 1180
621 874 644 874 644 920 621 920
627 482 655 482 655 528 627 528
258 976 302 976 302 1022 258 1022
332 754 378 754 378 800 332 800
841 1030 849 1030 849 1076 841 1076
405 1165 435 1165 435 1211 405 1211
200 638 235 638 235 684 200 684
192 498 232 498 232 544 192 544
754 822 794 822 794 868 754 868
333 1202 375 1202 375 1248 333 1248
825 512 851 512 851 559 825 559
334 706 364 706 364 753 334 753
751 528 790 528 790 575 751 575
749 907 789 907 789 954 749 954
759 1169 790 1169 790 1216 759 1216
264 1227 297 1227 297 1274 264 1274
53 730 87 730 87 777 53 777
402 1284 443 1284 443 1331 402 1331
125 969 160 969 160 1016 125 1016
51 559 91 559 91 606 51 606
481 711 514 711 514 759 481 759
477 313 511 313 511 361 477 361
399 1062 445 1062 445 1110 399 1110
130 378 151 378 151 427 130 427
615 405 659 405 659 454 615 454
415 806 429 806 429 855 415 855
479 850 508 850 508 899 479 899
753 856 792 856 792 905 753 905
117 564 166 564 166 613 117 613
753 413 785 413 785 462 753 462
684 779 720 779 720 828 684 828
682 828 723 828 723 877 682 877
616 1055 637 1055 637 1105 616 1105
479 1211 504 1211 504 1261 479 1261
750 652 799 652 799 702 750 702
682 1022 717 1022 717 1072 682 1072
259 719 306 719 306 769 259 769
131 430 162 430 162 481 131 481
817 1205 860 1205 860 1256 817 1256
686 427 730 427 730 478 686 478
407 572 444 572 444 624 407 624
540 825 591 825 591 877 540 877
59 901 82 901 82 954 59 954
816 676 860 676 860 729 816 729
124 915 169 915 169 968 124 968
692 333 718 333 718 386 692 386
475 497 505 497 505 550 475 550
122 611 168 611 168 664 122 664
52 1372 88 1372 88 1425 52 1425
193 717 232 717 232 770 193 770
335 1243 371 1243 371 1297 335 1297
679 904 716 904 716 958 679 958
476 1261 511 1261 511 1316 476 1316
194 439 236 439 236 496 194 496
752 1266 793 1266 793 1325 752 1325
472 360 505 360 505 421 472 421
476 901 515 901 515 962 476 962
466 1338 474 1338 474 1399 466 1399
333 797 364 797 364 860 333 860
