592 413 602 413 602 421 592 421
668 1322 683 1322 683 1330 668 1330
665 1152 681 1152 681 1160 665 1160
658 907 671 907 671 916 658 916
306 1099 332 1099 332 1114 306 1114
645 555 662 555 662 570 645 570
228 1307 249 1307 249 1323 228 1323
574 650 599 650 599 666 574 666
434 1307 453 1307 453 1323 434 1323
103 820 128 820 128 836 103 836
571 1234 597 1234 597 1250 571 1250
638 541 669 541 669 557 638 557
116 1307 132 1307 132 1324 116 1324
777 1100 796 1100 796 1117 777 1117
441 642 459 642 459 659 441 659
784 1196 792 1196 792 1214 784 1214
714 1275 732 1275 732 1293 714 1293
375 577 391 577 391 595 375 595
716 362 735 362 735 380 716 380
240 970 256 970 256 989 240 989
438 917 455 917 455 936 438 936
846 488 860 488 860 507 846 507
175 561 192 561 192 580 175 580
239 628 258 628 258 647 239 647
580 1153 588 1153 588 1172 580 1172
718 470 727 470 727 489 718 489
782 1050 792 1050 792 1069 782 1069
372 902 391 902 391 921 372 921
769 1156 812 1156 812 1175 769 1175
846 434 865 434 865 454 846 454
778 806 799 806 799 826 778 826
93 1282 139 1282 139 1302 93 1302
373 1256 392 1256 392 1276 373 1276
102 1068 123 1068 123 1088 102 1088
110 1327 141 1327 141 1347 110 1347
224 1351 266 1351 266 1371 224 1371
782 1247 795 1247 795 1268 782 1268
376 371 393 371 393 392 376 392
105 366 124 366 124 387 105 387
660 1047 682 1047 682 1068 660 1068
585 1347 595 1347 595 1368 585 1368
579 750 593 750 593 772 579 772
571 425 602 425 602 447 571 447
847 380 862 380 862 402 847 402
508 910 523 910 523 932 508 932
237 1124 255 1124 255 1146 237 1146
847 575 868 575 868 597 847 597
839 593 869 593 869 615 839 615
776 927 794 927 794 950 776 950
365 1055 393 1055 393 1078 365 1078
167 705 196 705 196 728 167 728
102 342 132 342 132 365 102 365
81 1341 107 1341 107 1364 81 1364
561 1250 599 1250 599 1273 561 1273
429 690 475 690 475 713 429 713
372 1033 389 1033 389 1057 372 1057
575 1207 593 1207 593 1231 575 1231
235 1051 267 1051 267 1075 235 1075
569 914 604 914 604 938 569 938
577 937 593 937 593 961 577 961
773 952 802 952 802 976 773 976
176 680 189 680 189 704 176 704
575 888 599 888 599 912 575 912
639 608 665 608 665 632 639 632
569 590 600 590 600 614 569 614
578 1043 590 1043 590 1068 578 1068
777 1172 794 1172 794 1197 777 1197
711 816 729 816 729 841 711 841
371 701 390 701 390 726 371 726
313 522 332 522 332 547 313 547
707 544 736 544 736 569 707 569
223 1327 263 1327 263 1352 223 1352
426 1350 469 1350 469 1375 426 1375
781 751 796 751 796 776 781 776
576 1128 594 1128 594 1153 576 1153
645 339 666 339 666 364 645 364
774 1266 803 1266 803 1291 774 1291
300 375 332 375 332 400 300 400
303 1045 337 1045 337 1070 303 1070
834 615 870 615 870 640 834 640
310 672 347 672 347 697 310 697
716 524 733 524 733 550 716 550
441 936 458 936 458 962 441 962
642 707 662 707 662 733 642 733
104 508 134 508 134 534 104 534
368 387 398 387 398 413 368 413
705 989 736 989 736 1015 705 1015
228 1026 264 1026 264 1052 228 1052
168 649 209 649 209 675 168 675
311 1019 327 1019 327 1045 311 1045
713 444 731 444 731 470 713 470
236 567 254 567 254 593 236 593
376 597 395 597 395 623 376 623
444 360 473 360 473 386 444 386
240 370 271 370 271 396 240 396
232 742 264 742 264 768 232 768
706 418 740 418 740 444 706 444
632 755 672 755 672 781 632 781
357 1078 400 1078 400 1104 357 1104
716 1297 729 1297 729 1323 716 1323
174 365 188 365 188 391 174 391
508 934 523 934 523 960 508 960
437 1261 454 1261 454 1287 437 1287
776 1289 807 1289 807 1315 776 1315
502 728 540 728 540 754 502 754
766 1026 805 1026 805 1052 766 1052
160 729 200 729 200 755 160 755
429 1327 471 1327 471 1353 429 1353
580 807 590 807 590 834 580 834
511 459 530 459 530 486 511 486
505 847 524 847 524 874 505 874
237 768 257 768 257 795 237 795
374 299 405 299 405 326 374 326
367 672 398 672 398 699 367 699
302 850 336 850 336 877 302 877
770 544 804 544 804 571 770 571
364 1313 399 1313 399 1340 364 1340
438 892 474 892 474 919 438 919
704 570 740 570 740 597 704 597
301 1209 339 1209 339 1236 301 1236
429 664 469 664 469 691 429 691
294 1070 337 1070 337 1097 294 1097
443 790 458 790 458 817 443 817
234 1256 251 1256 251 1283 234 1283
230 1149 259 1149 259 1176 230 1176
770 450 809 450 809 477 770 477
375 516 391 516 391 544 375 544
719 1347 735 1347 735 1375 719 1375
507 962 525 962 525 990 507 990
642 475 661 475 661 503 642 503
503 655 532 655 532 683 503 683
437 257 471 257 471 285 437 285
635 729 670 729 670 757 635 757
364 412 401 412 401 440 364 440
779 306 799 306 799 334 779 334
508 783 531 783 531 811 508 811
106 1347 139 1347 139 1375 106 1375
363 1280 398 1280 398 1308 363 1308
174 496 189 496 189 524 174 524
637 1110 667 1110 667 1138 637 1138
93 837 124 837 124 865 93 865
99 915 132 915 132 943 99 943
705 708 741 708 741 736 705 736
633 404 671 404 671 432 633 432
104 1180 120 1180 120 1209 104 1209
507 487 530 487 530 516 507 516
567 1319 596 1319 596 1348 567 1348
708 331 737 331 737 360 708 360
770 825 805 825 805 854 770 854
236 912 252 912 252 941 236 941
583 857 601 857 601 886 583 886
368 846 387 846 387 875 368 875
639 636 668 636 668 665 639 665
96 1036 125 1036 125 1065 96 1065
100 536 128 536 128 565 100 565
226 1281 257 1281 257 1310 226 1310
165 625 198 625 198 654 165 654
297 917 332 917 332 946 297 946
98 1122 136 1122 136 1151 98 1151
566 1061 607 1061 607 1090 566 1090
439 1123 457 1123 457 1153 439 1153
513 380 531 380 531 410 513 410
772 1124 804 1124 804 1154 772 1154
362 1188 396 1188 396 1218 362 1218
709 301 738 301 738 331 709 331
774 774 804 774 804 804 774 804
636 799 667 799 667 829 636 829
174 297 206 297 206 327 174 327
704 840 739 840 739 870 704 870
96 566 132 566 132 596 96 596
636 870 673 870 673 900 636 900
845 508 863 508 863 539 845 539
775 858 800 858 800 889 775 889
841 402 867 402 867 433 841 433
427 1282 463 1282 463 1313 427 1313
568 382 607 382 607 413 568 413
498 757 537 757 537 788 498 788
784 333 793 333 793 364 784 364
640 964 670 964 670 995 640 995
360 872 396 872 396 903 360 903
296 610 350 610 350 641 296 641
710 384 734 384 734 415 710 415
93 1151 125 1151 125 1182 93 1182
227 648 262 648 262 679 227 679
633 577 669 577 669 608 633 608
164 427 201 427 201 458 164 458
771 1349 810 1349 810 1380 771 1380
433 332 474 332 474 363 433 363
429 1150 472 1150 472 1181 429 1181
296 781 339 781 339 812 296 812
584 1092 593 1092 593 1124 584 1124
775 254 806 254 806 286 775 286
97 644 132 644 132 676 97 676
297 400 332 400 332 432 297 432
772 220 810 220 810 252 772 252
434 299 474 299 474 331 434 331
709 1092 734 1092 734 1124 709 1124
168 392 199 392 199 424 168 424
365 1220 398 1220 398 1252 365 1252
571 773 604 773 604 805 571 805
432 606 468 606 468 638 432 638
570 825 613 825 613 857 570 857
438 818 453 818 453 851 438 851
244 678 265 678 265 711 244 711
100 1090 123 1090 123 1123 100 1123
774 1069 802 1069 802 1102 774 1102
166 525 196 525 196 558 166 558
79 1306 110 1306 110 1339 79 1339
511 518 526 518 526 551 511 551
844 303 871 303 871 336 844 336
228 993 264 993 264 1026 228 1026
702 781 739 781 739 814 702 814
101 390 139 390 139 423 101 423
635 1074 674 1074 674 1107 635 1107
374 999 391 999 391 1032 374 1032
100 1206 127 1206 127 1239 100 1239
368 544 400 544 400 577 368 577
232 796 264 796 264 829 232 829
708 1238 745 1238 745 1271 708 1271
701 1313 749 1313 749 1346 701 1346
638 501 666 501 666 535 638 535
842 455 871 455 871 489 842 489
433 577 467 577 467 611 433 611
294 644 341 644 341 678 294 678
575 1005 597 1005 597 1039 575 1039
165 588 199 588 199 622 165 622
225 938 263 938 263 972 225 972
227 592 268 592 268 626 227 626
431 1006 466 1006 466 1041 431 1041
299 985 335 985 335 1020 299 1020
703 872 740 872 740 907 703 907
160 461 207 461 207 496 160 496
311 341 327 341 327 376 311 376
367 727 397 727 397 762 367 762
99 675 134 675 134 710 99 710
232 244 269 244 269 279 232 279
366 491 404 491 404 526 366 526
568 670 609 670 609 705 568 705
704 1202 737 1202 737 1237 704 1237
95 1007 131 1007 131 1042 95 1042
304 542 342 542 342 577 304 577
568 615 606 615 606 650 568 650
230 340 270 340 270 375 230 375
101 302 142 302 142 337 101 337
770 1316 808 1316 808 1352 770 1352
635 368 674 368 674 404 635 404
497 993 536 993 536 1029 497 1029
234 709 253 709 253 745 234 745
367 925 389 925 389 961 367 961
295 812 326 812 326 848 295 848
771 479 804 479 804 515 771 515
768 682 815 682 815 718 768 718
365 960 399 960 399 996 365 996
772 648 807 648 807 684 772 684
569 338 607 338 607 374 569 374
771 508 810 508 810 544 771 544
436 1083 463 1083 463 1120 436 1120
231 535 266 535 266 572 231 572
100 749 123 749 123 786 100 786
98 472 131 472 131 509 98 509
839 539 873 539 873 576 839 576
770 572 805 572 805 609 770 609
437 708 463 708 463 746 437 746
509 810 526 810 526 848 509 848
713 1164 730 1164 730 1202 713 1202
370 1332 392 1332 392 1370 370 1370
225 1219 262 1219 262 1257 225 1257
96 940 136 940 136 978 96 978
777 891 792 891 792 929 777 929
510 614 532 614 532 652 510 652
303 301 332 301 332 339 303 339
308 577 337 577 337 615 308 615
301 744 332 744 332 782 301 782
709 485 741 485 741 523 709 523
431 1229 466 1229 466 1267 431 1267
574 964 600 964 600 1003 574 1003
361 767 404 767 404 806 361 806
93 711 136 711 136 750 93 750
714 1053 728 1053 728 1092 714 1092
644 666 660 666 660 705 644 705
292 876 327 876 327 915 292 915
366 807 402 807 402 846 366 846
632 1335 670 1335 670 1374 632 1374
702 1014 742 1014 742 1053 702 1053
96 974 124 974 124 1014 96 1014
232 302 266 302 266 342 232 342
360 1104 402 1104 402 1144 360 1144
573 706 599 706 599 746 573 746
773 718 807 718 807 758 773 758
295 945 336 945 336 985 295 985
634 829 668 829 668 869 634 869
705 947 740 947 740 987 705 987
93 789 130 789 130 829 93 829
226 1180 267 1180 267 1220 226 1220
495 871 538 871 538 911 495 911
171 326 188 326 188 367 171 367
576 1275 593 1275 593 1316 576 1316
95 1240 131 1240 131 1281 95 1281
431 1188 470 1188 470 1229 431 1229
298 482 346 482 346 523 298 523
375 627 389 627 389 668 375 668
439 747 458 747 458 788 439 788
774 1204 813 1204 813 1245 774 1245
96 596 137 596 137 637 96 637
638 1233 670 1233 670 1275 638 1275
774 361 810 361 810 403 774 403
836 337 875 337 875 379 836 379
231 446 273 446 273 488 231 488
637 1274 667 1274 667 1316 637 1316
434 534 469 534 469 576 434 576
768 406 810 406 810 448 768 448
439 1038 455 1038 455 1081 439 1081
375 327 392 327 392 370 375 370
503 335 533 335 533 378 503 378
636 998 675 998 675 1041 636 1041
97 426 138 426 138 469 97 469
442 964 456 964 456 1007 442 1007
227 832 264 832 264 875 227 875
226 872 265 872 265 915 226 915
94 867 134 867 134 910 94 910
568 1167 608 1167 608 1210 568 1210
704 1123 746 1123 746 1166 704 1166
567 452 602 452 602 495 567 495
433 440 473 440 473 483 433 483
360 1143 395 1143 395 1187 360 1187
634 433 672 433 672 477 634 477
701 663 739 663 739 707 701 707
310 698 324 698 324 743 310 743
240 399 256 399 256 444 240 444
235 491 270 491 270 536 235 536
499 411 535 411 535 457 499 457
770 605 809 605 809 651 770 651
429 846 472 846 472 893 429 893
638 921 679 921 679 968 638 968
300 434 347 434 347 481 300 481
709 902 733 902 733 949 709 949
294 1162 339 1162 339 1209 294 1209
235 1075 251 1075 251 1123 235 1123
497 679 534 679 534 727 497 727
295 1118 339 1118 339 1166 295 1166
372 442 402 442 402 491 372 491
768 977 804 977 804 1026 768 1026
440 386 457 386 457 435 440 435
432 487 468 487 468 537 432 537
706 735 736 735 736 785 706 785
509 553 535 553 535 610 509 610
