720 495 741 495 741 509 720 509
710 1101 737 1101 737 1116 710 1116
574 619 603 619 603 634 574 634
706 1322 735 1322 735 1337 706 1337
452 979 466 979 466 995 452 995
651 931 666 931 666 947 651 947
723 379 738 379 738 396 723 396
841 540 861 540 861 557 841 557
781 597 802 597 802 614 781 614
724 421 735 421 735 438 724 438
384 927 397 927 397 944 384 944
191 869 202 869 202 886 191 886
516 1243 537 1243 537 1260 516 1260
570 779 615 779 615 796 570 796
186 732 204 732 204 750 186 750
447 585 466 585 466 603 447 603
716 514 740 514 740 532 716 532
847 1065 864 1065 864 1083 847 1083
843 972 864 972 864 990 843 990
313 1258 343 1258 343 1276 313 1276
699 326 732 326 732 344 699 344
850 1309 873 1309 873 1327 850 1327
779 691 802 691 802 709 779 709
250 570 269 570 269 589 250 589
381 826 400 826 400 845 381 845
906 499 926 499 926 518 906 518
319 1091 339 1091 339 1110 319 1110
713 713 734 713 734 732 713 732
520 449 542 449 542 468 520 468
314 657 337 657 337 676 314 676
511 743 532 743 532 762 511 762
778 945 799 945 799 964 778 964
781 1232 805 1232 805 1251 781 1251
192 1209 203 1209 203 1229 192 1229
253 1241 276 1241 276 1261 253 1261
711 1052 738 1052 738 1072 711 1072
898 323 929 323 929 343 898 343
507 1011 539 1011 539 1031 507 1031
696 511 710 511 710 531 696 531
781 1178 800 1178 800 1198 781 1198
314 301 335 301 335 321 314 321
381 480 403 480 403 500 381 500
715 1300 731 1300 731 1320 715 1320
775 1069 809 1069 809 1089 775 1089
648 806 665 806 665 827 648 827
583 758 603 758 603 779 583 779
692 437 713 437 713 458 692 458
445 921 466 921 466 942 445 942
186 1269 212 1269 212 1290 186 1290
717 397 743 397 743 418 717 418
183 1286 211 1286 211 1307 183 1307
442 1019 472 1019 472 1040 442 1040
319 1230 341 1230 341 1251 319 1251
773 342 796 342 796 363 773 363
184 347 203 347 203 368 184 368
688 409 717 409 717 430 688 430
432 1039 479 1039 479 1060 432 1060
187 1113 207 1113 207 1135 187 1135
710 809 732 809 732 831 710 831
578 531 599 531 599 553 578 553
640 431 664 431 664 453 640 453
773 403 800 403 800 425 773 425
511 846 539 846 539 868 511 868
777 1047 806 1047 806 1069 777 1069
900 742 930 742 930 764 900 764
507 867 539 867 539 889 507 889
905 719 925 719 925 742 905 742
515 1191 535 1191 535 1214 515 1214
716 533 742 533 742 556 716 556
780 1315 815 1315 815 1338 780 1338
894 562 936 562 936 585 894 585
187 1064 205 1064 205 1087 187 1087
382 652 404 652 404 675 382 675
249 772 271 772 271 795 249 795
518 427 546 427 546 450 518 450
446 1320 477 1320 477 1343 446 1343
249 627 270 627 270 651 249 651
647 949 667 949 667 973 647 973
711 833 736 833 736 857 711 857
183 922 209 922 209 946 183 946
641 830 671 830 671 854 641 854
894 344 932 344 932 368 894 368
775 543 794 543 794 567 775 567
708 298 730 298 730 322 708 322
312 455 334 455 334 479 312 479
381 1263 410 1263 410 1288 381 1288
179 799 211 799 211 824 179 824
708 858 741 858 741 883 708 883
373 708 409 708 409 733 373 733
703 1024 740 1024 740 1049 703 1049
773 1254 810 1254 810 1279 773 1279
894 646 934 646 934 671 894 671
247 1185 265 1185 265 1210 247 1210
694 378 716 378 716 403 694 403
635 639 670 639 670 664 635 664
566 442 610 442 610 467 566 467
835 1083 880 1083 880 1108 835 1108
450 996 470 996 470 1022 450 1022
380 771 400 771 400 797 380 797
512 1271 535 1271 535 1297 512 1297
717 439 741 439 741 465 717 465
779 711 803 711 803 737 779 737
776 1119 805 1119 805 1145 776 1145
503 982 544 982 544 1008 503 1008
704 1187 748 1187 748 1213 704 1213
382 946 403 946 403 972 382 972
840 626 866 626 866 652 840 652
902 299 929 299 929 325 902 325
838 1134 875 1134 875 1160 838 1160
238 1117 276 1117 276 1143 238 1143
769 662 811 662 811 688 769 688
183 682 203 682 203 708 183 708
509 685 529 685 529 711 509 711
714 470 746 470 746 496 714 496
503 891 541 891 541 917 503 917
569 590 608 590 608 616 569 616
769 1093 813 1093 813 1119 769 1119
651 1025 670 1025 670 1052 651 1052
839 486 859 486 859 513 839 513
310 595 333 595 333 622 310 622
846 1107 869 1107 869 1134 846 1134
304 361 337 361 337 388 304 388
243 542 278 542 278 569 243 569
506 1214 541 1214 541 1241 506 1241
506 921 544 921 544 948 506 948
380 421 398 421 398 448 380 448
702 780 739 780 739 807 702 807
370 798 407 798 407 825 370 825
571 335 609 335 609 362 571 362
504 623 542 623 542 650 504 650
308 949 346 949 346 976 308 976
905 445 922 445 922 472 905 472
251 517 270 517 270 544 251 544
580 728 610 728 610 755 580 755
438 371 470 371 470 398 438 398
245 795 278 795 278 822 245 822
307 715 343 715 343 742 307 742
642 403 669 403 669 431 642 431
707 1155 740 1155 740 1183 707 1183
771 1203 814 1203 814 1231 771 1231
305 1277 353 1277 353 1305 305 1305
376 972 407 972 407 1000 376 1000
834 564 871 564 871 592 834 592
713 650 727 650 727 679 713 679
385 1289 403 1289 403 1318 385 1318
319 1009 338 1009 338 1038 319 1038
895 470 931 470 931 499 895 499
630 454 671 454 671 483 630 483
719 1070 734 1070 734 1099 719 1099
768 428 801 428 801 457 768 457
830 300 868 300 868 329 830 329
834 796 873 796 873 825 834 825
694 345 738 345 738 374 694 374
448 871 466 871 466 900 448 900
174 371 205 371 205 400 174 400
175 704 206 704 206 733 175 733
377 1051 408 1051 408 1080 377 1080
376 677 409 677 409 706 376 706
832 651 866 651 866 680 832 680
441 896 479 896 479 925 441 925
448 720 470 720 470 750 448 750
645 374 668 374 668 404 645 404
441 442 470 442 470 472 441 472
832 509 873 509 873 539 832 539
435 693 476 693 476 723 435 723
576 412 595 412 595 442 576 442
521 393 541 393 541 423 521 423
184 1177 209 1177 209 1207 184 1207
310 808 340 808 340 838 310 838
840 1267 870 1267 870 1297 840 1297
774 738 809 738 809 768 774 768
636 710 672 710 672 740 636 740
181 1084 217 1084 217 1114 181 1114
838 595 860 595 860 625 838 625
437 337 470 337 470 367 437 367
893 762 938 762 938 792 893 792
650 1233 670 1233 670 1264 650 1264
829 454 869 454 869 485 829 485
646 774 666 774 666 805 646 805
308 838 342 838 342 869 308 869
769 563 807 563 807 594 769 594
372 895 412 895 412 926 372 926
375 1315 416 1315 416 1346 375 1346
446 304 467 304 467 336 446 336
316 1034 338 1034 338 1066 316 1066
776 809 803 809 803 841 776 841
643 1200 675 1200 675 1232 643 1232
898 579 933 579 933 611 898 611
837 941 873 941 873 973 837 973
178 949 215 949 215 981 178 981
773 911 811 911 811 943 773 943
767 460 808 460 808 492 767 492
311 1065 353 1065 353 1097 311 1097
238 1208 282 1208 282 1240 238 1240
844 1033 863 1033 863 1065 844 1065
845 1236 865 1236 865 1268 845 1268
839 878 871 878 871 910 839 910
313 1158 345 1158 345 1190 313 1190
502 590 538 590 538 622 502 622
769 774 808 774 808 806 769 806
236 444 280 444 280 476 236 476
633 855 678 855 678 887 633 887
444 750 475 750 475 782 444 782
176 607 211 607 211 639 176 639
308 742 344 742 344 774 308 774
433 553 475 553 475 585 433 585
240 593 282 593 282 625 240 625
655 1125 663 1125 663 1158 655 1158
442 522 459 522 459 555 442 555
317 1193 346 1193 346 1226 317 1226
705 955 741 955 741 988 705 988
371 737 409 737 409 770 371 770
902 610 925 610 925 643 902 643
304 481 339 481 339 514 304 514
506 712 543 712 543 745 506 745
242 960 282 960 282 993 242 993
504 948 548 948 548 981 504 981
309 422 331 422 331 456 309 456
704 676 740 676 740 710 704 710
377 1237 415 1237 415 1271 377 1271
440 946 480 946 480 980 440 980
643 1090 671 1090 671 1124 643 1124
770 879 802 879 802 913 770 913
435 401 470 401 470 435 435 435
639 742 676 742 676 776 639 776
576 498 598 498 598 533 576 533
773 974 803 974 803 1009 773 1009
373 445 407 445 407 480 373 480
241 407 282 407 282 442 241 442
836 1163 879 1163 879 1198 836 1198
175 1307 224 1307 224 1342 175 1342
775 1010 801 1010 801 1045 775 1045
308 774 344 774 344 809 308 809
841 996 867 996 867 1031 841 1031
308 680 343 680 343 715 308 715
373 505 410 505 410 540 373 540
237 303 279 303 279 338 237 338
302 912 349 912 349 947 302 947
784 1276 802 1276 802 1312 784 1312
570 554 600 554 600 590 570 590
372 616 407 616 407 652 372 652
503 250 540 250 540 286 503 286
699 919 750 919 750 955 699 955
379 579 404 579 404 615 379 615
510 811 545 811 545 847 510 847
503 555 542 555 542 591 503 591
307 325 340 325 340 361 307 361
897 371 935 371 935 407 897 407
375 543 415 543 415 579 375 579
836 333 859 333 859 370 836 370
253 692 277 692 277 729 253 729
308 513 340 513 340 550 308 550
246 1031 279 1031 279 1068 246 1068
704 561 741 561 741 598 704 598
437 1112 480 1112 480 1149 437 1149
832 683 879 683 879 720 832 720
639 1054 674 1054 674 1091 639 1091
838 1200 874 1200 874 1237 838 1237
835 907 872 907 872 944 835 944
370 385 408 385 408 422 370 422
303 617 342 617 342 654 303 654
306 978 345 978 345 1015 306 1015
182 1226 205 1226 205 1264 182 1264
897 407 927 407 927 445 897 445
241 1267 280 1267 280 1305 241 1305
444 1194 485 1194 485 1232 444 1232
172 403 216 403 216 441 172 441
785 362 803 362 803 400 785 400
636 335 666 335 666 373 636 373
640 599 672 599 672 637 640 637
242 1308 282 1308 282 1346 242 1346
704 1117 746 1117 746 1155 704 1155
769 1143 811 1143 811 1181 769 1181
570 466 614 466 614 504 570 504
503 652 540 652 540 690 503 690
700 985 742 985 742 1023 700 1023
441 1277 483 1277 483 1315 441 1315
237 994 284 994 284 1032 237 1032
444 653 469 653 469 692 444 692
833 756 871 756 871 795 833 795
177 1137 217 1137 217 1176 177 1176
378 1118 418 1118 418 1157 378 1157
506 303 541 303 541 342 506 342
308 1308 355 1308 355 1347 308 1347
504 769 540 769 540 808 504 808
378 1154 416 1154 416 1193 378 1193
501 1118 552 1118 552 1157 501 1157
702 1216 744 1216 744 1256 702 1256
637 1268 679 1268 679 1308 637 1308
166 304 208 304 208 344 166 344
371 855 415 855 415 895 371 895
311 382 341 382 341 422 311 422
509 511 540 511 540 551 509 551
310 869 343 869 343 909 310 909
831 721 869 721 869 761 831 761
178 981 225 981 225 1021 178 1021
382 1079 411 1079 411 1120 382 1120
699 739 743 739 743 780 699 780
686 461 713 461 713 502 686 502
439 783 477 783 477 824 439 824
635 561 674 561 674 602 635 602
764 300 806 300 806 341 764 341
309 1114 351 1114 351 1155 309 1155
769 841 814 841 814 882 769 882
906 522 927 522 927 563 906 563
506 345 539 345 539 386 506 386
376 1193 411 1193 411 1234 376 1234
830 413 866 413 866 454 830 454
504 1155 546 1155 546 1196 504 1196
637 1159 683 1159 683 1200 637 1200
251 728 269 728 269 770 251 770
181 824 209 824 209 866 181 866
179 755 212 755 212 797 179 797
827 370 872 370 872 412 827 412
174 639 214 639 214 681 174 681
243 823 285 823 285 865 243 865
369 339 412 339 412 381 369 381
501 468 545 468 545 510 501 510
180 878 206 878 206 920 180 920
570 633 612 633 612 675 570 675
634 664 676 664 676 706 634 706
239 480 277 480 277 523 239 523
510 1298 545 1298 545 1341 510 1341
768 617 812 617 812 661 768 661
179 1019 213 1019 213 1064 179 1064
503 1073 547 1073 547 1118 503 1118
437 1063 482 1063 482 1108 437 1108
645 885 670 885 670 931 645 931
254 650 268 650 268 696 254 696
444 607 469 607 469 653 444 653
445 1230 478 1230 478 1276 445 1276
176 556 213 556 213 602 176 602
702 1255 741 1255 741 1301 702 1301
587 789 595 789 595 836 587 836
302 548 346 548 346 595 302 595
367 301 412 301 412 348 367 348
899 671 933 671 933 719 899 719
237 914 278 914 278 962 237 962
836 827 869 827 869 876 836 876
239 1142 283 1142 283 1191 239 1191
701 598 746 598 746 647 701 647
438 822 486 822 486 872 438 872
568 676 613 676 613 727 568 727
574 360 605 360 605 411 574 411
508 1025 538 1025 538 1077 508 1077
769 492 803 492 803 544 769 544
378 1004 408 1004 408 1057 378 1057
176 446 216 446 216 499 176 499
642 975 677 975 677 1029 642 1029
439 1143 480 1143 480 1198 439 1198
433 473 478 473 478 530 433 530
176 502 211 502 211 561 176 561
238 339 273 339 273 402 238 402
