537 439 559 439 559 452 537 452
736 907 768 907 768 922 736 922
682 443 701 443 701 460 682 460
261 877 282 877 282 894 261 894
818 1237 835 1237 835 1255 818 1255
393 621 424 621 424 639 393 639
332 751 345 751 345 770 332 770
540 606 559 606 559 625 540 625
743 723 762 723 762 742 743 742
54 1162 74 1162 74 1181 54 1181
266 1196 287 1196 287 1215 266 1215
548 1125 560 1125 560 1144 548 1144
609 632 628 632 628 651 609 651
815 624 834 624 834 643 815 643
123 723 151 723 151 742 123 742
473 345 486 345 486 365 473 365
54 875 75 875 75 895 54 895
542 1062 561 1062 561 1082 542 1082
745 442 766 442 766 462 745 462
197 1352 219 1352 219 1372 197 1372
746 1232 769 1232 769 1252 746 1252
177 457 202 457 202 477 177 477
466 1389 511 1389 511 1409 466 1409
610 1021 630 1021 630 1042 610 1042
125 522 147 522 147 543 125 543
319 602 366 602 366 623 319 623
53 619 75 619 75 640 53 640
813 732 834 732 834 753 813 753
804 391 827 391 827 412 804 412
195 678 218 678 218 699 195 699
255 934 295 934 295 955 255 955
190 1013 210 1013 210 1035 190 1035
741 1346 770 1346 770 1368 741 1368
262 1346 290 1346 290 1368 262 1368
740 1258 775 1258 775 1280 740 1280
203 456 231 456 231 479 203 479
119 745 155 745 155 768 119 768
612 742 628 742 628 765 612 765
333 545 353 545 353 568 333 568
183 422 221 422 221 445 183 445
683 576 699 576 699 599 683 599
185 701 223 701 223 725 185 725
391 748 429 748 429 772 391 772
333 519 354 519 354 543 333 543
264 1218 300 1218 300 1243 264 1243
738 308 777 308 777 333 738 333
118 674 157 674 157 699 118 699
390 825 430 825 430 850 390 850
821 1351 836 1351 836 1376 821 1376
678 382 699 382 699 407 678 407
599 1110 632 1110 632 1135 599 1135
119 348 152 348 152 373 119 373
265 1323 287 1323 287 1348 265 1348
339 722 360 722 360 748 339 748
537 459 562 459 562 485 537 485
471 1256 500 1256 500 1282 471 1282
187 309 221 309 221 335 187 335
736 770 770 770 770 796 736 796
463 783 499 783 499 809 463 809
465 1349 503 1349 503 1375 465 1375
250 346 291 346 291 372 250 372
738 746 772 746 772 773 738 773
187 1068 222 1068 222 1095 187 1095
253 1370 295 1370 295 1397 253 1397
807 263 842 263 842 290 807 290
738 494 779 494 779 521 738 521
457 752 504 752 504 779 457 779
465 1230 495 1230 495 1257 465 1257
812 1376 845 1376 845 1403 812 1403
806 1175 841 1175 841 1202 806 1202
803 1105 840 1105 840 1132 803 1132
132 695 147 695 147 723 132 723
197 1296 216 1296 216 1324 197 1324
599 396 633 396 633 424 599 424
748 1170 764 1170 764 1198 748 1198
265 988 284 988 284 1016 265 1016
328 460 349 460 349 488 328 488
256 899 283 899 283 927 256 927
258 1015 293 1015 293 1043 258 1043
45 690 80 690 80 718 45 718
271 1245 287 1245 287 1273 271 1273
744 384 763 384 763 412 744 412
265 815 284 815 284 843 265 843
54 1096 73 1096 73 1124 54 1124
470 886 495 886 495 914 470 914
190 729 222 729 222 757 190 757
186 1324 224 1324 224 1352 186 1352
463 1287 512 1287 512 1315 463 1315
58 1295 76 1295 76 1324 58 1324
179 479 204 479 204 508 179 508
599 598 632 598 632 627 599 627
800 211 843 211 843 240 800 240
751 839 781 839 781 868 751 868
607 1329 637 1329 637 1358 607 1358
609 567 627 567 627 597 609 597
259 1136 293 1136 293 1166 259 1166
741 1280 777 1280 777 1310 741 1310
389 590 429 590 429 620 389 620
803 797 843 797 843 827 803 827
463 956 505 956 505 986 463 986
602 1185 642 1185 642 1215 602 1215
595 1079 641 1079 641 1109 595 1109
337 690 353 690 353 720 337 720
539 538 558 538 558 568 539 568
255 310 282 310 282 340 255 340
325 570 359 570 359 600 325 600
323 655 359 655 359 685 323 685
320 490 362 490 362 520 320 520
546 1179 560 1179 560 1210 546 1210
470 405 487 405 487 436 470 436
743 657 762 657 762 688 743 688
811 525 831 525 831 556 811 556
606 959 633 959 633 990 606 990
739 1069 771 1069 771 1100 739 1100
599 255 633 255 633 286 599 286
393 355 431 355 431 386 393 386
533 666 577 666 577 697 533 697
481 1371 494 1371 494 1402 481 1402
121 312 142 312 142 343 121 343
673 601 705 601 705 632 673 632
808 1203 841 1203 841 1234 808 1234
192 1373 226 1373 226 1404 192 1404
258 1163 293 1163 293 1194 258 1194
40 355 75 355 75 386 40 386
600 1045 644 1045 644 1076 600 1076
749 1004 764 1004 764 1036 749 1036
739 1198 770 1198 770 1230 739 1230
50 1225 81 1225 81 1257 50 1257
535 770 569 770 569 802 535 802
49 942 83 942 83 974 49 974
254 257 290 257 290 289 254 289
535 1370 573 1370 573 1402 535 1402
54 722 77 722 77 754 54 754
191 761 219 761 219 793 191 793
193 1135 223 1135 223 1167 193 1167
392 553 425 553 425 585 392 585
814 1318 850 1318 850 1350 814 1350
734 411 770 411 770 443 734 443
739 1102 777 1102 777 1134 739 1134
672 407 703 407 703 439 672 439
44 585 79 585 79 617 44 617
805 557 841 557 841 589 805 589
184 612 221 612 221 644 184 644
736 1368 782 1368 782 1400 736 1400
470 587 486 587 486 620 470 620
737 466 773 466 773 499 737 499
462 920 510 920 510 953 462 953
479 1316 497 1316 497 1349 479 1349
123 457 144 457 144 490 123 490
678 469 699 469 699 502 678 502
329 617 352 617 352 650 329 650
536 1027 570 1027 570 1060 536 1060
535 1211 570 1211 570 1244 535 1244
465 1200 501 1200 501 1233 465 1233
803 587 841 587 841 620 803 620
462 714 503 714 503 747 462 747
804 1288 850 1288 850 1321 804 1321
804 235 852 235 852 268 804 268
542 735 558 735 558 769 542 769
736 685 763 685 763 719 736 719
605 1262 641 1262 641 1296 605 1296
123 547 148 547 148 581 123 581
118 486 152 486 152 520 118 520
675 540 711 540 711 574 675 574
47 553 84 553 84 587 47 587
319 385 358 385 358 419 319 419
802 417 841 417 841 451 802 451
798 949 842 949 842 983 798 983
254 514 285 514 285 548 254 548
360 988 398 988 398 1022 360 1022
182 1034 222 1034 222 1068 182 1068
187 1098 230 1098 230 1132 187 1132
216 477 226 477 226 512 216 512
743 1035 766 1035 766 1070 743 1070
187 641 219 641 219 676 187 676
49 837 82 837 82 872 49 872
258 839 291 839 291 874 258 874
531 567 566 567 566 602 531 602
531 633 566 633 566 668 531 668
392 517 428 517 428 552 392 552
462 525 500 525 500 560 462 560
804 1255 844 1255 844 1290 804 1290
114 380 156 380 156 415 114 415
55 1323 79 1323 79 1358 55 1358
465 619 493 619 493 654 465 654
527 309 570 309 570 344 527 344
253 1049 300 1049 300 1084 253 1084
57 1257 76 1257 76 1293 57 1293
743 867 766 867 766 903 743 903
51 806 84 806 84 842 51 842
52 974 86 974 86 1010 52 1010
393 387 429 387 429 423 393 423
38 256 76 256 76 292 38 292
671 505 709 505 709 541 671 541
317 421 356 421 356 457 317 457
601 990 642 990 642 1026 601 1026
802 498 845 498 845 534 802 534
32 219 80 219 80 255 32 255
469 1163 494 1163 494 1199 469 1199
193 835 220 835 220 871 193 871
535 993 570 993 570 1029 535 1029
466 1134 504 1134 504 1170 466 1170
735 1137 774 1137 774 1173 735 1173
601 1295 643 1295 643 1331 601 1331
531 1284 582 1284 582 1320 531 1320
466 555 487 555 487 592 466 592
535 1142 565 1142 565 1179 535 1179
49 1124 81 1124 81 1161 49 1161
802 909 843 909 843 946 802 946
599 312 641 312 641 349 599 349
797 1021 839 1021 839 1058 797 1058
664 345 708 345 708 382 664 382
258 950 286 950 286 987 258 987
459 365 488 365 488 402 459 402
802 306 836 306 836 343 802 343
603 807 639 807 639 844 603 844
814 695 834 695 834 733 814 733
745 798 765 798 765 836 745 836
123 637 152 637 152 675 123 675
804 870 839 870 839 908 804 908
600 923 644 923 644 961 600 961
256 587 292 587 292 625 256 625
664 308 706 308 706 346 664 346
184 382 228 382 228 420 184 420
801 1135 847 1135 847 1173 801 1173
396 471 423 471 423 510 396 510
808 757 846 757 846 796 808 796
185 1206 233 1206 233 1245 185 1245
747 1308 766 1308 766 1347 747 1347
47 1016 89 1016 89 1055 47 1055
473 844 494 844 494 884 473 884
118 416 153 416 153 456 118 456
810 827 844 827 844 867 810 867
249 214 293 214 293 254 249 254
533 1085 573 1085 573 1125 533 1125
45 481 87 481 87 521 45 521
249 468 293 468 293 508 249 508
184 867 231 867 231 907 184 907
250 549 298 549 298 589 250 589
602 700 629 700 629 741 602 741
47 1181 77 1181 77 1222 47 1222
457 305 497 305 497 346 457 346
531 401 573 401 573 442 531 442
459 1040 506 1040 506 1081 459 1081
210 1163 231 1163 231 1204 210 1204
803 982 838 982 838 1023 803 1023
181 219 224 219 224 260 181 260
800 452 845 452 845 493 800 493
43 310 70 310 70 352 43 352
539 698 568 698 568 740 539 740
185 793 232 793 232 835 185 835
472 809 491 809 491 851 472 851
50 643 75 643 75 685 50 685
51 898 79 898 79 940 51 940
536 1247 572 1247 572 1289 536 1289
49 1052 87 1052 87 1094 49 1094
601 880 640 880 640 922 601 922
599 469 640 469 640 511 599 511
746 525 765 525 765 568 746 568
50 514 75 514 75 557 50 557
43 437 87 437 87 480 43 480
798 1058 848 1058 848 1101 798 1101
205 333 216 333 216 376 205 376
607 350 625 350 625 393 607 393
466 479 489 479 489 522 466 522
603 656 639 656 639 699 603 699
184 969 228 969 228 1012 184 1012
183 513 228 513 228 556 183 556
599 1361 646 1361 646 1405 599 1405
602 760 630 760 630 804 602 804
360 1213 408 1213 408 1257 360 1257
755 920 766 920 766 965 755 965
808 344 828 344 828 389 808 389
267 1274 288 1274 288 1319 267 1319
739 959 779 959 779 1004 739 1004
532 946 577 946 577 991 532 991
258 367 282 367 282 412 258 412
810 647 835 647 835 692 810 692
325 345 350 345 350 390 325 390
254 629 294 629 294 674 254 674
396 427 428 427 428 472 396 472
609 424 624 424 624 470 609 470
603 840 631 840 631 886 603 886
539 901 569 901 569 947 539 947
736 614 778 614 778 660 736 660
601 1217 643 1217 643 1263 601 1263
533 856 571 856 571 903 533 903
611 1134 628 1134 628 1181 611 1181
260 413 279 413 279 460 260 460
736 335 769 335 769 383 736 383
462 988 498 988 498 1036 462 1036
255 769 297 769 297 817 255 817
734 569 779 569 779 617 734 617
529 487 571 487 571 535 529 535
182 1246 225 1246 225 1295 182 1295
49 1359 93 1359 93 1408 49 1408
125 583 142 583 142 632 125 632
252 675 296 675 296 724 252 724
255 727 300 727 300 776 255 776
364 1154 405 1154 405 1203 364 1203
461 434 499 434 499 484 461 484
186 908 220 908 220 959 186 959
44 386 86 386 86 437 44 437
466 1080 504 1080 504 1131 466 1131
48 754 85 754 85 806 48 806
598 516 637 516 637 568 598 568
537 804 571 804 571 857 537 857
184 559 225 559 225 612 184 612
529 347 571 347 571 400 529 400
256 1080 295 1080 295 1136 256 1136
461 655 499 655 499 716 461 716
