225 1007 236 1007 236 1017 225 1017
756 1288 782 1288 782 1301 756 1301
134 851 162 851 162 864 134 864
416 968 431 968 431 982 416 982
758 920 775 920 775 935 758 935
830 417 857 417 857 432 830 432
488 1118 498 1118 498 1133 488 1133
551 357 566 357 566 372 551 372
478 385 495 385 495 401 478 401
67 835 84 835 84 851 67 851
276 741 293 741 293 757 276 757
277 1105 294 1105 294 1121 277 1121
836 534 849 534 849 551 836 551
194 395 240 395 240 412 194 412
620 1241 640 1241 640 1258 620 1258
621 882 639 882 639 900 621 900
272 931 298 931 298 949 272 949
72 982 86 982 86 1000 72 1000
758 1336 786 1336 786 1355 758 1355
270 400 295 400 295 420 270 420
201 1282 227 1282 227 1302 201 1302
610 605 647 605 647 625 610 625
53 331 88 331 88 351 53 351
758 1106 771 1106 771 1127 758 1127
816 327 844 327 844 348 816 348
474 911 503 911 503 932 474 932
678 675 705 675 705 696 678 696
126 1057 176 1057 176 1078 126 1078
278 907 295 907 295 928 278 928
272 1376 301 1376 301 1398 272 1398
333 351 364 351 364 373 333 373
477 1096 498 1096 498 1118 477 1118
200 1173 233 1173 233 1195 200 1195
540 420 575 420 575 442 540 442
125 903 173 903 173 925 125 925
142 1196 154 1196 154 1219 142 1219
416 991 435 991 435 1014 416 1014
200 617 228 617 228 640 200 640
57 469 88 469 88 492 57 492
278 1050 293 1050 293 1073 278 1073
405 489 436 489 436 512 405 512
557 333 590 333 590 356 557 356
406 1076 439 1076 439 1099 406 1099
423 1240 437 1240 437 1263 423 1263
758 1235 774 1235 774 1258 758 1258
552 1277 572 1277 572 1300 552 1300
65 999 95 999 95 1022 65 1022
270 1293 303 1293 303 1316 270 1316
690 365 708 365 708 389 690 389
619 475 638 475 638 499 619 499
272 766 301 766 301 790 272 790
748 977 783 977 783 1001 748 1001
538 862 578 862 578 886 538 886
554 992 570 992 570 1016 554 1016
554 1110 572 1110 572 1135 554 1135
274 1202 305 1202 305 1227 274 1227
207 412 221 412 221 437 207 437
621 1034 638 1034 638 1059 621 1059
208 826 227 826 227 851 208 851
273 488 292 488 292 513 273 513
335 328 358 328 358 353 335 353
543 890 575 890 575 915 543 915
682 523 719 523 719 548 682 548
197 1330 239 1330 239 1355 197 1355
419 1094 432 1094 432 1119 419 1119
834 508 848 508 848 533 834 533
624 1183 639 1183 639 1208 624 1208
134 329 153 329 153 354 134 354
753 1309 787 1309 787 1334 753 1334
839 390 850 390 850 416 839 416
480 324 492 324 492 350 480 350
553 646 566 646 566 672 553 672
134 590 153 590 153 616 134 616
199 440 234 440 234 466 199 466
195 640 233 640 233 666 195 666
209 366 222 366 222 392 209 392
132 786 166 786 166 812 132 812
545 1056 579 1056 579 1082 545 1082
66 440 83 440 83 467 66 467
275 678 293 678 293 705 275 705
758 1257 779 1257 779 1284 758 1284
59 492 93 492 93 519 59 519
607 933 648 933 648 960 607 960
746 1077 788 1077 788 1104 746 1104
482 887 495 887 495 914 482 914
67 774 83 774 83 801 67 801
552 1083 571 1083 571 1110 552 1110
267 1317 306 1317 306 1344 267 1344
264 950 304 950 304 977 264 977
675 623 717 623 717 650 675 650
621 820 636 820 636 847 621 847
275 612 299 612 299 639 275 639
135 1290 164 1290 164 1317 135 1317
64 924 98 924 98 951 64 951
541 579 575 579 575 606 541 606
199 884 237 884 237 911 199 911
199 1022 230 1022 230 1050 199 1050
612 573 643 573 643 601 612 601
756 533 771 533 771 561 756 561
685 648 702 648 702 676 685 676
415 905 433 905 433 933 415 933
344 468 366 468 366 496 344 496
410 1126 440 1126 440 1154 410 1154
129 1137 161 1137 161 1165 129 1165
206 557 229 557 229 586 206 586
547 1335 579 1335 579 1364 547 1364
815 350 849 350 849 379 815 379
544 1367 584 1367 584 1396 544 1396
618 904 636 904 636 933 618 933
555 550 582 550 582 579 555 579
484 586 516 586 516 615 484 615
200 961 238 961 238 990 200 990
624 442 637 442 637 471 624 471
620 1263 638 1263 638 1292 620 1292
130 550 163 550 163 579 130 579
270 1074 303 1074 303 1103 270 1103
473 792 507 792 507 821 473 821
402 512 437 512 437 541 402 541
130 518 165 518 165 547 130 547
77 950 87 950 87 980 77 980
557 1168 570 1168 570 1198 557 1198
835 441 852 441 852 471 835 471
473 822 499 822 499 852 473 852
469 656 503 656 503 686 469 686
203 1302 225 1302 225 1332 203 1332
829 477 854 477 854 507 829 507
132 1074 161 1074 161 1104 132 1104
142 1164 171 1164 171 1194 142 1194
759 858 775 858 775 889 759 889
754 1045 772 1045 772 1076 754 1076
612 1293 645 1293 645 1324 612 1324
57 894 91 894 91 925 57 925
683 492 719 492 719 523 683 523
483 478 495 478 495 509 483 509
210 588 225 588 225 619 210 619
279 1262 296 1262 296 1293 279 1293
621 1326 640 1326 640 1357 621 1357
136 1259 155 1259 155 1290 136 1290
412 1044 436 1044 436 1075 412 1075
473 447 499 447 499 478 473 478
478 1134 506 1134 506 1165 478 1165
60 1022 98 1022 98 1053 60 1053
540 789 581 789 581 820 540 820
554 490 569 490 569 521 554 521
59 358 86 358 86 389 59 389
614 1058 647 1058 647 1089 614 1089
544 522 578 522 578 553 544 553
196 852 231 852 231 883 196 883
471 932 508 932 508 963 471 963
126 443 165 443 165 474 126 474
330 440 370 440 370 471 330 471
201 717 242 717 242 748 201 748
746 1200 789 1200 789 1231 746 1231
560 704 566 704 566 736 560 736
629 371 644 371 644 403 629 403
266 456 295 456 295 488 266 488
406 934 437 934 437 966 406 966
130 358 162 358 162 390 130 390
332 405 365 405 365 437 332 437
329 373 365 373 365 405 329 405
557 1300 574 1300 574 1332 557 1332
542 916 576 916 576 948 542 948
409 1014 445 1014 445 1046 409 1046
478 679 500 679 500 711 478 711
273 824 303 824 303 856 273 856
191 1050 233 1050 233 1082 191 1082
556 1018 571 1018 571 1051 556 1051
547 671 576 671 576 704 547 704
752 1129 781 1129 781 1162 752 1162
403 830 434 830 434 863 403 863
746 1169 785 1169 785 1202 746 1202
746 336 790 336 790 369 746 369
494 1069 501 1069 501 1102 494 1102
204 787 236 787 236 820 204 820
671 697 709 697 709 730 671 730
611 338 658 338 658 371 611 371
56 615 103 615 103 648 56 648
141 1103 154 1103 154 1137 141 1137
622 999 639 999 639 1033 622 1033
486 852 508 852 508 886 486 886
136 699 163 699 163 733 136 733
202 1083 230 1083 230 1117 202 1117
267 420 296 420 296 454 267 454
472 350 506 350 506 384 472 384
267 1130 305 1130 305 1164 267 1164
402 599 441 599 441 633 402 633
490 547 497 547 497 581 490 581
281 1227 294 1227 294 1261 281 1261
134 980 165 980 165 1014 134 1014
612 848 647 848 647 882 612 882
263 790 300 790 300 824 263 824
268 1344 314 1344 314 1378 268 1378
484 964 500 964 500 998 484 998
621 626 637 626 637 660 621 660
412 1161 446 1161 446 1195 412 1195
474 1152 518 1152 518 1186 474 1186
618 1357 645 1357 645 1392 618 1392
273 1164 302 1164 302 1199 273 1199
616 407 647 407 647 442 616 442
748 942 779 942 779 977 748 977
751 885 783 885 783 920 751 920
59 799 94 799 94 834 59 834
263 368 303 368 303 403 263 403
403 711 436 711 436 746 403 746
269 1017 302 1017 302 1052 269 1052
412 1262 445 1262 445 1297 412 1297
476 997 512 997 512 1032 476 1032
201 920 237 920 237 955 201 955
401 633 440 633 440 668 401 668
413 453 425 453 425 489 413 489
135 625 163 625 163 661 135 661
612 499 642 499 642 535 612 535
127 661 163 661 163 697 127 697
610 540 647 540 647 576 610 576
399 793 437 793 437 829 399 829
747 780 786 780 786 816 747 816
265 575 307 575 307 611 265 611
474 509 504 509 504 545 474 545
64 855 95 855 95 891 64 891
548 1240 582 1240 582 1276 548 1276
54 575 100 575 100 611 54 611
136 1218 159 1218 159 1254 136 1254
753 1356 782 1356 782 1392 753 1392
479 1032 509 1032 509 1068 479 1068
692 548 703 548 703 585 692 585
475 755 504 755 504 792 475 792
685 587 706 587 706 624 685 624
126 476 166 476 166 513 126 513
613 960 654 960 654 997 613 997
258 332 301 332 301 369 258 369
808 384 835 384 835 422 808 422
146 1320 162 1320 162 1358 146 1358
474 404 492 404 492 442 474 442
267 701 302 701 302 739 267 739
612 1206 651 1206 651 1244 612 1244
545 1204 578 1204 578 1243 545 1243
205 326 224 326 224 365 205 365
756 648 776 648 776 687 756 687
136 390 156 390 156 429 136 429
616 661 642 661 642 700 616 700
131 812 164 812 164 851 131 851
755 737 790 737 790 776 755 776
614 701 650 701 650 740 614 740
612 783 645 783 645 823 612 823
683 446 721 446 721 486 683 486
543 1135 582 1135 582 1175 543 1175
477 613 494 613 494 653 477 653
137 866 156 866 156 906 137 906
541 607 581 607 581 647 541 647
266 640 308 640 308 680 266 680
402 669 433 669 433 710 402 710
397 285 440 285 440 326 397 326
207 1351 221 1351 221 1392 207 1392
481 712 496 712 496 753 481 753
59 644 95 644 95 685 59 685
268 978 304 978 304 1019 268 1019
61 686 97 686 97 728 61 728
402 863 439 863 439 905 402 905
547 376 566 376 566 418 547 418
140 1014 172 1014 172 1056 140 1056
404 409 437 409 437 451 404 451
58 728 93 728 93 770 58 770
199 1197 239 1197 239 1239 199 1239
199 514 233 514 233 556 199 556
412 1300 453 1300 453 1342 412 1342
690 322 709 322 709 365 690 365
548 444 577 444 577 487 548 487
413 1201 451 1201 451 1244 413 1244
747 429 786 429 786 472 747 472
609 287 651 287 651 330 609 330
259 286 302 286 302 329 259 329
743 287 786 287 786 330 743 330
215 1239 225 1239 225 1282 215 1282
612 1138 653 1138 653 1181 612 1181
611 740 652 740 652 783 611 783
816 422 824 422 824 466 816 466
764 601 773 601 773 645 764 645
756 999 769 999 769 1043 756 1043
48 283 91 283 91 327 48 327
346 497 360 497 360 542 346 542
400 747 439 747 439 793 400 793
541 948 581 948 581 994 541 994
543 741 577 741 577 788 543 788
405 331 432 331 432 378 405 378
616 1091 647 1091 647 1138 616 1138
748 811 787 811 787 859 748 859
754 688 777 688 777 737 754 737
402 371 444 371 444 421 402 421
203 463 225 463 225 514 203 514
138 920 152 920 152 971 138 971
66 386 85 386 85 437 66 437
138 728 160 728 160 780 138 780
427 1336 439 1336 439 1389 427 1389
201 1112 226 1112 226 1166 201 1166
197 666 231 666 231 720 197 720
404 542 436 542 436 599 404 599
274 847 301 847 301 904 274 904
66 519 94 519 94 576 66 576
684 390 713 390 713 447 684 447
263 514 297 514 297 575 263 575
746 471 781 471 781 532 746 532
752 366 781 366 781 429 752 429
