209 546 229 546 229 564 209 564
486 718 514 718 514 736 486 736
753 1108 784 1108 784 1126 753 1126
695 683 714 683 714 701 695 701
625 466 645 466 645 484 625 484
623 1094 647 1094 647 1113 623 1113
693 1123 714 1123 714 1143 693 1143
201 1080 222 1080 222 1100 201 1100
266 1262 288 1262 288 1282 266 1282
701 311 727 311 727 331 701 331
533 1406 570 1406 570 1426 533 1426
275 655 296 655 296 675 275 675
338 1167 370 1167 370 1187 338 1187
335 1151 382 1151 382 1171 335 1171
269 892 298 892 298 913 269 913
757 977 786 977 786 998 757 998
474 1091 505 1091 505 1112 474 1112
823 1208 857 1208 857 1229 823 1229
533 1156 586 1156 586 1177 533 1177
277 868 293 868 293 890 277 890
277 381 310 381 310 403 277 403
198 1197 221 1197 221 1220 198 1220
472 936 519 936 519 960 472 960
350 415 370 415 370 439 350 439
266 1365 288 1365 288 1389 266 1389
342 935 366 935 366 959 342 959
190 817 245 817 245 841 190 841
122 1116 158 1116 158 1140 122 1140
744 1399 798 1399 798 1423 744 1423
486 960 504 960 504 985 486 985
702 396 726 396 726 421 702 421
756 770 800 770 800 795 756 795
50 1078 93 1078 93 1103 50 1103
694 864 715 864 715 890 694 890
690 1265 716 1265 716 1291 690 1291
477 877 512 877 512 903 477 903
822 1100 866 1100 866 1126 822 1126
703 370 722 370 722 396 703 396
340 1320 359 1320 359 1346 340 1346
564 640 586 640 586 666 564 666
194 1258 217 1258 217 1284 194 1284
411 303 444 303 444 329 411 329
761 1262 799 1262 799 1288 761 1288
630 398 645 398 645 424 630 424
206 750 228 750 228 776 206 776
617 483 659 483 659 509 617 509
416 606 434 606 434 633 416 633
128 504 165 504 165 531 128 531
693 1055 710 1055 710 1083 693 1083
212 303 232 303 232 331 212 331
832 1275 859 1275 859 1303 832 1303
400 1315 447 1315 447 1343 400 1343
417 793 439 793 439 821 417 821
687 1189 711 1189 711 1217 687 1217
554 580 579 580 579 608 554 608
61 716 94 716 94 744 61 744
401 964 448 964 448 992 401 992
485 1249 502 1249 502 1277 485 1277
187 1323 209 1323 209 1351 187 1351
621 1154 645 1154 645 1182 621 1182
480 985 510 985 510 1013 480 1013
280 805 316 805 316 833 280 833
753 738 798 738 798 766 753 766
825 933 870 933 870 961 825 961
493 416 509 416 509 445 493 445
71 375 95 375 95 404 71 404
477 1396 505 1396 505 1425 477 1425
332 1384 374 1384 374 1413 332 1413
58 299 95 299 95 328 58 328
405 929 445 929 445 958 405 958
265 352 309 352 309 381 265 381
682 1360 715 1360 715 1390 682 1390
548 305 584 305 584 335 548 335
410 532 451 532 451 562 410 562
278 588 293 588 293 618 278 618
411 992 439 992 439 1022 411 1022
130 340 164 340 164 370 130 370
688 896 723 896 723 926 688 926
128 811 166 811 166 841 128 841
757 598 798 598 798 628 757 628
482 639 527 639 527 670 482 670
686 1327 708 1327 708 1358 686 1358
765 705 789 705 789 736 765 736
831 344 870 344 870 375 831 375
472 1364 514 1364 514 1395 472 1395
480 615 517 615 517 646 480 646
619 621 665 621 665 652 619 652
487 734 504 734 504 766 487 766
542 1173 574 1173 574 1205 542 1205
202 332 236 332 236 364 202 364
550 610 587 610 587 642 550 642
180 1354 226 1354 226 1386 180 1386
206 1006 225 1006 225 1038 206 1038
259 911 302 911 302 943 259 943
687 332 733 332 733 364 687 364
619 766 666 766 666 798 619 798
332 1043 379 1043 379 1075 332 1075
411 1129 432 1129 432 1162 411 1162
412 1024 439 1024 439 1057 412 1057
537 1297 576 1297 576 1330 537 1330
271 617 308 617 308 650 271 650
395 1283 443 1283 443 1316 395 1316
621 1253 645 1253 645 1286 621 1286
478 766 519 766 519 799 478 799
476 336 527 336 527 369 476 369
555 669 575 669 575 703 555 703
553 1122 577 1122 577 1156 553 1156
485 580 520 580 520 614 485 614
479 499 522 499 522 533 479 533
673 1389 717 1389 717 1423 673 1423
209 470 228 470 228 504 209 504
414 1208 438 1208 438 1242 414 1242
618 689 650 689 650 723 618 723
198 778 231 778 231 812 198 812
696 422 732 422 732 456 696 456
477 300 515 300 515 334 477 334
55 1147 98 1147 98 1181 55 1181
816 1173 865 1173 865 1207 816 1207
410 1090 431 1090 431 1125 410 1125
259 1226 294 1226 294 1261 259 1261
745 1365 792 1365 792 1400 745 1400
414 822 433 822 433 857 414 857
57 1259 93 1259 93 1294 57 1294
535 1366 573 1366 573 1401 535 1401
134 410 173 410 173 445 134 445
614 306 661 306 661 341 614 341
338 963 371 963 371 998 338 998
184 1285 221 1285 221 1320 184 1320
683 744 730 744 730 779 683 779
753 630 801 630 801 665 753 665
606 1117 656 1117 656 1152 606 1152
749 792 800 792 800 827 749 827
758 821 789 821 789 857 758 857
616 834 652 834 652 870 616 870
268 732 309 732 309 768 268 768
619 724 656 724 656 760 619 760
187 1222 225 1222 225 1258 187 1258
760 560 798 560 798 596 760 596
689 610 728 610 728 646 689 646
401 1055 441 1055 441 1091 401 1091
189 1157 229 1157 229 1193 189 1193
828 538 870 538 870 574 828 574
765 465 781 465 781 502 765 502
548 1084 571 1084 571 1121 548 1121
411 324 446 324 446 361 411 361
547 468 592 468 592 505 547 505
329 1284 377 1284 377 1321 329 1321
484 798 514 798 514 835 484 835
829 681 862 681 862 718 829 718
267 836 308 836 308 873 267 873
60 591 101 591 101 628 60 628
750 1288 793 1288 793 1325 750 1325
409 411 456 411 456 448 409 448
337 1347 359 1347 359 1384 337 1384
682 1223 716 1223 716 1260 682 1260
409 890 444 890 444 927 409 927
753 1221 789 1221 789 1258 753 1258
619 911 657 911 657 948 619 948
261 1194 300 1194 300 1231 261 1231
50 1223 92 1223 92 1260 50 1260
625 593 643 593 643 631 625 631
620 423 654 423 654 461 620 461
192 1037 231 1037 231 1075 192 1075
472 1281 514 1281 514 1319 472 1319
537 1257 581 1257 581 1295 537 1295
690 641 721 641 721 679 690 679
684 1081 716 1081 716 1119 684 1119
684 1289 721 1289 721 1327 684 1327
258 1390 295 1390 295 1428 258 1428
823 1300 865 1300 865 1338 823 1338
123 888 168 888 168 926 123 926
51 940 99 940 99 978 51 978
333 444 386 444 386 482 333 482
402 1338 426 1338 426 1377 402 1377
281 768 307 768 307 807 281 807
620 653 647 653 647 692 620 692
693 207 724 207 724 246 693 246
344 376 374 376 374 415 344 415
831 307 869 307 869 346 831 346
757 665 796 665 796 704 757 704
609 1222 657 1222 657 1261 609 1261
411 492 444 492 444 531 411 531
620 553 655 553 655 592 620 592
548 501 588 501 588 540 548 540
476 903 517 903 517 942 476 942
547 699 588 699 588 738 547 738
409 633 451 633 451 672 409 672
695 708 712 708 712 748 695 748
341 583 384 583 384 623 341 623
546 541 590 541 590 581 546 581
327 1189 376 1189 376 1229 327 1229
691 1148 721 1148 721 1188 691 1188
818 1385 857 1385 857 1425 818 1425
552 732 581 732 581 773 552 773
549 822 587 822 587 863 549 863
691 458 734 458 734 499 691 499
547 919 592 919 592 960 547 960
254 1326 303 1326 303 1367 254 1367
851 644 862 644 862 685 851 685
413 451 446 451 446 492 413 492
272 405 310 405 310 446 272 446
183 1385 227 1385 227 1426 183 1426
53 1103 101 1103 101 1144 53 1144
335 539 386 539 386 580 335 580
691 777 717 777 717 818 691 818
273 451 312 451 312 492 273 492
747 1324 790 1324 790 1365 747 1365
350 624 369 624 369 666 350 666
486 673 509 673 509 715 486 715
202 498 236 498 236 540 202 540
340 661 375 661 375 703 340 703
339 748 383 748 383 790 339 790
613 872 660 872 660 914 613 914
755 362 802 362 802 404 755 404
52 894 102 894 102 936 52 936
625 512 650 512 650 555 625 555
476 1013 510 1013 510 1056 476 1056
477 1156 514 1156 514 1199 477 1199
271 203 314 203 314 246 271 246
59 629 104 629 104 672 59 672
472 1055 517 1055 517 1098 472 1098
478 1206 509 1206 509 1249 478 1249
399 1377 437 1377 437 1420 399 1420
65 497 105 497 105 540 65 540
397 1163 442 1163 442 1206 397 1206
605 1336 651 1336 651 1379 605 1379
612 1292 645 1292 645 1335 612 1335
400 1238 441 1238 441 1281 400 1281
259 1049 307 1049 307 1092 259 1092
342 998 364 998 364 1042 342 1042
409 752 437 752 437 796 409 796
340 1108 368 1108 368 1152 340 1152
272 245 307 245 307 289 272 289
612 1177 651 1177 651 1221 612 1221
615 797 656 797 656 841 615 841
472 1322 515 1322 515 1366 472 1366
46 1330 97 1330 97 1374 46 1374
753 1180 782 1180 782 1224 753 1224
63 453 104 453 104 497 63 497
58 327 103 327 103 371 58 371
118 1190 167 1190 167 1234 118 1234
124 619 180 619 180 663 124 663
487 834 506 834 506 879 487 879
57 796 94 796 94 841 57 841
547 334 590 334 590 379 547 379
121 926 165 926 165 971 121 971
823 824 868 824 868 869 823 869
334 1071 379 1071 379 1116 334 1116
826 431 872 431 872 476 826 476
407 851 453 851 453 896 407 896
54 406 109 406 109 451 54 451
415 560 435 560 435 605 415 605
832 1230 855 1230 855 1275 832 1275
124 1226 161 1226 161 1271 124 1271
123 843 170 843 170 888 123 888
267 496 321 496 321 541 267 541
122 1327 161 1327 161 1372 122 1372
272 305 313 305 313 350 272 350
336 702 379 702 379 747 336 747
133 964 157 964 157 1010 133 1010
621 949 649 949 649 995 621 995
545 963 584 963 584 1009 545 1009
332 889 374 889 374 935 332 935
130 575 176 575 176 621 130 621
824 963 873 963 873 1009 824 1009
335 488 385 488 385 534 335 534
615 997 643 997 643 1043 615 1043
554 377 588 377 588 423 554 423
128 712 168 712 168 758 128 758
258 1282 299 1282 299 1328 258 1328
690 505 737 505 737 551 690 551
481 443 517 443 517 490 481 490
483 530 523 530 523 577 483 577
410 362 441 362 441 409 410 409
824 1055 865 1055 865 1102 824 1102
535 1208 592 1208 592 1255 535 1255
200 630 238 630 238 677 200 677
476 373 520 373 520 420 476 420
825 1011 861 1011 861 1059 825 1059
262 1144 299 1144 299 1192 262 1192
120 1139 163 1139 163 1187 120 1187
566 417 573 417 573 466 566 466
613 1380 640 1380 640 1429 613 1429
750 1126 792 1126 792 1175 750 1175
336 791 380 791 380 840 336 840
266 544 312 544 312 593 266 593
191 955 238 955 238 1004 191 1004
752 1065 797 1065 797 1114 752 1114
693 242 730 242 730 291 693 291
613 1043 652 1043 652 1092 613 1092
193 906 243 906 243 955 193 955
470 1110 522 1110 522 1159 470 1159
693 815 712 815 712 865 693 865
263 944 304 944 304 994 263 994
821 1124 865 1124 865 1174 821 1174
129 534 176 534 176 584 129 584
548 864 597 864 597 914 548 914
538 1318 578 1318 578 1369 538 1369
823 772 866 772 866 823 823 823
780 1155 798 1155 798 1206 780 1206
132 1370 151 1370 151 1421 132 1421
61 668 102 668 102 719 61 719
336 840 378 840 378 891 336 891
421 666 438 666 438 718 421 718
199 421 240 421 240 473 199 473
194 850 237 850 237 902 194 902
127 667 171 667 171 719 127 719
258 1091 305 1091 305 1144 258 1144
755 406 799 406 799 459 755 459
197 367 244 367 244 420 197 420
122 1270 163 1270 163 1324 122 1324
617 338 660 338 660 392 617 392
832 718 856 718 856 773 832 773
58 744 98 744 98 799 58 799
762 305 811 305 811 360 762 360
196 574 234 574 234 629 196 629
187 1102 228 1102 228 1157 187 1157
407 698 459 698 459 753 407 753
828 376 868 376 868 432 828 432
47 1370 101 1370 101 1426 47 1426
122 1009 162 1009 162 1065 122 1065
839 1330 846 1330 846 1387 839 1387
59 840 96 840 96 897 59 897
749 917 790 917 790 974 749 974
686 551 728 551 728 608 686 608
544 771 595 771 595 828 544 828
326 1228 372 1228 372 1286 326 1286
126 752 173 752 173 811 126 811
126 443 175 443 175 502 126 502
261 986 304 986 304 1045 261 1045
264 667 313 667 313 728 264 728
752 854 793 854 793 916 752 916
822 871 863 871 863 933 822 933
822 478 864 478 864 540 822 540
337 313 376 313 376 377 337 377
750 1000 795 1000 795 1065 750 1065
539 1014 582 1014 582 1080 539 1080
684 924 724 924 724 990 684 990
682 989 725 989 725 1057 682 1057
197 676 239 676 239 746 197 746
825 574 867 574 867 645 825 645
