135 494 159 494 159 507 135 507
582 736 604 736 604 750 582 750
208 1030 234 1030 234 1044 208 1044
132 350 158 350 158 367 132 367
913 553 933 553 933 571 913 571
580 859 607 859 607 877 580 877
548 733 564 733 564 751 548 751
419 376 440 376 440 394 419 394
288 1112 299 1112 299 1131 288 1131
841 580 863 580 863 599 841 599
491 1164 515 1164 515 1183 491 1183
579 949 608 949 608 968 579 968
780 1141 801 1141 801 1161 780 1161
351 725 373 725 373 745 351 745
353 1247 373 1247 373 1267 353 1267
212 684 234 684 234 704 212 704
638 1134 660 1134 660 1154 638 1154
493 612 515 612 515 632 493 632
908 810 938 810 938 830 908 830
587 712 599 712 599 733 587 733
701 498 721 498 721 519 701 519
560 809 574 809 574 830 560 830
630 675 652 675 652 696 630 696
581 919 608 919 608 940 581 940
215 895 227 895 227 917 215 917
489 308 504 308 504 330 489 330
552 682 564 682 564 704 552 704
557 829 572 829 572 851 557 851
769 656 791 656 791 678 769 678
697 310 732 310 732 332 697 332
759 681 800 681 800 703 759 703
499 1307 518 1307 518 1329 499 1329
547 914 575 914 575 936 547 936
478 334 516 334 516 356 478 356
201 1123 242 1123 242 1146 201 1146
841 968 860 968 860 991 841 991
696 669 728 669 728 692 696 692
555 458 588 458 588 481 555 481
271 305 304 305 304 329 271 329
546 788 579 788 579 812 546 812
202 657 240 657 240 681 202 681
758 740 803 740 803 764 758 764
564 580 586 580 586 604 564 604
908 339 936 339 936 363 908 363
833 609 874 609 874 633 833 633
281 1086 301 1086 301 1111 281 1111
573 685 605 685 605 710 573 710
490 1331 523 1331 523 1356 490 1356
134 1017 170 1017 170 1042 134 1042
353 899 373 899 373 924 353 924
352 1399 372 1399 372 1424 352 1424
701 526 725 526 725 551 701 551
837 515 869 515 869 540 837 540
207 486 242 486 242 511 207 511
274 781 309 781 309 806 274 806
707 429 724 429 724 455 707 455
545 654 571 654 571 680 545 680
908 691 943 691 943 717 908 717
483 710 520 710 520 736 483 736
772 393 802 393 802 419 772 419
548 756 578 756 578 782 548 782
637 783 653 783 653 809 637 809
563 425 582 425 582 451 563 451
419 968 439 968 439 994 419 994
914 779 935 779 935 805 914 805
909 964 951 964 951 990 909 990
626 309 669 309 669 335 626 335
550 706 564 706 564 733 550 733
423 555 443 555 443 582 423 582
136 1173 162 1173 162 1200 136 1200
768 906 800 906 800 933 768 933
488 859 527 859 527 886 488 886
759 809 810 809 810 836 759 836
209 1192 229 1192 229 1219 209 1219
704 641 725 641 725 668 704 668
550 854 578 854 578 881 550 881
487 1239 522 1239 522 1266 487 1266
778 1313 800 1313 800 1341 778 1341
271 439 301 439 301 467 271 467
203 866 238 866 238 894 203 894
777 1169 808 1169 808 1197 777 1197
624 542 657 542 657 570 624 570
273 537 309 537 309 565 273 565
341 378 378 378 378 406 341 406
267 332 310 332 310 360 267 360
579 1009 608 1009 608 1037 579 1037
272 468 304 468 304 496 272 496
482 678 521 678 521 706 482 706
772 1240 816 1240 816 1268 772 1268
910 311 933 311 933 340 910 340
577 655 605 655 605 684 577 684
908 915 940 915 940 944 908 944
130 1360 163 1360 163 1389 130 1389
355 1182 376 1182 376 1211 355 1211
624 212 657 212 657 241 624 241
203 1092 238 1092 238 1121 203 1121
761 933 805 933 805 962 761 962
145 544 159 544 159 574 145 574
132 740 161 740 161 770 132 770
577 790 610 790 610 820 577 820
629 1345 663 1345 663 1375 629 1375
413 889 448 889 448 919 413 919
484 1076 524 1076 524 1106 484 1106
422 581 439 581 439 611 422 611
483 780 522 780 522 810 483 810
903 832 942 832 942 862 903 862
343 1273 383 1273 383 1303 343 1303
623 643 664 643 664 673 623 673
210 921 226 921 226 952 210 952
202 455 236 455 236 486 202 486
767 839 805 839 805 870 767 870
270 1164 318 1164 318 1195 270 1195
289 1312 305 1312 305 1343 289 1343
418 444 436 444 436 475 418 475
491 543 510 543 510 574 491 574
847 812 869 812 869 843 847 843
627 342 662 342 662 373 627 373
555 937 567 937 567 968 555 968
496 889 510 889 510 920 496 920
919 990 933 990 933 1021 919 1021
639 1277 654 1277 654 1308 639 1308
547 887 573 887 573 918 547 918
899 367 940 367 940 398 899 398
771 358 795 358 795 390 771 390
129 1290 160 1290 160 1322 129 1322
556 546 599 546 599 578 556 578
212 553 229 553 229 585 212 585
346 216 381 216 381 248 346 248
140 968 158 968 158 1001 140 1001
844 632 862 632 862 665 844 665
763 561 798 561 798 594 763 594
342 684 379 684 379 717 342 717
553 521 595 521 595 554 553 554
637 1203 657 1203 657 1236 637 1236
773 872 796 872 796 905 773 905
838 884 872 884 872 917 838 917
274 708 310 708 310 741 274 741
204 583 242 583 242 616 204 616
345 1362 387 1362 387 1395 345 1395
338 345 383 345 383 378 338 378
776 1344 807 1344 807 1377 776 1377
481 253 517 253 517 287 481 287
277 1235 313 1235 313 1269 277 1269
762 705 801 705 801 739 762 739
763 217 805 217 805 251 763 251
403 611 454 611 454 645 403 645
216 516 230 516 230 550 216 550
211 620 240 620 240 654 211 654
133 575 169 575 169 609 133 609
277 1133 315 1133 315 1167 277 1167
126 1393 164 1393 164 1427 126 1427
132 898 171 898 171 932 132 932
562 307 579 307 579 342 562 342
352 653 370 653 370 688 352 688
633 901 673 901 673 936 633 936
692 695 735 695 735 730 692 730
215 1389 234 1389 234 1424 215 1424
632 1309 667 1309 667 1344 632 1344
138 660 174 660 174 695 138 695
408 338 447 338 447 373 408 373
833 541 874 541 874 576 833 576
201 704 247 704 247 739 201 739
624 1096 670 1096 670 1131 624 1131
412 305 446 305 446 340 412 340
132 455 168 455 168 490 132 490
903 514 941 514 941 549 903 549
204 1258 243 1258 243 1293 204 1293
627 811 662 811 662 847 627 847
628 1063 665 1063 665 1099 628 1099
839 1029 878 1029 878 1065 839 1065
901 401 949 401 949 437 901 437
344 927 379 927 379 963 344 963
906 480 943 480 943 516 906 516
486 639 524 639 524 675 486 675
344 1212 383 1212 383 1248 344 1248
621 370 662 370 662 406 621 406
763 252 806 252 806 288 763 288
198 1220 242 1220 242 1256 198 1256
622 746 667 746 667 782 622 782
347 447 364 447 364 484 347 484
706 599 728 599 728 636 706 636
132 1045 163 1045 163 1082 132 1082
556 342 590 342 590 379 556 379
553 482 588 482 588 519 553 519
768 1061 805 1061 805 1098 768 1098
201 1348 240 1348 240 1385 201 1385
342 484 386 484 386 521 342 521
352 968 380 968 380 1005 352 1005
482 571 518 571 518 608 482 608
271 497 312 497 312 534 271 534
410 475 451 475 451 512 410 512
340 570 384 570 384 607 340 607
140 929 158 929 158 966 140 966
582 879 608 879 608 916 582 916
556 381 593 381 593 418 556 418
908 652 946 652 946 689 908 689
279 1273 319 1273 319 1310 279 1310
905 874 947 874 947 911 905 911
833 440 876 440 876 477 833 477
131 860 174 860 174 897 131 897
631 937 666 937 666 975 631 975
625 410 663 410 663 448 625 448
626 607 665 607 665 645 626 645
623 702 668 702 668 740 623 740
130 510 175 510 175 548 130 548
127 1323 176 1323 176 1361 127 1361
489 1391 528 1391 528 1429 489 1429
697 456 737 456 737 494 697 494
903 580 945 580 945 618 903 618
125 308 169 308 169 346 125 346
833 478 884 478 884 516 833 516
841 843 872 843 872 882 841 882
131 1080 168 1080 168 1119 131 1119
341 306 386 306 386 345 341 345
626 1237 671 1237 671 1276 626 1276
586 751 602 751 602 790 586 790
785 1269 801 1269 801 1308 785 1308
488 358 519 358 519 397 488 397
275 741 313 741 313 780 275 780
769 1098 807 1098 807 1137 769 1137
269 362 313 362 313 401 269 401
419 511 443 511 443 550 419 550
204 988 241 988 241 1027 204 1027
129 1122 175 1122 175 1161 129 1161
767 1382 821 1382 821 1421 767 1421
286 902 307 902 307 942 286 942
583 970 608 970 608 1010 583 1010
283 1194 309 1194 309 1234 283 1234
348 246 379 246 379 286 348 286
129 771 166 771 166 811 129 811
204 944 247 944 247 984 204 984
480 213 527 213 527 253 480 253
350 407 368 407 368 447 350 447
350 1097 376 1097 376 1137 350 1137
555 604 592 604 592 644 555 644
200 824 244 824 244 865 200 865
323 217 349 217 349 258 323 258
911 1025 951 1025 951 1066 911 1066
129 614 174 614 174 655 129 655
694 556 745 556 745 597 694 597
765 469 798 469 798 510 765 510
767 770 795 770 795 812 767 812
841 1117 882 1117 882 1159 841 1159
489 1357 530 1357 530 1399 489 1399
128 370 171 370 171 412 128 412
483 736 526 736 526 778 483 778
760 425 804 425 804 467 760 467
199 363 244 363 244 405 199 405
481 447 522 447 522 489 481 489
126 411 174 411 174 453 126 453
267 402 317 402 317 444 267 444
835 349 866 349 866 392 835 392
834 715 869 715 869 758 834 758
273 862 312 862 312 905 273 905
480 401 525 401 525 444 480 444
200 1047 246 1047 246 1090 200 1090
421 401 438 401 438 444 421 444
342 525 389 525 389 568 342 568
912 609 931 609 931 652 912 652
841 1072 882 1072 882 1115 841 1115
833 396 878 396 878 439 833 439
210 735 234 735 234 779 210 779
904 437 945 437 945 481 904 481
338 806 380 806 380 850 338 850
831 986 876 986 876 1030 831 1030
406 789 459 789 459 833 406 833
697 385 738 385 738 429 697 429
621 452 665 452 665 496 621 496
287 1339 313 1339 313 1384 287 1384
129 1201 170 1201 170 1246 129 1246
628 856 673 856 673 901 628 901
839 308 862 308 862 353 839 353
840 666 865 666 865 712 840 712
770 1198 811 1198 811 1244 770 1244
623 500 668 500 668 547 623 547
834 921 881 921 881 968 834 968
200 404 240 404 240 451 200 451
626 970 667 970 667 1017 626 1017
625 1157 670 1157 670 1204 625 1204
201 1294 250 1294 250 1341 201 1341
350 849 369 849 369 896 350 896
413 991 457 991 457 1038 413 1038
409 749 458 749 458 796 409 796
341 608 385 608 385 656 341 656
763 964 807 964 807 1012 763 1012
291 553 299 553 299 602 291 602
216 1145 226 1145 226 1194 216 1194
489 1110 515 1110 515 1159 489 1159
763 1013 802 1013 802 1062 763 1062
409 921 451 921 451 970 409 970
643 570 655 570 655 619 643 619
281 946 302 946 302 995 281 995
767 309 795 309 795 359 767 359
764 511 801 511 801 561 764 561
271 655 311 655 311 705 271 705
480 920 527 920 527 970 480 970
624 1377 678 1377 678 1427 624 1427
207 775 240 775 240 825 207 825
694 333 738 333 738 384 694 384
411 699 458 699 458 750 411 750
271 604 314 604 314 655 271 655
339 752 383 752 383 803 339 803
481 1187 532 1187 532 1238 481 1238
408 648 457 648 457 700 408 700
768 595 790 595 790 647 768 647
482 1031 524 1031 524 1083 482 1083
839 758 875 758 875 811 839 811
343 998 388 998 388 1052 343 1052
342 1131 395 1131 395 1185 342 1185
342 1304 386 1304 386 1359 342 1359
855 1156 864 1156 864 1212 855 1212
628 1009 664 1009 664 1065 628 1065
480 484 531 484 531 541 480 541
906 719 943 719 943 776 906 776
501 798 510 798 510 857 501 857
413 833 452 833 452 893 413 893
482 970 525 970 525 1036 482 1036
