242 972 258 972 258 982 242 982
845 1028 863 1028 863 1041 845 1041
496 442 513 442 513 458 496 458
893 1116 924 1116 924 1132 893 1132
225 601 245 601 245 617 225 617
773 675 795 675 795 692 773 692
768 910 785 910 785 927 768 927
900 652 918 652 918 669 900 669
632 1197 651 1197 651 1214 632 1214
701 1197 720 1197 720 1214 701 1214
218 988 256 988 256 1005 218 1005
150 731 186 731 186 748 150 748
697 752 718 752 718 770 697 770
360 1345 383 1345 383 1363 360 1363
284 456 320 456 320 474 284 474
711 216 727 216 727 234 711 234
426 1040 447 1040 447 1058 426 1058
360 309 381 309 381 328 360 328
359 1134 385 1134 385 1153 359 1153
427 669 447 669 447 688 427 688
768 624 789 624 789 643 768 643
223 1259 247 1259 247 1278 223 1278
419 840 452 840 452 859 419 859
702 1335 720 1335 720 1354 702 1354
362 711 381 711 381 730 362 730
567 709 586 709 586 728 567 728
631 672 651 672 651 692 631 692
221 761 252 761 252 781 221 781
690 838 725 838 725 858 690 858
772 342 785 342 785 362 772 362
566 1131 586 1131 586 1151 566 1151
763 1088 794 1088 794 1109 763 1109
355 932 385 932 385 953 355 953
353 1364 390 1364 390 1385 353 1385
896 876 927 876 927 897 896 897
768 723 789 723 789 745 768 745
565 1295 588 1295 588 1317 565 1317
288 1018 322 1018 322 1040 288 1040
360 425 396 425 396 447 360 447
622 308 660 308 660 330 622 330
888 370 926 370 926 392 888 392
621 1269 664 1269 664 1291 621 1291
694 900 718 900 718 923 694 923
150 346 189 346 189 369 150 369
636 894 655 894 655 917 636 917
766 1005 787 1005 787 1028 766 1028
767 1066 789 1066 789 1089 767 1089
427 1187 449 1187 449 1210 427 1210
157 859 181 859 181 882 157 882
158 946 182 946 182 969 158 969
144 879 196 879 196 902 144 902
695 1278 720 1278 720 1302 695 1302
622 1214 660 1214 660 1238 622 1238
830 374 851 374 851 398 830 398
360 907 382 907 382 931 360 931
292 793 315 793 315 817 292 817
156 525 181 525 181 549 156 549
626 1361 658 1361 658 1385 626 1385
696 377 731 377 731 401 696 401
347 1194 395 1194 395 1218 347 1218
360 487 381 487 381 511 360 511
900 851 924 851 924 875 900 875
559 349 586 349 586 373 559 373
283 366 319 366 319 390 283 390
889 765 926 765 926 789 889 789
214 345 261 345 261 369 214 369
361 514 380 514 380 539 361 539
822 403 859 403 859 428 822 428
634 1338 651 1338 651 1363 634 1363
298 995 318 995 318 1020 298 1020
293 427 313 427 313 452 293 452
290 307 311 307 311 332 290 332
765 694 793 694 793 719 765 719
216 683 247 683 247 708 216 708
216 1282 251 1282 251 1307 216 1307
281 637 317 637 317 662 281 662
430 260 468 260 468 285 430 285
555 995 595 995 595 1020 555 1020
226 732 247 732 247 758 226 758
619 1239 666 1239 666 1265 619 1265
898 596 914 596 914 622 898 622
358 1074 376 1074 376 1100 358 1100
833 521 854 521 854 547 833 547
494 531 522 531 522 557 494 557
909 219 940 219 940 245 909 245
559 1321 593 1321 593 1347 559 1347
359 772 380 772 380 798 359 798
898 312 923 312 923 338 898 338
285 932 325 932 325 958 285 958
215 659 262 659 262 685 215 685
630 612 646 612 646 639 630 639
431 815 449 815 449 842 431 842
426 979 445 979 445 1006 426 1006
495 640 517 640 517 667 495 667
759 747 797 747 797 774 759 774
549 453 588 453 588 480 549 480
690 1067 729 1067 729 1094 690 1094
769 847 785 847 785 874 769 874
348 1283 384 1283 384 1310 348 1310
758 1109 801 1109 801 1136 758 1136
685 1355 733 1355 733 1382 685 1382
830 724 856 724 856 752 830 752
423 727 449 727 449 755 423 755
558 1154 592 1154 592 1182 558 1182
417 1124 453 1124 453 1152 417 1152
887 899 929 899 929 927 887 927
349 954 396 954 396 982 349 982
362 653 378 653 378 681 362 681
567 646 583 646 583 674 567 674
630 832 659 832 659 860 630 860
423 1214 454 1214 454 1242 423 1242
830 1045 870 1045 870 1073 830 1073
362 333 374 333 374 361 362 361
699 687 716 687 716 715 699 715
221 868 254 868 254 896 221 896
417 756 455 756 455 784 417 784
414 340 455 340 455 368 414 368
214 399 263 399 263 427 214 427
830 945 861 945 861 974 830 974
619 695 661 695 661 724 619 724
414 858 459 858 459 887 414 887
832 754 851 754 851 783 832 783
545 214 568 214 568 243 545 243
216 1045 252 1045 252 1074 216 1074
348 539 384 539 384 568 348 568
495 378 512 378 512 407 495 407
766 563 783 563 783 592 766 592
161 696 181 696 181 725 161 725
216 471 251 471 251 500 216 500
691 1247 735 1247 735 1276 691 1276
623 916 658 916 658 946 623 946
567 258 603 258 603 288 567 288
214 780 256 780 256 810 214 810
279 1040 324 1040 324 1070 279 1070
145 794 192 794 192 824 145 824
886 779 936 779 936 809 886 809
695 1303 721 1303 721 1333 695 1333
214 366 246 366 246 396 214 396
633 261 669 261 669 291 633 291
349 362 388 362 388 392 349 392
888 736 930 736 930 766 888 766
702 1136 718 1136 718 1167 702 1167
833 307 850 307 850 338 833 338
824 644 860 644 860 675 824 675
419 1063 459 1063 459 1094 419 1094
620 1055 660 1055 660 1086 620 1086
214 707 259 707 259 738 214 738
227 540 244 540 244 571 227 571
567 930 587 930 587 961 567 961
898 389 921 389 921 420 898 420
288 335 312 335 312 366 288 366
232 257 268 257 268 288 232 288
564 1067 580 1067 580 1098 564 1098
893 708 922 708 922 739 893 739
487 671 523 671 523 702 487 702
555 807 594 807 594 838 555 838
759 308 800 308 800 339 759 339
425 605 446 605 446 637 425 637
629 447 658 447 658 479 629 479
555 960 593 960 593 992 555 992
149 453 187 453 187 485 149 485
351 676 390 676 390 708 351 708
695 655 719 655 719 687 695 687
707 252 733 252 733 284 707 284
490 498 523 498 523 530 490 530
219 566 252 566 252 598 219 598
761 776 796 776 796 808 761 808
351 795 386 795 386 827 351 827
688 626 726 626 726 658 688 658
486 405 524 405 524 437 486 437
353 1222 393 1222 393 1254 353 1254
350 1099 390 1099 390 1131 350 1131
216 1186 260 1186 260 1218 216 1218
159 627 179 627 179 660 159 660
828 548 861 548 861 581 828 581
891 338 926 338 926 371 891 371
625 377 663 377 663 410 625 410
287 864 325 864 325 897 287 897
356 1310 382 1310 382 1343 356 1343
560 859 587 859 587 892 560 892
421 782 449 782 449 815 421 815
560 774 588 774 588 807 560 807
684 438 723 438 723 471 684 471
692 1164 731 1164 731 1197 692 1197
422 308 448 308 448 341 422 341
689 925 722 925 722 958 689 958
758 588 794 588 794 621 758 621
221 930 257 930 257 963 221 963
688 996 729 996 729 1029 688 1029
887 1179 934 1179 934 1212 887 1212
765 929 793 929 793 963 765 963
284 390 314 390 314 424 284 424
890 618 926 618 926 652 890 652
427 1315 443 1315 443 1349 427 1349
612 212 637 212 637 246 612 246
571 212 604 212 604 246 571 246
689 714 724 714 724 748 689 748
554 1349 595 1349 595 1383 554 1383
432 218 473 218 473 252 432 252
417 1248 459 1248 459 1282 417 1282
689 401 723 401 723 436 689 436
419 633 454 633 454 668 419 668
220 896 256 896 256 931 220 931
691 772 727 772 727 807 691 807
761 873 798 873 798 908 761 908
692 961 732 961 732 996 692 996
819 578 865 578 865 613 819 613
630 1124 657 1124 657 1159 630 1159
157 823 190 823 190 858 157 858
154 660 189 660 189 695 154 695
555 1097 593 1097 593 1132 555 1132
493 558 514 558 514 593 493 593
491 463 513 463 513 498 491 498
623 760 663 760 663 795 623 795
412 1003 455 1003 455 1038 412 1038
280 510 329 510 329 545 280 545
767 1029 788 1029 788 1065 767 1065
828 338 853 338 853 374 828 374
706 511 738 511 738 547 706 547
621 634 654 634 654 670 621 670
351 736 385 736 385 772 351 772
419 434 454 434 454 470 419 470
690 307 726 307 726 343 690 343
622 479 659 479 659 515 622 515
560 826 591 826 591 862 560 862
876 218 910 218 910 254 876 254
419 1345 457 1345 457 1381 419 1381
354 1157 394 1157 394 1193 354 1193
889 669 935 669 935 705 889 705
754 811 803 811 803 847 754 847
886 1299 935 1299 935 1335 886 1335
562 418 578 418 578 454 562 454
424 396 455 396 455 432 424 432
896 1338 933 1338 933 1374 896 1374
556 671 596 671 596 707 556 707
285 475 326 475 326 511 285 511
156 548 180 548 180 585 156 585
894 1257 925 1257 925 1294 894 1294
758 637 801 637 801 674 758 674
624 1160 667 1160 667 1197 624 1197
638 1289 654 1289 654 1326 638 1326
765 396 790 396 790 433 765 433
485 306 515 306 515 343 485 343
219 309 252 309 252 346 219 346
420 690 457 690 457 727 420 727
886 1216 931 1216 931 1253 886 1253
363 1248 382 1248 382 1286 363 1286
358 388 377 388 377 426 358 426
295 957 317 957 317 995 295 995
157 486 181 486 181 524 157 524
691 472 725 472 725 510 691 510
556 1183 594 1183 594 1221 556 1221
688 1216 731 1216 731 1254 688 1254
363 827 379 827 379 865 363 865
562 1216 586 1216 586 1254 562 1254
562 309 587 309 587 347 562 347
222 622 251 622 251 660 222 660
627 793 660 793 660 831 627 831
760 364 799 364 799 402 760 402
559 732 598 732 598 770 559 770
621 861 668 861 668 899 621 899
701 859 717 859 717 897 701 897
425 1093 443 1093 443 1131 425 1131
695 798 719 798 719 836 695 836
629 1298 657 1298 657 1336 629 1336
638 215 669 215 669 253 638 253
555 475 598 475 598 513 555 513
422 361 448 361 448 400 422 400
828 610 859 610 859 649 828 649
215 1007 255 1007 255 1046 215 1046
415 519 463 519 463 558 415 558
632 720 657 720 657 759 632 759
236 212 265 212 265 251 236 251
678 211 709 211 709 250 678 250
762 963 793 963 793 1002 762 1002
905 250 940 250 940 289 905 289
220 826 257 826 257 866 220 866
827 905 864 905 864 945 827 945
285 897 324 897 324 937 285 937
348 447 385 447 385 487 348 487
558 518 598 518 598 558 558 558
282 549 323 549 323 589 282 589
556 1254 604 1254 604 1294 556 1294
759 524 792 524 792 565 759 565
154 750 194 750 194 791 154 791
887 510 929 510 929 551 887 551
693 1022 736 1022 736 1063 693 1063
404 214 437 214 437 255 404 255
287 712 325 712 325 753 287 753
889 463 932 463 932 504 889 504
417 1278 458 1278 458 1319 417 1319
688 582 731 582 731 623 688 623
622 518 665 518 665 559 622 559
215 425 260 425 260 466 215 466
157 410 184 410 184 452 157 452
153 584 184 584 184 626 153 626
623 1085 664 1085 664 1127 623 1127
418 472 463 472 463 514 418 514
291 751 312 751 312 793 291 793
898 811 927 811 927 853 898 853
157 370 187 370 187 412 157 412
628 407 659 407 659 449 628 449
423 1143 458 1143 458 1185 423 1185
898 421 916 421 916 464 898 464
701 337 719 337 719 380 701 380
217 1310 248 1310 248 1353 217 1353
215 1216 256 1216 256 1259 215 1259
823 431 866 431 866 474 823 474
754 435 797 435 797 478 754 478
214 501 263 501 263 544 214 544
553 373 591 373 591 416 553 416
563 890 582 890 582 934 563 934
353 617 392 617 392 661 353 661
285 820 325 820 325 864 285 864
155 973 185 973 185 1017 155 1017
482 337 524 337 524 381 482 381
621 565 659 565 659 610 621 610
827 862 862 862 862 907 827 907
755 480 791 480 791 525 755 525
557 608 594 608 594 653 557 653
825 474 867 474 867 519 825 519
504 592 514 592 514 638 504 638
894 1135 929 1135 929 1181 894 1181
164 896 177 896 177 943 164 943
631 330 660 330 660 377 631 377
419 933 462 933 462 980 419 980
558 565 598 565 598 612 558 612
692 1088 728 1088 728 1136 692 1136
351 1024 386 1024 386 1073 351 1073
824 672 861 672 861 721 824 721
348 569 396 569 396 618 348 618
418 888 460 888 460 938 418 938
286 584 333 584 333 634 286 634
550 1021 592 1021 592 1072 550 1072
351 981 397 981 397 1032 351 1032
842 785 851 785 851 837 842 837
890 1065 928 1065 928 1117 890 1117
212 1130 260 1130 260 1182 212 1182
894 964 932 964 932 1017 894 1017
889 548 931 548 931 602 889 602
280 665 324 665 324 719 280 719
416 554 458 554 458 608 416 608
622 999 659 999 659 1054 622 1054
623 950 661 950 661 1007 623 1007
361 847 382 847 382 907 361 907
