503 1275 527 1275 527 1287 503 1287
107 1314 131 1314 131 1327 107 1327
179 443 207 443 207 456 179 456
244 868 269 868 269 882 244 882
434 1202 462 1202 462 1216 434 1216
174 965 202 965 202 979 174 979
630 1298 657 1298 657 1312 630 1312
376 577 401 577 401 592 376 592
568 914 596 914 596 930 568 930
178 1084 190 1084 190 1100 178 1100
575 453 604 453 604 470 575 470
372 647 405 647 405 664 372 664
379 630 396 630 396 647 379 647
775 590 796 590 796 607 775 607
434 1147 463 1147 463 1164 434 1164
773 994 791 994 791 1012 773 1012
251 333 271 333 271 351 251 351
568 679 612 679 612 697 568 697
242 1130 258 1130 258 1148 242 1148
231 1304 268 1304 268 1322 231 1322
312 735 332 735 332 754 312 754
376 362 404 362 404 381 376 381
309 357 339 357 339 376 309 376
773 1288 793 1288 793 1307 773 1307
636 707 667 707 667 726 636 726
562 1340 593 1340 593 1359 562 1359
496 1222 533 1222 533 1241 496 1241
236 1341 274 1341 274 1360 236 1360
186 300 204 300 204 320 186 320
711 512 731 512 731 532 711 532
308 1067 330 1067 330 1087 308 1087
636 634 670 634 670 654 636 654
434 1343 474 1343 474 1363 434 1363
233 998 274 998 274 1018 233 1018
310 1339 326 1339 326 1359 310 1359
444 760 464 760 464 780 444 780
766 610 800 610 800 630 766 630
569 1117 597 1117 597 1137 569 1137
576 374 610 374 610 394 576 394
511 389 548 389 548 409 511 409
710 688 729 688 729 709 710 709
639 447 673 447 673 468 639 468
233 1057 273 1057 273 1078 233 1078
645 755 663 755 663 776 645 776
435 1070 466 1070 466 1091 435 1091
109 621 143 621 143 642 109 642
573 1097 590 1097 590 1119 573 1119
580 658 601 658 601 680 580 680
635 874 668 874 668 896 635 896
304 617 339 617 339 639 304 639
249 389 280 389 280 411 249 411
244 629 274 629 274 651 244 651
236 1082 271 1082 271 1104 236 1104
635 808 671 808 671 830 635 830
111 795 138 795 138 818 111 818
426 1280 465 1280 465 1303 426 1303
102 820 153 820 153 843 102 843
253 451 268 451 268 474 253 474
632 945 669 945 669 968 632 968
767 308 806 308 806 331 767 331
635 684 681 684 681 707 635 707
310 1013 325 1013 325 1036 310 1036
309 1092 329 1092 329 1115 309 1115
631 1247 657 1247 657 1270 631 1270
242 842 273 842 273 865 242 865
430 1252 462 1252 462 1275 430 1275
101 1294 138 1294 138 1317 101 1317
172 819 210 819 210 842 172 842
242 1178 260 1178 260 1202 242 1202
377 732 396 732 396 756 377 756
634 1082 657 1082 657 1106 634 1106
181 322 210 322 210 346 181 346
566 968 599 968 599 992 566 992
435 819 469 819 469 843 435 843
433 1325 461 1325 461 1349 433 1349
371 489 405 489 405 513 371 513
563 1141 599 1141 599 1165 563 1165
759 1298 797 1298 797 1322 759 1322
631 998 676 998 676 1022 631 1022
711 457 726 457 726 482 711 482
510 1119 526 1119 526 1144 510 1144
702 707 729 707 729 732 702 732
115 530 152 530 152 555 115 555
231 1150 268 1150 268 1175 231 1175
760 403 808 403 808 428 760 428
180 650 202 650 202 675 180 675
436 1299 453 1299 453 1324 436 1324
188 380 207 380 207 405 188 405
436 973 459 973 459 998 436 998
498 1058 534 1058 534 1083 498 1083
568 427 620 427 620 452 568 452
115 1130 129 1130 129 1156 115 1156
110 1046 132 1046 132 1072 110 1072
245 560 270 560 270 586 245 586
770 664 801 664 801 690 770 690
624 1270 657 1270 657 1296 624 1296
631 534 684 534 684 560 631 560
503 1147 533 1147 533 1174 503 1174
630 777 671 777 671 804 630 804
116 829 135 829 135 856 116 856
236 1202 262 1202 262 1229 236 1229
308 1208 323 1208 323 1236 308 1236
431 1119 470 1119 470 1147 431 1147
306 297 348 297 348 325 306 325
367 795 409 795 409 823 367 823
102 1018 144 1018 144 1046 102 1046
446 944 463 944 463 972 446 972
310 675 329 675 329 703 310 703
117 549 140 549 140 577 117 577
503 879 534 879 534 907 503 907
627 1056 670 1056 670 1084 627 1084
707 302 750 302 750 330 707 330
183 1055 195 1055 195 1083 183 1083
380 330 400 330 400 358 380 358
301 1236 329 1236 329 1264 301 1264
315 876 329 876 329 905 315 905
771 1230 785 1230 785 1259 771 1259
313 328 331 328 331 357 313 357
120 297 135 297 135 326 120 326
642 726 661 726 661 755 642 755
107 1155 132 1155 132 1184 107 1184
245 355 274 355 274 384 245 384
571 843 602 843 602 872 571 872
563 1024 600 1024 600 1053 563 1053
567 506 606 506 606 535 567 535
384 545 397 545 397 574 384 574
121 765 136 765 136 794 121 794
432 1219 462 1219 462 1248 432 1248
438 633 473 633 473 662 438 662
495 1289 531 1289 531 1318 495 1318
304 789 342 789 342 818 304 818
430 1039 472 1039 472 1068 430 1068
232 1320 274 1320 274 1349 232 1349
184 898 195 898 195 928 184 928
240 1098 256 1098 256 1128 240 1128
377 702 397 702 397 732 377 732
113 643 141 643 141 673 113 673
234 1274 262 1274 262 1304 234 1304
245 812 274 812 274 842 245 842
246 298 276 298 276 328 246 328
174 1100 205 1100 205 1130 174 1130
168 1297 204 1297 204 1327 168 1327
632 1220 653 1220 653 1250 632 1250
167 1233 193 1233 193 1263 167 1263
113 430 146 430 146 460 113 460
308 453 341 453 341 483 308 483
112 1072 129 1072 129 1103 112 1103
720 330 738 330 738 361 720 361
375 416 403 416 403 447 375 447
504 758 533 758 533 789 504 789
703 481 733 481 733 512 703 512
110 454 145 454 145 485 110 485
431 843 467 843 467 874 431 874
762 771 800 771 800 802 762 802
693 733 735 733 735 764 693 764
303 585 346 585 346 616 303 616
167 1264 191 1264 191 1295 167 1295
504 994 531 994 531 1025 504 1025
628 1192 658 1192 658 1223 628 1223
702 592 740 592 740 623 702 623
172 1195 198 1195 198 1226 172 1226
175 929 201 929 201 960 175 960
506 535 537 535 537 566 506 566
641 414 677 414 677 445 641 445
570 774 607 774 607 805 570 805
102 1188 145 1188 145 1219 102 1219
445 1089 461 1089 461 1121 445 1121
244 473 274 473 274 505 244 505
502 1242 532 1242 532 1274 502 1274
703 562 740 562 740 594 703 594
766 1020 804 1020 804 1052 766 1052
298 989 337 989 337 1021 298 1021
296 1177 337 1177 337 1209 296 1209
448 871 461 871 461 903 448 903
107 1324 133 1324 133 1356 107 1356
763 959 793 959 793 991 763 991
307 549 338 549 338 581 307 581
767 524 801 524 801 556 767 556
301 1035 335 1035 335 1067 301 1067
111 368 148 368 148 400 111 400
568 740 608 740 608 772 568 772
185 514 205 514 205 546 185 546
168 1160 199 1160 199 1192 168 1192
43 388 82 388 82 420 43 420
366 760 407 760 407 792 366 792
100 1265 141 1265 141 1297 100 1297
111 858 137 858 137 891 111 891
306 902 334 902 334 935 306 935
769 374 800 374 800 407 769 407
767 1089 798 1089 798 1122 767 1122
100 1104 141 1104 141 1137 100 1137
303 486 350 486 350 519 303 519
116 397 138 397 138 430 116 430
501 1084 533 1084 533 1117 501 1117
703 534 737 534 737 567 703 567
762 1254 793 1254 793 1288 762 1288
507 685 543 685 543 719 507 719
502 1029 538 1029 538 1063 502 1063
234 966 274 966 274 1000 234 1000
178 349 223 349 223 383 178 383
186 546 201 546 201 580 186 580
170 1326 194 1326 194 1360 170 1360
53 424 79 424 79 458 53 458
770 730 798 730 798 764 770 764
567 990 600 990 600 1024 567 1024
303 374 343 374 343 408 303 408
188 405 204 405 204 439 188 439
177 752 204 752 204 786 177 786
641 504 670 504 670 538 641 538
178 718 212 718 212 752 178 752
764 925 799 925 799 959 764 959
300 641 343 641 343 675 300 675
634 377 684 377 684 411 634 411
308 1115 321 1115 321 1150 308 1150
382 664 399 664 399 699 382 699
648 339 667 339 667 374 648 374
580 396 605 396 605 431 580 431
443 560 472 560 472 595 443 595
302 699 334 699 334 734 302 734
307 757 340 757 340 792 307 792
178 489 213 489 213 524 178 524
767 1324 792 1324 792 1359 767 1359
175 863 207 863 207 898 175 898
107 979 141 979 141 1014 107 1014
575 338 610 338 610 373 575 373
237 1020 273 1020 273 1055 237 1055
434 785 477 785 477 820 434 820
251 411 266 411 266 447 251 447
768 553 800 553 800 589 768 589
439 450 473 450 473 486 439 486
498 1181 534 1181 534 1217 498 1217
504 471 543 471 543 507 504 507
305 214 345 214 345 250 305 250
240 741 282 741 282 777 240 777
777 628 793 628 793 664 777 664
645 468 670 468 670 504 645 504
575 622 605 622 605 658 575 658
178 457 217 457 217 493 178 493
372 451 412 451 412 487 372 487
444 1165 456 1165 456 1201 444 1201
586 468 603 468 603 504 586 504
764 1162 793 1162 793 1198 764 1198
309 514 346 514 346 550 309 550
638 594 675 594 675 630 638 630
370 593 409 593 409 629 370 629
172 1021 212 1021 212 1057 172 1057
757 1195 806 1195 806 1232 757 1232
441 337 474 337 474 374 441 374
634 557 679 557 679 594 634 594
444 723 465 723 465 760 444 760
639 1017 664 1017 664 1054 639 1054
172 614 208 614 208 651 172 651
564 932 603 932 603 969 564 969
448 411 465 411 465 449 448 449
448 374 467 374 467 412 448 412
373 382 408 382 408 420 373 420
297 1268 334 1268 334 1306 297 1306
181 1120 188 1120 188 1158 181 1158
178 784 206 784 206 822 178 822
117 327 146 327 146 365 117 365
647 649 663 649 663 688 647 688
625 1316 657 1316 657 1355 625 1355
712 619 727 619 727 658 712 658
302 843 340 843 340 882 302 882
248 881 262 881 262 920 248 920
636 1107 654 1107 654 1146 636 1146
771 690 795 690 795 729 771 729
775 333 801 333 801 372 775 372
440 483 478 483 478 522 440 522
440 598 479 598 479 637 440 637
52 343 88 343 88 383 52 383
440 1000 460 1000 460 1040 440 1040
114 894 134 894 134 934 114 934
238 1230 261 1230 261 1270 238 1270
239 771 280 771 280 811 239 811
249 701 271 701 271 741 249 741
435 905 469 905 469 945 435 945
300 1140 340 1140 340 1180 300 1180
306 817 347 817 347 857 306 857
174 834 216 834 216 874 174 874
580 802 594 802 594 843 580 843
439 523 480 523 480 564 439 564
643 964 660 964 660 1005 643 1005
762 884 802 884 802 925 762 925
305 410 347 410 347 451 305 451
773 1049 790 1049 790 1091 773 1091
713 644 734 644 734 686 713 686
115 723 139 723 139 765 115 765
244 589 278 589 278 631 244 631
494 1315 529 1315 529 1357 494 1357
369 511 410 511 410 553 369 553
171 676 213 676 213 718 171 718
116 579 142 579 142 621 116 621
239 925 271 925 271 967 239 967
703 414 745 414 745 456 703 456
503 718 539 718 539 760 503 760
297 1303 338 1303 338 1345 297 1345
565 1054 599 1054 599 1097 565 1097
768 432 810 432 810 475 768 475
120 487 140 487 140 530 120 530
577 867 593 867 593 910 577 910
507 424 546 424 546 468 507 468
167 979 208 979 208 1023 167 1023
633 896 664 896 664 940 633 940
645 829 664 829 664 874 645 874
766 478 802 478 802 523 766 523
768 1114 783 1114 783 1159 768 1159
502 620 540 620 540 665 502 665
500 908 532 908 532 953 500 953
764 793 804 793 804 838 764 838
585 688 593 688 593 734 585 734
498 952 537 952 537 998 498 998
571 532 611 532 611 578 571 578
107 934 149 934 149 980 107 980
97 1218 132 1218 132 1264 97 1264
561 1225 600 1225 600 1271 561 1271
633 1147 656 1147 656 1193 633 1193
39 294 86 294 86 340 39 340
242 651 281 651 281 698 242 698
187 566 195 566 195 613 187 613
569 581 611 581 611 629 569 629
505 566 542 566 542 615 505 615
308 936 341 936 341 986 308 986
55 463 73 463 73 513 55 513
501 338 544 338 544 389 501 389
122 664 147 664 147 718 122 718
762 833 797 833 797 887 762 887
703 362 739 362 739 417 703 417
436 665 475 665 475 722 436 722
560 1168 599 1168 599 1225 560 1225
