791 1228 810 1228 810 1242 791 1242
128 482 144 482 144 497 128 497
463 668 489 668 489 684 463 684
464 405 486 405 486 422 464 422
667 341 688 341 688 359 667 359
53 862 80 862 80 880 53 880
192 1309 205 1309 205 1327 192 1327
596 906 616 906 616 924 596 924
190 1035 211 1035 211 1053 190 1053
596 652 619 652 619 670 596 670
791 732 813 732 813 750 791 750
328 635 348 635 348 654 328 654
726 1119 746 1119 746 1138 726 1138
323 1331 344 1331 344 1350 323 1350
661 396 694 396 694 415 661 415
324 938 345 938 345 957 324 957
791 1280 814 1280 814 1299 791 1299
190 757 213 757 213 776 190 776
124 786 147 786 147 805 124 805
732 651 753 651 753 671 732 671
53 672 84 672 84 692 53 692
661 804 681 804 681 824 661 824
393 709 419 709 419 729 393 729
254 449 282 449 282 469 254 469
123 1342 144 1342 144 1362 123 1362
531 1096 553 1096 553 1116 531 1116
652 927 688 927 688 947 652 947
455 765 504 765 504 785 455 785
527 822 550 822 550 843 527 843
797 1348 812 1348 812 1369 797 1369
791 972 816 972 816 993 791 993
725 381 758 381 758 402 725 402
455 946 490 946 490 967 455 967
654 829 690 829 690 850 654 850
715 1225 763 1225 763 1246 715 1246
457 685 493 685 493 707 457 707
786 1302 824 1302 824 1324 786 1324
188 648 221 648 221 670 188 670
720 1176 756 1176 756 1198 720 1198
724 1199 749 1199 749 1222 724 1222
724 1358 755 1358 755 1381 724 1381
523 880 550 880 550 903 523 903
531 374 552 374 552 397 531 397
668 474 690 474 690 497 668 497
457 431 485 431 485 454 457 454
327 1088 349 1088 349 1112 327 1112
457 708 491 708 491 732 457 732
720 763 760 763 760 787 720 787
193 1205 208 1205 208 1229 193 1229
183 1287 217 1287 217 1311 183 1311
464 555 478 555 478 580 464 580
461 612 481 612 481 637 461 637
526 1149 554 1149 554 1174 526 1174
721 996 754 996 754 1021 721 1021
663 1007 678 1007 678 1033 663 1033
664 750 681 750 681 776 664 776
795 1323 819 1323 819 1349 795 1349
250 470 286 470 286 496 250 496
47 970 84 970 84 996 47 996
456 812 495 812 495 838 456 838
195 1110 210 1110 210 1136 195 1136
530 904 546 904 546 930 530 930
327 731 348 731 348 757 327 757
788 829 817 829 817 855 788 855
795 1172 808 1172 808 1199 795 1199
597 676 617 676 617 703 597 703
787 1198 821 1198 821 1225 787 1225
183 1061 220 1061 220 1088 183 1088
600 591 615 591 615 618 600 618
192 977 209 977 209 1004 192 1004
731 1376 755 1376 755 1403 731 1403
522 967 556 967 556 994 522 994
195 541 208 541 208 569 195 569
56 1198 71 1198 71 1226 56 1226
330 575 344 575 344 603 330 603
59 459 74 459 74 487 59 487
794 756 814 756 814 784 794 784
187 1329 210 1329 210 1357 187 1357
190 1082 215 1082 215 1110 190 1110
588 994 627 994 627 1022 588 1022
50 726 89 726 89 754 50 754
722 830 761 830 761 858 722 858
727 402 767 402 767 430 727 430
45 1307 86 1307 86 1335 45 1335
654 944 700 944 700 972 654 972
123 1278 136 1278 136 1306 123 1306
464 1196 483 1196 483 1224 464 1224
317 1105 349 1105 349 1133 317 1133
659 530 695 530 695 558 659 558
125 954 162 954 162 982 125 982
789 497 826 497 826 525 789 525
127 889 143 889 143 918 127 918
728 1056 744 1056 744 1085 728 1085
654 1033 689 1033 689 1062 654 1062
453 456 490 456 490 485 453 485
534 1032 547 1032 547 1061 534 1061
125 417 141 417 141 446 125 446
329 875 346 875 346 904 329 904
195 842 212 842 212 871 195 871
594 1055 618 1055 618 1084 594 1084
460 375 486 375 486 404 460 404
592 620 623 620 623 649 592 649
322 601 354 601 354 630 322 630
724 707 763 707 763 736 724 736
122 1211 142 1211 142 1241 122 1241
116 918 149 918 149 948 116 948
518 1252 553 1252 553 1282 518 1282
48 1225 84 1225 84 1255 48 1255
312 1133 355 1133 355 1163 312 1163
60 795 76 795 76 825 60 825
796 670 812 670 812 700 796 700
661 364 685 364 685 394 661 394
665 441 693 441 693 471 665 471
124 540 152 540 152 570 124 570
791 1369 821 1369 821 1399 791 1399
790 698 822 698 822 728 790 728
55 1048 88 1048 88 1078 55 1078
519 1120 558 1120 558 1150 519 1150
521 344 564 344 564 374 521 374
658 409 701 409 701 439 658 439
59 604 74 604 74 634 59 634
595 845 613 845 613 875 595 875
457 580 487 580 487 610 457 610
591 424 625 424 625 454 591 454
519 848 553 848 553 878 519 878
794 858 831 858 831 888 794 888
50 888 90 888 90 918 50 918
723 732 764 732 764 762 723 762
454 1069 484 1069 484 1100 454 1100
115 1369 151 1369 151 1400 115 1400
187 344 228 344 228 375 187 375
722 1143 745 1143 745 1174 722 1174
54 488 81 488 81 519 54 519
663 497 693 497 693 528 663 528
521 931 553 931 553 962 521 962
588 873 620 873 620 904 588 904
264 419 279 419 279 451 264 451
660 897 682 897 682 929 660 929
188 1137 214 1137 214 1169 188 1169
392 676 420 676 420 708 392 708
51 1368 81 1368 81 1400 51 1400
719 1083 753 1083 753 1115 719 1115
117 1084 151 1084 151 1116 117 1116
50 633 84 633 84 665 50 665
528 404 564 404 564 436 528 436
459 484 498 484 498 516 459 516
717 922 759 922 759 954 717 954
453 1221 502 1221 502 1253 453 1253
398 849 414 849 414 881 398 881
126 568 144 568 144 600 126 600
725 855 753 855 753 887 725 887
118 858 150 858 150 890 118 890
317 902 350 902 350 934 317 934
522 639 558 639 558 671 522 671
720 889 759 889 759 921 720 921
318 541 358 541 358 573 318 573
476 734 487 734 487 766 476 766
465 915 486 915 486 947 465 947
394 421 421 421 421 453 394 453
188 871 217 871 217 903 188 903
257 340 287 340 287 372 257 372
118 719 155 719 155 751 118 751
585 781 624 781 624 813 585 813
718 1023 760 1023 760 1055 718 1055
113 687 158 687 158 719 113 719
478 998 488 998 488 1031 478 1031
192 780 208 780 208 813 192 813
597 963 613 963 613 996 597 996
59 1334 77 1334 77 1367 59 1367
729 346 751 346 751 379 729 379
323 756 350 756 350 789 323 789
119 446 151 446 151 479 119 479
793 1246 815 1246 815 1279 793 1279
658 970 685 970 685 1003 658 1003
391 880 420 880 420 913 391 913
318 1258 351 1258 351 1291 318 1291
118 506 157 506 157 539 118 539
385 287 426 287 426 320 385 320
114 1241 155 1241 155 1274 114 1274
314 987 360 987 360 1020 314 1020
60 695 84 695 84 729 60 729
455 778 488 778 488 812 455 812
522 757 562 757 562 791 522 791
595 741 624 741 624 775 595 775
51 828 81 828 81 862 51 862
592 1082 623 1082 623 1116 592 1116
596 343 628 343 628 377 596 377
720 1288 753 1288 753 1322 720 1322
455 971 491 971 491 1005 455 1005
791 376 830 376 830 410 791 410
789 413 831 413 831 447 789 447
735 587 749 587 749 621 735 621
594 930 624 930 624 964 594 964
189 567 220 567 220 601 189 601
526 787 558 787 558 821 526 821
389 814 423 814 423 848 389 848
656 772 693 772 693 806 656 806
389 643 427 643 427 677 389 677
792 342 830 342 830 376 792 376
387 385 420 385 420 420 387 420
123 751 156 751 156 786 123 786
184 1001 217 1001 217 1036 184 1036
587 1020 622 1020 622 1055 587 1055
719 1246 751 1246 751 1281 719 1281
118 386 152 386 152 421 118 421
727 617 762 617 762 652 727 652
187 1175 222 1175 222 1210 187 1210
384 452 425 452 425 487 384 487
719 956 760 956 760 991 719 991
46 1161 89 1161 89 1196 46 1196
320 1294 344 1294 344 1329 320 1329
121 599 146 599 146 634 121 634
388 737 423 737 423 772 388 772
660 641 696 641 696 676 660 676
457 339 495 339 495 374 457 374
517 1321 555 1321 555 1356 517 1356
46 381 85 381 85 416 46 416
731 673 758 673 758 709 731 709
584 810 630 810 630 846 584 846
522 1058 558 1058 558 1094 522 1094
182 905 220 905 220 941 182 941
522 995 563 995 563 1031 522 1031
450 637 498 637 498 673 450 673
116 1303 150 1303 150 1340 116 1340
46 566 84 566 84 603 46 603
460 880 481 880 481 917 460 917
526 567 561 567 561 604 526 604
720 1320 757 1320 757 1357 720 1357
450 1099 494 1099 494 1136 450 1136
780 892 829 892 829 929 780 929
599 702 613 702 613 739 599 739
797 789 815 789 815 826 797 826
324 959 347 959 347 996 324 996
727 559 762 559 762 596 727 596
522 603 561 603 561 640 522 640
464 516 482 516 482 554 464 554
656 560 692 560 692 598 656 598
790 528 834 528 834 566 790 566
62 1077 79 1077 79 1115 62 1115
529 437 548 437 548 475 529 475
198 805 218 805 218 843 198 843
182 1358 218 1358 218 1396 182 1396
474 1138 484 1138 484 1177 474 1177
732 429 758 429 758 468 732 468
661 854 694 854 694 893 661 893
187 501 221 501 221 540 187 540
452 1033 488 1033 488 1072 452 1072
48 523 90 523 90 562 48 562
325 660 356 660 356 699 325 699
120 1171 155 1171 155 1210 120 1210
393 772 409 772 409 812 393 812
787 929 823 929 823 969 787 969
656 720 695 720 695 760 656 760
526 1174 566 1174 566 1214 526 1214
320 390 357 390 357 430 320 430
322 692 361 692 361 732 322 732
45 1260 85 1260 85 1300 45 1300
788 627 831 627 831 667 788 667
516 1282 564 1282 564 1323 516 1323
527 1213 548 1213 548 1254 527 1254
52 752 79 752 79 793 52 793
462 841 491 841 491 882 462 882
591 546 626 546 626 587 591 587
184 941 220 941 220 982 184 982
525 722 562 722 562 763 525 763
316 1216 353 1216 353 1257 316 1257
591 505 630 505 630 546 591 546
590 458 634 458 634 499 590 499
185 414 231 414 231 455 185 455
388 482 434 482 434 523 388 523
784 1131 832 1131 832 1172 784 1172
526 526 563 526 563 567 526 567
187 712 225 712 225 753 187 753
182 263 228 263 228 304 182 304
53 339 77 339 77 381 53 381
785 1088 819 1088 819 1130 785 1130
49 1114 92 1114 92 1156 49 1156
318 1354 350 1354 350 1396 318 1396
788 1042 826 1042 826 1084 788 1084
118 810 149 810 149 853 118 853
316 435 362 435 362 478 316 478
521 478 565 478 565 521 521 521
725 468 771 468 771 511 725 511
258 374 276 374 276 417 258 417
460 1156 481 1156 481 1199 460 1199
663 677 691 677 691 720 663 720
49 413 74 413 74 457 49 457
188 367 225 367 225 411 188 411
724 514 765 514 765 558 724 558
315 1019 359 1019 359 1063 315 1063
789 998 818 998 818 1042 789 1042
328 1045 345 1045 345 1089 328 1089
185 671 215 671 215 715 185 715
321 340 353 340 353 385 321 385
597 377 635 377 635 422 597 422
788 448 827 448 827 494 788 494
119 340 158 340 158 386 119 386
316 834 366 834 366 880 316 880
730 785 745 785 745 832 730 832
182 1233 222 1233 222 1280 182 1280
189 455 224 455 224 502 189 502
393 341 413 341 413 389 393 389
512 1353 557 1353 557 1401 512 1401
522 672 563 672 563 721 522 721
53 998 77 998 77 1047 53 1047
319 790 359 790 359 839 319 839
46 921 88 921 88 972 46 972
114 987 160 987 160 1039 114 1039
115 633 157 633 157 686 115 686
117 1115 151 1115 151 1170 117 1170
315 1166 353 1166 353 1221 315 1221
316 482 356 482 356 539 316 539
382 589 428 589 428 646 382 646
787 567 824 567 824 626 787 626
386 528 424 528 424 588 386 588
