910 786 943 786 943 800 910 800
899 1153 949 1153 949 1169 899 1169
145 865 163 865 163 881 145 881
154 445 174 445 174 463 154 463
622 616 681 616 681 634 622 634
843 793 863 793 863 811 843 811
147 774 169 774 169 793 147 793
422 646 444 646 444 665 422 665
700 815 730 815 730 834 700 834
220 1184 233 1184 233 1204 220 1204
504 323 518 323 518 343 504 343
851 612 873 612 873 632 851 632
144 1084 166 1084 166 1104 144 1104
775 979 797 979 797 999 775 999
284 1031 306 1031 306 1051 284 1051
500 617 527 617 527 637 500 637
567 992 589 992 589 1012 567 1012
424 1002 446 1002 446 1022 424 1022
575 354 598 354 598 374 575 374
283 1312 306 1312 306 1332 283 1332
561 1101 593 1101 593 1121 561 1121
921 401 962 401 962 421 921 421
717 292 739 292 739 313 717 313
215 561 237 561 237 582 215 582
914 1029 938 1029 938 1050 914 1050
700 1072 725 1072 725 1093 700 1093
637 1228 651 1228 651 1249 637 1249
285 652 307 652 307 673 285 673
213 1026 236 1026 236 1047 213 1047
140 502 173 502 173 523 140 523
706 622 743 622 743 643 706 643
641 518 657 518 657 540 641 540
501 556 524 556 524 578 501 578
907 1220 938 1220 938 1242 907 1242
501 682 520 682 520 704 501 704
641 290 663 290 663 312 641 312
571 575 594 575 594 597 571 597
567 637 591 637 591 659 567 659
774 799 798 799 798 821 774 821
636 1124 660 1124 660 1146 636 1146
767 1214 799 1214 799 1236 767 1236
767 862 807 862 807 884 767 884
208 653 250 653 250 675 208 675
710 794 728 794 728 816 710 816
426 1291 448 1291 448 1313 426 1313
850 360 874 360 874 382 850 382
707 1193 727 1193 727 1216 707 1216
787 293 817 293 817 316 787 316
774 623 806 623 806 646 774 646
625 961 671 961 671 984 625 984
211 962 228 962 228 985 211 985
139 1293 165 1293 165 1316 139 1316
694 1134 734 1134 734 1157 694 1157
132 880 174 880 174 903 132 903
568 733 587 733 587 757 568 757
492 747 514 747 514 771 492 771
780 672 806 672 806 696 780 696
136 1102 176 1102 176 1126 136 1126
833 1173 878 1173 878 1197 833 1197
639 1293 659 1293 659 1317 639 1317
775 1342 791 1342 791 1366 775 1366
855 1289 881 1289 881 1313 855 1313
638 804 669 804 669 828 638 828
578 486 610 486 610 511 578 511
282 322 322 322 322 347 282 347
704 1009 721 1009 721 1034 704 1034
635 888 664 888 664 913 635 913
775 435 811 435 811 460 775 460
784 956 815 956 815 982 784 982
703 728 739 728 739 754 703 754
135 946 174 946 174 972 135 972
902 1242 943 1242 943 1268 902 1268
145 1160 169 1160 169 1186 145 1186
783 483 817 483 817 509 783 509
556 710 596 710 596 736 556 736
917 1194 937 1194 937 1220 917 1220
851 462 882 462 882 488 851 488
792 364 824 364 824 390 792 390
716 558 748 558 748 584 716 584
849 775 884 775 884 801 849 801
850 1114 886 1114 886 1140 850 1140
698 1355 735 1355 735 1381 698 1381
205 1082 245 1082 245 1108 205 1108
624 1346 664 1346 664 1372 624 1372
630 1205 673 1205 673 1231 630 1231
207 1374 252 1374 252 1400 207 1400
365 374 381 374 381 401 365 401
570 1074 586 1074 586 1101 570 1101
850 701 881 701 881 728 850 728
489 866 521 866 521 893 489 893
219 582 252 582 252 609 219 609
914 371 961 371 961 398 914 398
846 1380 859 1380 859 1407 846 1407
790 455 804 455 804 482 790 482
779 741 795 741 795 768 779 768
411 1027 456 1027 456 1054 411 1054
145 800 180 800 180 828 145 828
625 680 666 680 666 708 625 708
700 866 738 866 738 894 700 894
910 754 952 754 952 782 910 782
698 1374 741 1374 741 1402 698 1402
831 843 876 843 876 871 831 871
288 1122 312 1122 312 1150 288 1150
637 626 662 626 662 654 637 654
705 493 742 493 742 521 705 521
833 1356 872 1356 872 1384 833 1384
768 645 809 645 809 673 768 673
855 295 868 295 868 324 855 324
499 496 516 496 516 525 499 525
846 1197 863 1197 863 1226 846 1226
705 642 735 642 735 671 705 671
850 939 886 939 886 968 850 968
153 1265 190 1265 190 1294 153 1294
905 1052 943 1052 943 1081 905 1081
914 496 953 496 953 525 914 525
208 1054 249 1054 249 1083 208 1083
840 489 882 489 882 518 840 518
157 378 173 378 173 407 157 407
918 1166 936 1166 936 1195 918 1195
282 1053 311 1053 311 1082 282 1082
716 427 756 427 756 456 716 456
771 919 802 919 802 949 771 949
847 813 878 813 878 843 847 843
138 704 171 704 171 734 138 734
490 430 527 430 527 460 490 460
765 1003 810 1003 810 1033 765 1033
635 1317 667 1317 667 1347 635 1347
490 704 523 704 523 734 490 734
635 859 654 859 654 890 635 890
844 1138 866 1138 866 1169 844 1169
921 415 943 415 943 446 921 446
560 830 597 830 597 861 560 861
643 446 685 446 685 477 643 477
494 287 537 287 537 318 494 318
486 898 530 898 530 929 486 929
692 834 739 834 739 865 692 865
633 377 681 377 681 408 633 408
217 1343 248 1343 248 1374 217 1374
698 1218 734 1218 734 1249 698 1249
647 652 685 652 685 683 647 683
562 509 603 509 603 540 562 540
635 584 678 584 678 615 635 615
144 1015 161 1015 161 1046 144 1046
425 331 449 331 449 362 425 362
842 861 869 861 869 892 842 892
487 825 529 825 529 856 487 856
641 710 653 710 653 742 641 742
778 1179 806 1179 806 1211 778 1211
838 518 885 518 885 550 838 550
700 670 747 670 747 702 700 702
423 714 448 714 448 746 423 746
568 452 594 452 594 484 568 484
631 744 662 744 662 776 631 776
134 1320 175 1320 175 1352 134 1352
427 1225 446 1225 446 1258 427 1258
637 982 662 982 662 1015 637 1015
837 1257 866 1257 866 1290 837 1290
708 692 740 692 740 725 708 725
699 1159 737 1159 737 1192 699 1192
220 488 236 488 236 521 220 521
568 797 585 797 585 830 568 830
777 563 807 563 807 596 777 596
356 408 387 408 387 441 356 441
413 968 453 968 453 1001 413 1001
136 1190 180 1190 180 1223 136 1223
142 1124 169 1124 169 1157 142 1157
569 319 603 319 603 352 569 352
769 1151 803 1151 803 1184 769 1184
847 327 883 327 883 360 847 360
761 1232 801 1232 801 1265 761 1265
554 1119 599 1119 599 1152 554 1152
418 366 464 366 464 399 418 399
849 427 874 427 874 461 849 461
698 976 735 976 735 1010 698 1010
843 549 882 549 882 583 843 583
213 1206 255 1206 255 1240 213 1240
894 1342 942 1342 942 1376 894 1376
633 348 682 348 682 382 633 382
849 668 869 668 869 702 849 702
632 1180 661 1180 661 1214 632 1214
842 577 880 577 880 611 842 611
770 765 808 765 808 799 770 799
633 1088 671 1088 671 1122 633 1122
281 387 325 387 325 421 281 421
203 927 250 927 250 961 203 961
289 580 309 580 309 615 289 615
901 1373 937 1373 937 1408 901 1408
695 1033 739 1033 739 1068 695 1068
618 774 672 774 672 809 618 809
148 466 170 466 170 501 148 501
568 416 601 416 601 451 568 451
767 1365 801 1365 801 1400 767 1400
568 287 603 287 603 322 568 322
906 990 945 990 945 1025 906 1025
280 512 320 512 320 547 280 547
630 1147 670 1147 670 1182 630 1182
214 280 259 280 259 315 214 315
285 1333 300 1333 300 1368 285 1368
849 1003 865 1003 865 1038 849 1038
280 966 302 966 302 1001 280 1001
715 347 739 347 739 382 715 382
564 543 591 543 591 578 564 578
427 1321 460 1321 460 1356 427 1356
902 1303 936 1303 936 1338 902 1338
285 763 307 763 307 799 285 799
148 407 184 407 184 443 148 443
769 883 808 883 808 919 769 919
211 676 251 676 251 712 211 712
698 896 739 896 739 932 698 932
143 829 167 829 167 865 143 865
776 823 800 823 800 859 776 859
841 1078 869 1078 869 1114 841 1114
776 1035 807 1035 807 1071 776 1071
275 1153 312 1153 312 1189 275 1189
765 1312 804 1312 804 1348 765 1348
417 608 458 608 458 644 417 644
562 598 612 598 612 634 562 634
914 893 946 893 946 930 914 930
558 926 596 926 596 963 558 963
917 299 957 299 957 336 917 336
556 957 598 957 598 994 556 994
210 1240 253 1240 253 1277 210 1277
488 519 533 519 533 556 488 556
710 382 745 382 745 419 710 419
625 1367 663 1367 663 1404 625 1404
138 667 177 667 177 704 138 704
708 313 747 313 747 350 708 350
903 1270 946 1270 946 1307 903 1307
645 409 659 409 659 446 645 446
366 287 390 287 390 324 366 324
635 1017 660 1017 660 1054 635 1054
921 333 948 333 948 370 921 370
639 313 668 313 668 350 639 350
216 1145 245 1145 245 1182 216 1182
140 1357 171 1357 171 1394 140 1394
909 957 946 957 946 994 909 994
134 733 174 733 174 770 134 770
200 888 245 888 245 925 200 925
413 1140 464 1140 464 1177 413 1177
268 1361 319 1361 319 1398 268 1398
705 1095 723 1095 723 1133 705 1133
783 317 802 317 802 355 783 355
146 907 166 907 166 945 146 945
418 1359 454 1359 454 1397 418 1397
419 575 456 575 456 613 419 613
210 768 248 768 248 806 210 806
204 986 243 986 243 1024 204 1024
708 582 749 582 749 620 708 620
275 1273 318 1273 318 1311 275 1311
415 1253 459 1253 459 1291 415 1291
494 344 543 344 543 382 494 382
709 454 758 454 758 492 709 492
480 460 540 460 540 498 480 498
784 590 800 590 800 628 784 628
422 1057 446 1057 446 1095 422 1095
842 388 881 388 881 426 842 426
211 407 251 407 251 445 211 445
412 538 454 538 454 576 412 576
275 1240 314 1240 314 1279 275 1279
418 753 458 753 458 792 418 792
630 1052 671 1052 671 1091 630 1091
206 520 251 520 251 559 206 559
906 1114 952 1114 952 1153 906 1153
279 612 316 612 316 651 279 651
565 376 602 376 602 415 565 415
839 1039 876 1039 876 1078 839 1078
424 187 463 187 463 226 424 226
557 861 599 861 599 900 557 900
132 973 180 973 180 1012 132 1012
923 924 940 924 940 963 923 963
218 1102 238 1102 238 1141 218 1141
773 1113 798 1113 798 1152 773 1152
494 579 525 579 525 618 494 618
415 1101 454 1101 454 1140 415 1140
836 1221 879 1221 879 1260 836 1260
278 1084 326 1084 326 1123 278 1123
291 283 312 283 312 323 291 323
562 891 590 891 590 931 562 931
913 565 948 565 948 605 913 605
132 1042 173 1042 173 1082 132 1082
203 1276 252 1276 252 1316 203 1316
695 1314 739 1314 739 1355 695 1355
420 669 466 669 466 710 420 710
219 612 241 612 241 653 219 653
276 989 317 989 317 1030 276 1030
771 699 814 699 814 740 771 740
637 831 654 831 654 872 637 872
641 539 663 539 663 580 641 580
707 512 735 512 735 553 707 553
277 847 316 847 316 888 277 888
135 625 176 625 176 666 135 666
839 633 882 633 882 674 839 674
693 935 740 935 740 976 693 976
490 637 526 637 526 679 490 679
490 778 529 778 529 820 490 820
910 604 953 604 953 646 910 646
631 473 676 473 676 515 631 515
210 1306 257 1306 257 1348 210 1348
916 1080 932 1080 932 1123 916 1123
415 928 450 928 450 971 415 971
915 451 960 451 960 494 915 494
491 382 536 382 536 425 491 425
205 806 256 806 256 849 205 849
277 925 312 925 312 968 277 968
419 450 463 450 463 493 419 493
212 362 256 362 256 405 212 405
774 1070 793 1070 793 1114 774 1114
281 880 314 880 314 924 281 924
915 523 954 523 954 567 915 567
708 750 737 750 737 794 708 794
777 389 814 389 814 433 777 433
839 968 879 968 879 1012 839 1012
208 842 251 842 251 886 208 886
415 492 460 492 460 536 415 536
565 663 603 663 603 708 565 708
906 849 953 849 953 894 906 894
206 443 259 443 259 488 206 488
285 722 307 722 307 768 285 768
283 218 328 218 328 264 283 264
437 781 444 781 444 827 437 827
568 757 585 757 585 803 568 803
300 411 309 411 309 458 300 458
835 1312 876 1312 876 1359 835 1359
411 1178 460 1178 460 1225 411 1225
845 891 861 891 861 938 845 938
275 675 317 675 317 722 275 722
281 458 326 458 326 505 281 505
145 329 190 329 190 376 145 376
632 912 678 912 678 959 632 959
439 398 446 398 446 446 439 446
639 1248 654 1248 654 1296 639 1296
427 283 467 283 467 331 427 331
767 1262 798 1262 798 1311 767 1311
146 281 195 281 195 330 146 330
906 799 954 799 954 849 906 849
413 830 455 830 455 880 413 880
295 796 306 796 306 847 295 847
845 730 863 730 863 782 845 782
293 333 328 333 328 385 293 385
274 1190 313 1190 313 1242 274 1242
366 324 383 324 383 376 366 376
280 541 314 541 314 593 280 593
782 510 800 510 800 563 782 563
136 573 176 573 176 626 136 626
154 1209 165 1209 165 1264 154 1264
907 697 948 697 948 752 907 752
227 305 239 305 239 361 227 361
910 638 947 638 947 698 910 698
557 1013 605 1013 605 1073 557 1073
412 876 453 876 453 937 412 937
694 1247 737 1247 737 1309 694 1309
232 702 240 702 240 767 232 767
154 508 181 508 181 580 154 580
