398 680 431 680 431 689 398 689
941 953 976 953 976 964 941 964
970 851 982 851 982 863 970 863
606 605 638 605 638 619 606 619
334 506 364 506 364 520 334 520
336 1055 358 1055 358 1070 336 1070
398 942 426 942 426 957 398 957
605 1141 634 1141 634 1156 605 1156
752 352 768 352 768 368 752 368
816 646 837 646 837 662 816 662
677 1007 698 1007 698 1023 677 1023
329 1261 357 1261 357 1277 329 1277
750 639 767 639 767 656 750 656
820 1019 853 1019 853 1036 820 1036
331 885 361 885 361 902 331 902
833 1001 843 1001 843 1019 833 1019
604 851 638 851 638 869 604 869
898 933 910 933 910 952 898 952
275 400 291 400 291 419 275 419
880 671 900 671 900 690 880 690
821 981 848 981 848 1000 821 1000
201 742 236 742 236 761 201 761
197 1097 225 1097 225 1116 197 1116
541 1031 553 1031 553 1050 541 1050
397 657 430 657 430 676 397 676
680 674 699 674 699 694 680 694
612 1333 632 1333 632 1353 612 1353
882 1086 901 1086 901 1106 882 1106
536 1351 566 1351 566 1371 536 1371
526 1229 562 1229 562 1249 526 1249
270 1331 287 1331 287 1352 270 1352
212 561 230 561 230 582 212 582
270 518 303 518 303 539 270 539
533 1183 564 1183 564 1204 533 1204
608 1278 631 1278 631 1300 608 1300
265 1017 294 1017 294 1039 265 1039
469 1322 492 1322 492 1344 469 1344
203 402 232 402 232 424 203 424
408 769 426 769 426 791 408 791
268 960 289 960 289 982 268 982
207 682 232 682 232 704 207 704
326 525 373 525 373 547 326 547
335 377 364 377 364 400 335 400
675 1142 699 1142 699 1165 675 1165
828 957 844 957 844 981 828 981
278 648 296 648 296 672 278 672
207 903 226 903 226 927 207 927
883 1213 903 1213 903 1237 883 1237
944 659 971 659 971 683 944 683
875 1236 905 1236 905 1260 875 1260
538 753 573 753 573 777 538 777
259 1249 304 1249 304 1273 259 1273
476 454 499 454 499 478 476 478
472 476 499 476 499 500 472 500
750 738 767 738 767 762 750 762
259 1155 293 1155 293 1179 259 1179
403 340 438 340 438 364 403 364
324 865 369 865 369 889 324 889
609 1251 629 1251 629 1276 609 1276
400 853 433 853 433 878 400 878
341 540 357 540 357 565 341 565
274 908 292 908 292 933 274 933
605 715 636 715 636 740 605 740
463 1128 496 1128 496 1153 463 1153
332 628 366 628 366 653 332 653
607 423 644 423 644 448 607 448
340 744 359 744 359 770 340 770
610 1224 629 1224 629 1250 610 1250
542 724 563 724 563 750 542 750
668 1167 703 1167 703 1193 668 1193
528 1203 570 1203 570 1229 528 1229
390 1347 432 1347 432 1373 390 1373
467 502 512 502 512 528 467 528
406 630 428 630 428 656 406 656
203 654 232 654 232 680 203 680
265 934 296 934 296 960 265 960
464 982 495 982 495 1008 464 1008
395 1195 427 1195 427 1221 395 1221
194 1068 230 1068 230 1094 194 1094
265 372 309 372 309 398 265 398
807 772 841 772 841 798 807 798
953 484 969 484 969 511 953 511
472 769 492 769 492 796 472 796
744 834 765 834 765 861 744 861
796 949 819 949 819 976 796 976
401 1052 432 1052 432 1079 401 1079
270 618 302 618 302 645 270 645
199 1257 232 1257 232 1284 199 1284
607 1349 641 1349 641 1376 607 1376
811 378 846 378 846 405 811 405
664 1192 704 1192 704 1219 664 1219
199 1119 223 1119 223 1146 199 1146
332 719 361 719 361 746 332 746
268 492 299 492 299 519 268 519
470 427 506 427 506 454 470 454
208 831 223 831 223 859 208 859
540 1319 560 1319 560 1347 540 1347
946 684 969 684 969 712 946 712
741 764 769 764 769 792 741 792
330 951 358 951 358 979 330 979
540 937 575 937 575 965 540 965
939 1047 977 1047 977 1075 939 1075
868 1260 912 1260 912 1288 868 1288
405 910 424 910 424 938 405 938
880 1025 899 1025 899 1053 880 1053
401 1265 421 1265 421 1293 401 1293
547 395 569 395 569 423 547 423
331 435 365 435 365 463 331 463
811 309 847 309 847 337 811 337
532 910 570 910 570 938 532 938
190 1321 233 1321 233 1349 190 1349
866 1347 918 1347 918 1375 866 1375
411 794 419 794 419 823 411 823
276 1081 291 1081 291 1110 276 1110
406 995 427 995 427 1024 406 1024
676 311 712 311 712 340 676 340
398 510 438 510 438 539 398 539
670 977 711 977 711 1006 670 1006
548 571 562 571 562 600 548 600
275 420 297 420 297 449 275 449
398 825 429 825 429 854 398 854
331 804 366 804 366 833 331 833
529 1050 573 1050 573 1079 529 1079
815 581 835 581 835 610 815 610
538 1126 558 1126 558 1155 538 1155
879 823 901 823 901 852 879 852
878 1325 902 1325 902 1354 878 1354
820 884 855 884 855 913 820 913
198 927 233 927 233 956 198 956
338 833 355 833 355 863 338 863
676 948 697 948 697 978 676 978
398 1316 420 1316 420 1346 398 1346
406 365 432 365 432 395 406 395
328 1313 365 1313 365 1343 328 1343
536 811 574 811 574 841 536 841
459 1345 499 1345 499 1375 459 1375
665 1103 708 1103 708 1133 665 1133
682 608 698 608 698 638 682 638
540 1152 562 1152 562 1182 540 1182
537 844 567 844 567 874 537 874
335 563 368 563 368 593 335 593
872 854 909 854 909 884 872 884
467 922 491 922 491 953 467 953
335 1340 366 1340 366 1371 335 1371
530 1285 566 1285 566 1316 530 1316
807 838 844 838 844 869 807 869
394 879 434 879 434 910 394 910
794 918 819 918 819 949 794 949
740 605 768 605 768 636 740 636
196 1187 224 1187 224 1218 196 1218
874 398 909 398 909 429 874 429
939 970 974 970 974 1001 939 1001
624 737 634 737 634 768 624 768
747 573 763 573 763 604 747 604
881 605 898 605 898 636 881 636
397 1293 427 1293 427 1324 397 1324
198 622 238 622 238 653 198 653
536 464 579 464 579 495 536 495
276 539 291 539 291 571 276 571
948 515 982 515 982 547 948 547
530 965 570 965 570 997 530 997
739 703 781 703 781 735 739 735
343 770 356 770 356 802 343 802
465 1010 498 1010 498 1042 465 1042
740 862 773 862 773 894 740 894
201 708 236 708 236 740 201 740
940 749 976 749 976 781 940 781
873 1107 911 1107 911 1139 873 1139
537 779 577 779 577 811 537 811
531 876 571 876 571 908 531 908
321 1281 366 1281 366 1313 321 1313
737 499 773 499 773 532 737 532
266 743 304 743 304 776 266 776
869 757 907 757 907 790 869 790
676 219 716 219 716 252 676 252
806 610 846 610 846 643 806 643
273 1344 293 1344 293 1377 273 1377
340 594 361 594 361 627 340 627
678 790 701 790 701 823 678 823
200 1034 228 1034 228 1067 200 1067
871 635 908 635 908 668 871 668
398 475 436 475 436 508 398 508
400 735 438 735 438 768 400 768
329 650 371 650 371 683 329 683
470 1286 492 1286 492 1319 470 1319
337 401 365 401 365 434 337 434
605 765 638 765 638 798 605 798
742 259 777 259 777 292 742 292
266 670 305 670 305 703 266 703
681 381 705 381 705 415 681 415
398 1079 429 1079 429 1113 398 1113
873 1050 907 1050 907 1084 873 1084
469 342 506 342 506 376 469 376
201 366 239 366 239 400 201 400
202 760 242 760 242 794 202 794
802 738 846 738 846 772 802 772
868 569 914 569 914 603 868 603
868 728 916 728 916 762 868 762
262 1269 289 1269 289 1303 262 1303
206 582 240 582 240 616 206 616
602 1156 640 1156 640 1190 602 1190
670 1068 708 1068 708 1102 670 1102
262 982 305 982 305 1016 262 1016
603 1188 648 1188 648 1222 603 1222
938 1007 983 1007 983 1041 938 1041
815 803 836 803 836 838 815 838
465 946 496 946 496 981 465 981
879 1176 910 1176 910 1211 879 1211
396 959 429 959 429 994 396 994
541 597 570 597 570 632 541 632
206 795 235 795 235 830 206 830
948 404 982 404 982 439 948 439
471 581 506 581 506 616 471 616
265 334 305 334 305 369 265 369
533 684 576 684 576 719 533 719
270 703 307 703 307 738 270 738
258 1217 296 1217 296 1252 258 1252
941 625 980 625 980 660 941 660
944 588 985 588 985 623 944 623
257 1180 304 1180 304 1215 257 1215
877 693 901 693 901 729 877 729
406 396 439 396 439 432 406 432
530 1251 573 1251 573 1287 530 1287
604 387 648 387 648 423 604 423
883 308 904 308 904 344 883 344
470 618 499 618 499 654 470 654
673 822 702 822 702 858 673 858
676 341 712 341 712 377 676 377
536 426 577 426 577 462 536 462
670 637 711 637 711 673 670 673
604 1012 647 1012 647 1048 604 1048
404 1113 426 1113 426 1149 404 1149
873 1139 910 1139 910 1175 873 1175
197 1149 228 1149 228 1186 197 1186
805 667 842 667 842 704 805 704
202 998 221 998 221 1035 202 1035
470 1043 490 1043 490 1080 470 1080
812 703 845 703 845 740 812 740
943 866 979 866 979 903 943 903
463 1206 506 1206 506 1243 463 1243
269 775 301 775 301 813 269 813
205 473 240 473 240 511 205 511
812 338 848 338 848 376 812 376
604 674 642 674 642 712 604 712
868 1287 914 1287 914 1325 868 1325
807 458 854 458 854 496 807 496
735 534 783 534 783 572 735 572
798 879 815 879 815 917 798 917
202 1284 220 1284 220 1322 202 1322
825 915 847 915 847 953 825 953
195 864 238 864 238 902 195 902
204 1219 221 1219 221 1257 204 1257
739 311 779 311 779 349 739 349
535 537 573 537 573 576 535 576
331 338 373 338 373 377 331 377
410 586 424 586 424 625 410 625
872 990 912 990 912 1029 872 1029
256 1299 299 1299 299 1338 256 1338
388 1222 433 1222 433 1261 388 1261
531 993 569 993 569 1033 531 1033
538 496 580 496 580 536 538 536
671 1031 710 1031 710 1071 671 1071
269 453 309 453 309 493 269 493
330 1020 372 1020 372 1060 330 1060
459 1244 505 1244 505 1284 459 1284
874 781 902 781 902 821 874 821
808 540 846 540 846 580 808 580
263 1037 304 1037 304 1077 263 1077
400 433 442 433 442 473 400 473
939 709 981 709 981 749 939 749
740 453 783 453 783 493 740 493
414 1149 433 1149 433 1190 414 1190
401 693 434 693 434 734 401 734
673 465 716 465 716 506 673 506
798 976 815 976 815 1017 798 1017
948 906 974 906 974 947 948 947
265 821 306 821 306 862 265 862
462 884 503 884 503 925 462 925
602 454 645 454 645 495 602 495
465 682 508 682 508 723 465 723
675 253 719 253 719 294 675 294
191 956 235 956 235 997 191 997
398 1016 439 1016 439 1057 398 1057
606 1048 635 1048 635 1090 606 1090
668 906 712 906 712 948 668 948
606 348 653 348 653 390 606 390
746 368 776 368 776 410 746 410
603 870 637 870 637 912 603 912
667 860 712 860 712 902 667 902
268 1106 290 1106 290 1149 268 1149
341 464 373 464 373 507 341 507
466 839 503 839 503 882 466 882
465 799 508 799 508 842 465 842
869 470 915 470 915 513 869 513
736 661 783 661 783 704 736 704
877 348 911 348 911 391 877 391
458 722 504 722 504 766 458 766
275 573 298 573 298 617 275 617
329 681 370 681 370 725 329 725
740 406 783 406 783 450 740 450
323 978 370 978 370 1022 323 1022
809 496 852 496 852 541 809 541
325 904 374 904 374 949 325 949
479 1081 500 1081 500 1126 479 1126
751 791 758 791 758 837 751 837
680 744 701 744 701 790 680 790
398 541 439 541 439 587 398 587
532 1081 575 1081 575 1127 532 1127
673 562 713 562 713 609 673 609
670 695 718 695 718 742 670 742
692 418 713 418 713 465 692 465
272 861 295 861 295 908 272 908
876 423 902 423 902 470 876 470
200 512 240 512 240 559 200 559
602 1093 642 1093 642 1140 602 1140
534 635 570 635 570 683 534 683
327 1130 368 1130 368 1178 327 1178
618 909 625 909 625 957 618 957
606 801 637 801 637 849 606 849
941 357 980 357 980 405 941 405
604 553 642 553 642 602 604 602
328 1219 369 1219 369 1268 328 1268
674 514 720 514 720 563 674 563
469 378 509 378 509 428 469 428
870 941 912 941 912 991 870 991
540 344 582 344 582 394 540 394
604 623 640 623 640 674 604 674
871 886 909 886 909 937 871 937
813 405 846 405 846 458 813 458
870 516 909 516 909 570 870 570
201 428 241 428 241 482 201 482
470 527 505 527 505 583 470 583
607 956 633 956 633 1013 607 1013
602 496 646 496 646 554 602 554
460 1153 502 1153 502 1211 460 1211
