425 508 449 508 449 520 425 520
355 450 380 450 380 463 355 463
82 1207 99 1207 99 1221 82 1221
83 646 101 646 101 660 83 660
556 567 570 567 570 581 556 581
714 404 729 404 729 418 714 418
83 943 100 943 100 957 83 957
630 948 651 948 651 962 630 962
655 1044 668 1044 668 1059 655 1059
642 401 657 401 657 416 642 416
646 729 662 729 662 744 646 744
131 563 150 563 150 578 131 578
772 1221 787 1221 787 1236 772 1236
499 563 517 563 517 578 499 578
483 1043 515 1043 515 1058 483 1058
216 675 232 675 232 690 216 690
773 942 792 942 792 957 773 957
567 937 586 937 586 953 567 953
214 996 233 996 233 1012 214 1012
776 641 796 641 796 657 776 657
163 394 175 394 175 411 163 411
586 538 602 538 602 555 586 555
712 754 729 754 729 771 712 771
149 1068 166 1068 166 1085 149 1085
211 1282 228 1282 228 1299 211 1299
206 1122 234 1122 234 1139 206 1139
552 636 567 636 567 653 552 653
702 1118 721 1118 721 1135 702 1135
131 390 144 390 144 408 131 408
561 1328 580 1328 580 1346 561 1346
584 741 607 741 607 759 584 759
162 568 180 568 180 586 162 586
406 1284 457 1284 457 1303 406 1303
562 472 567 472 567 491 562 491
137 541 148 541 148 560 137 560
166 548 178 548 178 567 166 567
122 343 149 343 149 362 122 362
158 590 186 590 186 609 158 609
433 750 447 750 447 769 433 769
130 438 145 438 145 457 130 457
551 686 569 686 569 705 551 705
123 490 153 490 153 509 123 509
706 448 736 448 736 468 706 468
560 959 590 959 590 979 560 979
82 1154 99 1154 99 1174 82 1174
554 519 574 519 574 539 554 539
558 1143 586 1143 586 1163 558 1163
703 806 732 806 732 826 703 826
219 619 231 619 231 640 219 640
151 1170 164 1170 164 1191 151 1191
152 792 168 792 168 813 152 813
575 341 595 341 595 362 575 362
126 585 151 585 151 606 126 606
839 373 866 373 866 394 839 394
145 816 174 816 174 837 145 837
771 420 780 420 780 441 771 441
712 699 724 699 724 720 712 720
158 501 187 501 187 522 158 522
764 1322 794 1322 794 1343 764 1343
206 805 240 805 240 826 206 826
501 499 515 499 515 520 501 520
849 449 864 449 864 470 849 470
82 1031 101 1031 101 1052 82 1052
125 410 146 410 146 431 125 431
838 428 872 428 872 449 838 449
698 778 738 778 738 799 698 799
71 665 113 665 113 686 71 686
84 591 100 591 100 613 84 613
80 1223 100 1223 100 1245 80 1245
772 748 801 748 801 770 772 770
491 370 521 370 521 392 491 392
485 1097 524 1097 524 1119 485 1119
70 1301 110 1301 110 1323 70 1323
150 1007 165 1007 165 1029 150 1029
710 340 725 340 725 362 710 362
632 542 662 542 662 564 632 564
489 946 521 946 521 968 489 968
588 452 599 452 599 475 588 475
213 1225 227 1225 227 1248 213 1248
430 1293 444 1293 444 1316 430 1316
779 882 794 882 794 905 779 905
546 706 571 706 571 729 546 729
698 921 727 921 727 944 698 944
204 1170 238 1170 238 1193 204 1193
272 331 316 331 316 354 272 354
343 361 389 361 389 384 343 384
776 1299 789 1299 789 1322 776 1322
87 888 103 888 103 911 87 911
78 1280 99 1280 99 1303 78 1303
344 1358 378 1358 378 1381 344 1381
417 481 460 481 460 504 417 504
554 493 572 493 572 516 554 516
158 415 179 415 179 438 158 438
580 558 606 558 606 581 580 581
72 1349 101 1349 101 1372 72 1372
165 527 177 527 177 551 165 551
292 456 306 456 306 480 292 480
777 583 794 583 794 607 777 607
423 1257 448 1257 448 1281 423 1281
758 1345 798 1345 798 1369 758 1369
777 1160 793 1160 793 1184 777 1184
562 1262 579 1262 579 1286 562 1286
549 542 573 542 573 566 549 566
582 681 606 681 606 705 582 705
579 613 607 613 607 637 579 637
417 676 451 676 451 700 417 700
700 422 738 422 738 446 700 446
495 1392 509 1392 509 1417 495 1417
706 1058 721 1058 721 1083 706 1083
843 747 860 747 860 772 843 772
156 443 182 443 182 468 156 468
633 750 672 750 672 775 633 775
490 1175 534 1175 534 1200 490 1200
587 585 600 585 600 610 587 610
702 1244 716 1244 716 1269 702 1269
649 874 664 874 664 899 649 899
590 476 608 476 608 501 590 501
652 1018 671 1018 671 1043 652 1043
353 1051 378 1051 378 1076 353 1076
154 365 185 365 185 390 154 390
343 1263 374 1263 374 1288 343 1288
422 453 454 453 454 478 422 478
278 353 310 353 310 378 278 378
340 1332 384 1332 384 1357 340 1357
432 1232 443 1232 443 1257 432 1257
642 339 655 339 655 364 642 364
215 514 241 514 241 539 215 539
634 695 664 695 664 720 634 720
768 660 801 660 801 685 768 685
558 448 570 448 570 474 558 474
556 587 569 587 569 613 556 613
215 1361 229 1361 229 1387 215 1387
364 804 378 804 378 830 364 830
361 1113 379 1113 379 1139 361 1139
494 1116 513 1116 513 1142 494 1142
426 1316 450 1316 450 1342 426 1342
552 1166 590 1166 590 1192 552 1192
487 395 526 395 526 421 487 421
567 874 585 874 585 900 567 900
761 392 785 392 785 418 761 418
648 987 679 987 679 1013 648 1013
710 469 742 469 742 495 710 495
72 1088 104 1088 104 1114 72 1114
84 1319 96 1319 96 1346 84 1346
499 630 514 630 514 657 499 657
502 712 517 712 517 739 502 739
359 830 376 830 376 857 359 857
767 445 784 445 784 472 767 472
80 468 97 468 97 495 80 495
216 776 233 776 233 803 216 803
75 375 96 375 96 402 75 402
551 657 574 657 574 684 551 684
78 1057 106 1057 106 1084 78 1084
206 1390 235 1390 235 1417 206 1417
209 422 241 422 241 449 209 449
134 1371 170 1371 170 1398 134 1398
200 1141 238 1141 238 1168 200 1168
638 514 653 514 653 541 638 541
489 741 520 741 520 768 489 768
351 753 383 753 383 780 351 780
200 1248 234 1248 234 1275 200 1275
418 1079 453 1079 453 1106 418 1106
134 1389 172 1389 172 1416 134 1416
351 781 390 781 390 808 351 808
72 1176 102 1176 102 1203 72 1203
484 653 526 653 526 680 484 680
145 1143 164 1143 164 1171 145 1171
155 335 181 335 181 363 155 363
158 470 185 470 185 498 158 498
697 1084 725 1084 725 1112 697 1112
85 682 114 682 114 710 85 710
695 944 731 944 731 972 695 972
765 774 803 774 803 802 765 802
202 829 241 829 241 857 202 857
780 721 793 721 793 749 780 749
86 743 101 743 101 771 86 771
773 962 792 962 792 990 773 990
204 1195 237 1195 237 1223 204 1223
839 341 877 341 877 369 839 369
289 848 302 848 302 877 289 877
570 1113 583 1113 583 1142 570 1142
213 1092 230 1092 230 1121 213 1121
213 695 231 695 231 724 213 724
279 484 311 484 311 513 279 513
637 901 669 901 669 930 637 930
700 566 733 566 733 595 700 595
834 854 871 854 871 883 834 883
761 997 799 997 799 1026 761 1026
133 1120 182 1120 182 1149 133 1149
575 984 584 984 584 1013 575 1013
76 911 107 911 107 940 76 940
631 367 663 367 663 396 631 396
201 1336 241 1336 241 1365 201 1365
714 497 730 497 730 526 714 526
643 665 662 665 662 694 643 694
704 722 730 722 730 751 704 751
771 1054 798 1054 798 1083 771 1083
349 333 381 333 381 362 349 362
769 1187 802 1187 802 1216 769 1216
484 1262 522 1262 522 1291 484 1291
135 838 178 838 178 867 135 867
143 508 150 508 150 538 143 538
641 487 658 487 658 517 641 517
559 1348 581 1348 581 1378 559 1378
130 459 156 459 156 489 130 489
769 906 798 906 798 936 769 936
353 553 386 553 386 583 353 583
139 1032 173 1032 173 1062 139 1062
554 1193 589 1193 589 1223 554 1223
143 868 182 868 182 898 143 898
631 421 675 421 675 451 631 451
418 970 464 970 464 1000 418 1000
502 339 519 339 519 369 502 369
707 528 733 528 733 558 707 558
557 1292 586 1292 586 1322 557 1322
349 860 383 860 383 890 349 890
69 404 110 404 110 434 69 434
552 606 566 606 566 637 552 637
284 1080 302 1080 302 1111 284 1111
122 362 140 362 140 393 122 393
76 494 106 494 106 525 76 525
139 1192 171 1192 171 1223 139 1223
417 613 455 613 455 644 417 644
276 517 315 517 315 548 276 548
68 526 120 526 120 557 68 557
439 773 446 773 446 804 439 804
589 507 603 507 603 538 589 538
354 384 384 384 384 415 354 415
636 456 667 456 667 487 636 487
209 482 241 482 241 513 209 513
700 825 740 825 740 856 700 856
350 418 391 418 391 449 350 449
697 1269 726 1269 726 1301 697 1301
72 613 106 613 106 645 72 645
624 566 659 566 659 598 624 598
207 449 244 449 244 481 207 481
139 944 177 944 177 976 139 976
768 1236 809 1236 809 1268 768 1268
209 540 251 540 251 572 209 572
138 1227 180 1227 180 1259 138 1259
497 678 514 678 514 710 497 710
775 347 799 347 799 379 775 379
80 998 107 998 107 1030 80 1030
565 1015 592 1015 592 1047 565 1047
283 419 318 419 318 451 283 451
279 693 315 693 315 725 279 725
350 944 389 944 389 976 350 976
843 773 860 773 860 805 843 805
286 577 305 577 305 609 286 609
489 422 521 422 521 454 489 454
74 772 106 772 106 804 74 804
839 530 875 530 875 562 839 562
205 640 244 640 244 672 205 672
64 1375 105 1375 105 1407 64 1407
688 1170 734 1170 734 1202 688 1202
858 396 864 396 864 429 858 429
147 1088 166 1088 166 1121 147 1121
429 419 448 419 448 452 429 452
355 632 386 632 386 665 355 665
419 806 453 806 453 839 419 839
632 643 672 643 672 676 632 676
482 766 527 766 527 799 482 799
135 975 182 975 182 1008 135 1008
630 773 681 773 681 806 630 806
484 1289 511 1289 511 1322 484 1322
772 606 804 606 804 639 772 639
700 363 734 363 734 396 700 396
558 902 593 902 593 935 558 935
694 1138 730 1138 730 1171 694 1171
768 555 806 555 806 588 768 588
418 643 457 643 457 676 418 676
832 661 876 661 876 694 832 694
491 524 523 524 523 558 491 558
209 927 241 927 241 961 209 961
772 246 810 246 810 280 772 280
346 513 386 513 386 547 346 547
770 687 811 687 811 721 770 721
480 1006 526 1006 526 1040 480 1040
414 938 462 938 462 972 414 972
211 1016 234 1016 234 1050 211 1050
707 629 732 629 732 663 707 663
579 705 610 705 610 739 579 739
414 1342 452 1342 452 1376 414 1376
763 1264 802 1264 802 1298 763 1298
707 888 726 888 726 923 707 923
424 1159 459 1159 459 1194 424 1194
277 800 317 800 317 835 277 835
775 1017 790 1017 790 1052 775 1052
581 641 609 641 609 676 581 676
209 956 240 956 240 991 209 991
343 981 391 981 391 1016 343 1016
366 1011 373 1011 373 1047 366 1047
306 831 314 831 314 867 306 867
288 768 310 768 310 804 288 804
633 302 669 302 669 338 633 338
129 1336 167 1336 167 1372 129 1372
200 1301 240 1301 240 1337 200 1337
704 594 746 594 746 630 704 630
635 799 680 799 680 835 635 835
69 1116 117 1116 117 1152 69 1152
769 307 806 307 806 343 769 343
287 541 309 541 309 577 287 577
695 1300 729 1300 729 1336 695 1336
353 714 389 714 389 750 353 750
132 1303 172 1303 172 1339 132 1339
694 1378 723 1378 723 1415 694 1415
491 582 527 582 527 619 491 619
355 1144 382 1144 382 1181 355 1181
75 862 107 862 107 899 75 899
67 335 103 335 103 372 67 372
419 998 456 998 456 1035 419 1035
205 856 245 856 245 893 205 893
70 436 111 436 111 473 70 473
763 519 807 519 807 556 763 556
766 804 805 804 805 842 766 842
557 806 597 806 597 844 557 844
416 1377 461 1377 461 1415 416 1415
567 301 588 301 588 339 567 339
485 1057 520 1057 520 1095 485 1095
481 1351 518 1351 518 1389 481 1389
278 377 319 377 319 415 278 415
287 602 304 602 304 640 287 640
285 930 303 930 303 968 285 968
765 840 806 840 806 878 765 878
483 970 525 970 525 1008 483 1008
349 1183 393 1183 393 1221 349 1221
834 623 879 623 879 661 834 661
347 1379 377 1379 377 1418 347 1418
764 1137 795 1137 795 1176 764 1176
700 302 736 302 736 341 700 341
348 1079 386 1079 386 1118 348 1118
68 1247 116 1247 116 1286 68 1286
78 960 103 960 103 999 78 999
276 1112 312 1112 312 1151 276 1151
478 1319 521 1319 521 1358 478 1358
698 660 744 660 744 699 698 699
74 711 114 711 114 751 74 751
483 1145 528 1145 528 1185 483 1185
653 945 677 945 677 985 653 985
559 1380 585 1380 585 1420 559 1420
419 528 455 528 455 568 419 568
763 1377 803 1377 803 1417 763 1417
769 474 810 474 810 514 769 514
697 973 741 973 741 1013 697 1013
137 703 181 703 181 743 137 743
688 1335 733 1335 733 1375 688 1375
566 1050 582 1050 582 1091 566 1091
708 854 725 854 725 895 708 895
208 893 236 893 236 934 208 934
549 1225 599 1225 599 1266 549 1266
648 830 661 830 661 872 648 872
556 840 588 840 588 882 556 882
200 328 246 328 246 370 200 370
638 962 644 962 644 1004 638 1004
842 699 864 699 864 741 842 741
553 1080 596 1080 596 1122 553 1122
490 298 534 298 534 340 490 340
555 758 600 758 600 800 555 800
420 1038 454 1038 454 1080 420 1080
353 587 391 587 391 629 353 629
414 1195 455 1195 455 1237 414 1237
486 458 528 458 528 500 486 500
348 467 389 467 389 510 348 510
340 1224 382 1224 382 1267 340 1267
558 405 603 405 603 448 558 448
414 841 465 841 465 884 414 884
575 364 586 364 586 407 575 407
141 900 175 900 175 943 141 943
132 1260 172 1260 172 1303 132 1303
147 659 176 659 176 703 147 703
836 806 866 806 866 850 836 850
140 613 187 613 187 657 140 657
693 1015 735 1015 735 1059 693 1059
207 378 243 378 243 422 207 422
278 727 322 727 322 772 278 772
419 328 457 328 457 373 419 373
209 573 247 573 247 618 209 618
419 888 463 888 463 933 419 933
437 368 444 368 444 414 437 414
344 1286 384 1286 384 1332 344 1332
71 550 118 550 118 596 71 596
637 596 665 596 665 643 637 643
287 880 314 880 314 928 287 928
345 893 383 893 383 941 345 941
417 1107 457 1107 457 1155 417 1155
204 1050 245 1050 245 1099 204 1099
208 728 250 728 250 778 208 778
296 1158 304 1158 304 1209 296 1209
281 973 307 973 307 1025 281 1025
141 740 178 740 178 793 141 793
273 1025 308 1025 308 1079 273 1079
421 563 457 563 457 618 421 618
707 1194 729 1194 729 1249 707 1249
765 1085 800 1085 800 1142 765 1142
421 699 457 699 457 756 421 756
73 804 113 804 113 861 73 861
274 640 307 640 307 698 274 698
844 562 873 562 873 623 844 623
502 1197 512 1197 512 1261 502 1261
