638 610 661 610 661 622 638 622
697 932 725 932 725 944 697 944
562 1181 586 1181 586 1194 562 1194
635 482 664 482 664 495 635 495
558 1019 587 1019 587 1033 558 1033
448 430 459 430 459 444 448 444
419 733 450 733 450 747 419 747
235 1386 248 1386 248 1400 235 1400
904 1346 930 1346 930 1360 904 1360
689 1194 736 1194 736 1208 689 1208
491 761 517 761 517 776 491 776
852 781 868 781 868 796 852 796
419 1023 465 1023 465 1039 419 1039
911 655 939 655 939 671 911 671
793 920 801 920 801 937 793 937
277 1027 299 1027 299 1045 277 1045
699 797 727 797 727 815 699 815
491 533 516 533 516 551 491 551
221 1345 232 1345 232 1364 221 1364
356 743 375 743 375 762 356 762
633 662 660 662 660 681 633 681
907 1039 936 1039 936 1058 907 1058
276 1045 309 1045 309 1064 276 1064
483 552 526 552 526 571 483 571
833 427 881 427 881 446 833 446
850 836 868 836 868 856 850 856
427 929 441 929 441 949 427 949
702 1149 724 1149 724 1169 702 1169
210 722 247 722 247 742 210 742
427 570 445 570 445 590 427 590
843 856 871 856 871 876 843 876
138 1029 166 1029 166 1049 138 1049
838 1381 869 1381 869 1401 838 1401
559 712 597 712 597 732 559 732
130 1050 175 1050 175 1070 130 1070
630 684 663 684 663 705 630 705
637 1187 654 1187 654 1209 637 1209
286 1217 303 1217 303 1239 286 1239
902 921 930 921 930 943 902 943
220 1166 232 1166 232 1188 220 1188
700 1171 726 1171 726 1193 700 1193
564 496 599 496 599 518 564 518
150 411 163 411 163 433 150 433
768 1102 799 1102 799 1124 768 1124
910 470 943 470 943 492 910 492
766 1295 799 1295 799 1317 766 1317
147 599 167 599 167 622 147 622
360 686 371 686 371 709 360 709
846 915 865 915 865 938 846 938
140 747 162 747 162 770 140 770
704 681 720 681 720 705 704 705
422 1310 438 1310 438 1334 422 1334
834 1082 874 1082 874 1106 834 1106
775 964 797 964 797 988 775 988
140 847 167 847 167 871 140 871
209 783 239 783 239 807 209 807
768 868 801 868 801 892 768 892
275 600 308 600 308 624 275 624
902 897 947 897 947 921 902 921
777 1347 792 1347 792 1371 777 1371
491 1209 514 1209 514 1233 491 1233
694 1032 726 1032 726 1056 694 1056
906 1098 939 1098 939 1122 906 1122
360 474 371 474 371 499 360 499
494 851 507 851 507 876 494 876
496 504 511 504 511 529 496 529
356 409 374 409 374 434 356 434
355 381 374 381 374 406 355 406
912 946 931 946 931 971 912 971
839 557 873 557 873 582 839 582
415 495 458 495 458 520 415 520
428 1124 444 1124 444 1149 428 1149
843 1009 865 1009 865 1034 843 1034
562 792 587 792 587 817 562 817
349 572 386 572 386 597 349 597
904 1238 943 1238 943 1263 904 1263
695 1336 737 1336 737 1361 695 1361
846 1273 864 1273 864 1299 846 1299
305 330 331 330 331 356 305 356
637 540 666 540 666 566 637 566
908 339 940 339 940 365 908 365
276 829 313 829 313 855 276 855
492 1064 508 1064 508 1090 492 1090
497 330 515 330 515 356 497 356
707 540 725 540 725 566 707 566
835 371 868 371 868 397 835 397
556 682 591 682 591 708 556 708
498 1365 510 1365 510 1391 498 1391
276 769 311 769 311 795 276 795
411 870 459 870 459 896 411 896
845 1345 860 1345 860 1372 845 1372
916 409 934 409 934 436 916 436
768 1318 798 1318 798 1345 768 1345
906 869 940 869 940 896 906 896
903 1319 937 1319 937 1346 903 1346
219 974 231 974 231 1001 219 1001
844 340 866 340 866 367 844 367
349 888 379 888 379 915 349 915
350 1068 383 1068 383 1095 350 1095
767 1033 802 1033 802 1060 767 1060
904 1008 941 1008 941 1035 904 1035
693 363 732 363 732 390 693 390
209 416 249 416 249 443 209 443
482 1234 523 1234 523 1261 482 1261
143 523 166 523 166 551 143 551
498 476 524 476 524 504 498 504
766 1127 803 1127 803 1155 766 1155
698 611 737 611 737 639 698 639
224 539 236 539 236 567 224 567
360 859 374 859 374 887 360 887
916 753 934 753 934 781 916 781
305 356 331 356 331 384 305 384
211 1227 244 1227 244 1255 211 1255
631 346 664 346 664 374 631 374
134 653 173 653 173 681 134 681
420 405 459 405 459 433 420 433
568 763 583 763 583 791 568 791
638 814 663 814 663 842 638 842
904 837 936 837 936 865 904 865
840 398 877 398 877 426 840 426
274 997 312 997 312 1025 274 1025
764 894 810 894 810 922 764 922
146 624 166 624 166 653 146 653
628 1158 657 1158 657 1187 628 1187
486 877 517 877 517 906 486 906
563 560 596 560 596 589 563 589
694 816 729 816 729 845 694 845
351 1143 387 1143 387 1172 351 1172
274 660 314 660 314 689 274 689
565 733 587 733 587 762 565 762
910 531 937 531 937 560 910 560
626 1023 660 1023 660 1052 626 1052
698 471 739 471 739 500 698 500
632 409 666 409 666 439 632 439
345 795 382 795 382 825 345 825
484 779 521 779 521 809 484 809
552 1039 591 1039 591 1069 552 1069
695 441 740 441 740 471 695 471
778 1192 792 1192 792 1222 778 1222
488 725 517 725 517 755 488 755
416 1334 448 1334 448 1364 416 1364
415 1150 450 1150 450 1180 415 1180
836 751 877 751 877 781 836 781
481 956 525 956 525 986 481 986
639 707 655 707 655 737 639 737
846 485 863 485 863 515 846 515
638 1095 664 1095 664 1125 638 1125
487 694 517 694 517 724 487 724
492 357 522 357 522 387 492 387
209 1001 241 1001 241 1031 209 1031
697 332 730 332 730 362 697 362
628 843 661 843 661 873 628 873
554 984 593 984 593 1014 554 1014
290 1142 305 1142 305 1173 290 1173
356 764 372 764 372 795 356 795
636 1371 656 1371 656 1402 636 1402
770 1372 800 1372 800 1403 770 1403
208 689 247 689 247 720 208 720
210 1363 253 1363 253 1394 210 1394
778 1224 792 1224 792 1255 778 1255
354 826 376 826 376 857 354 857
770 339 810 339 810 370 770 370
146 994 161 994 161 1026 146 1026
633 1126 651 1126 651 1158 633 1158
632 625 665 625 665 657 632 657
562 462 596 462 596 494 562 494
136 682 171 682 171 714 136 714
561 902 596 902 596 934 561 934
417 897 453 897 453 929 417 929
906 721 944 721 944 753 906 753
630 877 660 877 660 909 630 909
417 1365 452 1365 452 1397 417 1397
284 796 300 796 300 828 284 828
348 711 382 711 382 743 348 743
901 1205 943 1205 943 1237 901 1237
847 938 865 938 865 971 847 971
846 975 865 975 865 1008 846 1008
774 518 796 518 796 551 774 551
276 440 313 440 313 473 276 473
137 560 180 560 180 593 137 593
284 626 300 626 300 659 284 659
419 949 449 949 449 982 419 982
904 974 939 974 939 1007 904 1007
484 1090 519 1090 519 1123 484 1123
628 1337 663 1337 663 1370 628 1370
138 915 174 915 174 948 138 948
278 1104 316 1104 316 1137 278 1137
837 1240 876 1240 876 1273 837 1273
917 436 932 436 932 470 917 470
282 689 302 689 302 723 282 723
629 950 657 950 657 984 629 984
136 715 169 715 169 749 136 749
628 741 662 741 662 775 628 775
148 771 162 771 162 805 148 805
774 448 794 448 794 482 774 482
770 1157 799 1157 799 1191 770 1191
352 500 382 500 382 534 352 534
482 1125 520 1125 520 1159 482 1159
560 1109 588 1109 588 1143 560 1143
207 654 245 654 245 688 207 688
205 936 256 936 256 970 205 970
705 845 723 845 723 880 705 880
635 375 661 375 661 410 635 410
771 482 799 482 799 517 771 517
558 1237 591 1237 591 1272 558 1272
697 505 736 505 736 540 697 540
208 502 254 502 254 537 208 537
358 534 378 534 378 569 358 569
913 493 937 493 937 528 913 528
694 1108 731 1108 731 1143 694 1143
416 328 457 328 457 363 416 363
289 473 308 473 308 509 289 509
909 1059 933 1059 933 1095 909 1095
141 434 171 434 171 470 141 470
421 525 454 525 454 561 421 561
494 572 527 572 527 608 494 608
638 984 652 984 652 1020 638 1020
697 945 726 945 726 981 697 981
561 522 597 522 597 558 561 558
703 1209 740 1209 740 1245 703 1245
558 865 597 865 597 901 558 901
350 1026 389 1026 389 1062 350 1062
701 1296 727 1296 727 1332 701 1332
840 878 874 878 874 914 840 914
769 615 803 615 803 652 769 652
280 509 316 509 316 546 280 546
845 798 869 798 869 835 845 835
632 568 671 568 671 605 632 605
549 1144 591 1144 591 1181 549 1181
416 363 463 363 463 400 416 400
776 410 795 410 795 448 776 448
425 1180 446 1180 446 1218 425 1218
773 926 797 926 797 964 773 964
351 435 377 435 377 473 351 473
486 654 520 654 520 692 486 692
484 986 518 986 518 1024 484 1024
906 1165 942 1165 942 1203 906 1203
840 447 879 447 879 485 840 485
136 328 177 328 177 366 136 366
766 740 807 740 807 778 766 778
208 1037 251 1037 251 1075 208 1075
206 807 254 807 254 845 206 845
218 1189 235 1189 235 1227 218 1227
703 758 731 758 731 796 703 796
766 371 808 371 808 409 766 409
621 1219 666 1219 666 1257 621 1257
205 1128 251 1128 251 1166 205 1166
268 1286 319 1286 319 1324 268 1324
216 567 241 567 241 605 216 605
773 829 798 829 798 867 773 867
212 379 242 379 242 417 212 417
486 389 535 389 535 427 486 427
911 1122 931 1122 931 1161 911 1161
843 1106 863 1106 863 1145 843 1145
632 1298 655 1298 655 1337 632 1337
628 775 671 775 671 814 628 814
556 1070 601 1070 601 1109 556 1109
760 1256 805 1256 805 1295 760 1295
768 1061 794 1061 794 1100 768 1100
840 704 874 704 874 743 840 743
421 446 461 446 461 485 421 485
632 440 673 440 673 479 632 479
836 582 881 582 881 621 836 621
412 830 457 830 457 869 412 869
482 1024 527 1024 527 1063 482 1063
286 855 308 855 308 895 286 895
703 571 730 571 730 611 703 611
560 378 595 378 595 418 560 418
206 1260 243 1260 243 1300 206 1300
555 1197 592 1197 592 1237 555 1237
842 622 880 622 880 662 842 662
130 954 180 954 180 994 130 994
284 1064 303 1064 303 1104 284 1104
839 1304 867 1304 867 1344 839 1344
628 910 665 910 665 950 628 950
414 1082 451 1082 451 1122 414 1122
415 983 454 983 454 1023 415 1023
908 611 940 611 940 652 908 652
552 1315 589 1315 589 1356 552 1356
413 1269 459 1269 459 1310 413 1310
846 516 859 516 859 557 846 557
212 741 247 741 247 782 212 782
410 1041 454 1041 454 1082 410 1082
699 639 740 639 740 680 699 680
146 1071 162 1071 162 1113 146 1113
624 1053 661 1053 661 1095 624 1095
206 612 244 612 244 654 206 654
484 809 527 809 527 851 484 851
853 1145 863 1145 863 1187 853 1187
851 662 866 662 866 704 851 704
912 367 939 367 939 409 912 409
211 1298 247 1298 247 1340 211 1340
416 746 453 746 453 788 416 788
272 723 316 723 316 765 272 765
640 497 668 497 668 540 640 540
901 1361 931 1361 931 1404 901 1404
130 872 171 872 171 915 130 915
415 645 449 645 449 688 415 688
486 610 525 610 525 653 486 653
553 1272 594 1272 594 1315 553 1315
417 689 462 689 462 732 417 732
776 652 796 652 796 695 776 695
568 418 594 418 594 461 568 461
768 989 806 989 806 1032 768 1032
415 789 451 789 451 833 415 833
134 367 175 367 175 411 134 411
284 1173 304 1173 304 1217 284 1217
415 596 453 596 453 640 415 640
352 976 386 976 386 1021 352 1021
348 928 387 928 387 973 348 973
278 951 302 951 302 996 278 996
207 332 240 332 240 377 207 377
488 431 526 431 526 476 488 476
211 845 254 845 254 890 211 890
552 1356 601 1356 601 1401 552 1401
910 675 942 675 942 720 910 720
563 589 600 589 600 634 563 634
559 938 590 938 590 984 559 984
271 1243 318 1243 318 1289 271 1289
569 331 586 331 586 377 569 377
566 635 593 635 593 682 566 682
831 1035 879 1035 879 1082 831 1082
343 1096 384 1096 384 1143 343 1143
481 1266 523 1266 523 1313 481 1313
564 817 595 817 595 864 564 864
347 648 388 648 388 695 347 695
693 1248 732 1248 732 1296 693 1296
203 1076 246 1076 246 1124 203 1124
694 881 727 881 727 929 694 929
772 780 809 780 809 829 772 829
274 551 316 551 316 600 274 600
695 391 736 391 736 440 695 440
483 906 524 906 524 955 483 955
910 561 941 561 941 611 910 611
348 598 381 598 381 648 348 648
482 1159 523 1159 523 1209 482 1209
693 982 737 982 737 1032 693 1032
347 330 385 330 385 381 347 381
763 694 808 694 808 745 763 745
620 1257 665 1257 665 1308 620 1308
697 706 728 706 728 757 697 757
833 1189 871 1189 871 1240 833 1240
417 1217 450 1217 450 1269 417 1269
908 783 934 783 934 837 908 837
900 1263 938 1263 938 1318 900 1318
289 895 296 895 296 951 289 951
766 551 805 551 805 612 766 612
