108 741 131 741 131 750 108 750
317 1233 333 1233 333 1242 317 1242
382 536 389 536 389 546 382 546
381 1272 399 1272 399 1283 381 1283
838 437 862 437 862 450 838 450
524 788 533 788 533 803 524 803
769 469 796 469 796 484 769 484
837 712 864 712 864 727 837 727
232 999 263 999 263 1014 232 1014
445 1023 462 1023 462 1039 445 1039
769 532 795 532 795 548 769 548
93 936 122 936 122 952 93 952
227 1174 258 1174 258 1190 227 1190
298 1174 315 1174 315 1191 298 1191
369 714 389 714 389 731 369 731
365 1045 383 1045 383 1062 365 1062
166 642 185 642 185 659 166 659
439 451 457 451 457 469 439 469
301 522 320 522 320 540 301 540
423 1337 450 1337 450 1355 423 1355
361 862 389 862 389 880 361 880
86 1276 120 1276 120 1294 86 1294
376 375 385 375 385 394 376 394
642 613 660 613 660 632 642 632
100 485 119 485 119 504 100 504
300 880 319 880 319 899 300 899
847 569 864 569 864 588 847 588
243 857 262 857 262 876 243 876
99 1190 118 1190 118 1209 99 1209
159 304 193 304 193 323 159 323
710 605 728 605 728 624 710 624
641 911 660 911 660 930 641 930
502 1060 521 1060 521 1079 502 1079
849 477 861 477 861 497 849 497
432 983 453 983 453 1003 432 1003
640 1280 661 1280 661 1300 640 1300
290 1247 324 1247 324 1267 290 1267
843 791 863 791 863 812 843 812
160 765 193 765 193 786 160 786
380 1225 394 1225 394 1246 380 1246
836 454 868 454 868 475 836 475
361 734 394 734 394 755 361 755
237 622 252 622 252 643 237 643
239 435 258 435 258 456 239 456
573 413 595 413 595 434 573 434
160 403 192 403 192 424 160 424
170 964 203 964 203 985 170 985
378 1249 406 1249 406 1271 378 1271
92 1330 125 1330 125 1352 92 1352
229 1015 262 1015 262 1037 229 1037
427 1002 465 1002 465 1024 427 1024
230 879 251 879 251 901 230 901
627 751 668 751 668 773 627 773
164 1271 173 1271 173 1293 164 1293
107 715 136 715 136 737 107 737
636 727 666 727 666 749 636 749
93 572 127 572 127 594 93 594
356 881 395 881 395 903 356 903
293 1109 325 1109 325 1132 293 1132
290 907 328 907 328 930 290 930
89 954 127 954 127 977 89 977
640 1074 658 1074 658 1097 640 1097
228 339 256 339 256 362 228 362
155 903 190 903 190 926 155 926
368 1161 383 1161 383 1185 368 1185
427 1040 468 1040 468 1064 427 1064
239 976 257 976 257 1000 239 1000
348 1302 370 1302 370 1326 348 1326
88 884 119 884 119 908 88 908
93 856 126 856 126 880 93 880
225 745 258 745 258 769 225 769
155 983 189 983 189 1007 155 1007
150 848 189 848 189 872 150 872
851 978 863 978 863 1002 851 1002
642 674 662 674 662 698 642 698
297 578 329 578 329 602 297 602
356 1107 391 1107 391 1131 356 1131
225 806 265 806 265 830 225 830
104 627 116 627 116 652 104 652
431 1316 446 1316 446 1341 431 1341
640 856 659 856 659 881 640 881
844 1137 872 1137 872 1162 844 1162
770 626 801 626 801 651 770 651
834 922 872 922 872 947 834 947
435 926 452 926 452 951 435 951
778 976 797 976 797 1001 778 1001
164 663 194 663 194 688 164 688
420 1356 456 1356 456 1381 420 1381
164 1104 200 1104 200 1129 164 1129
497 311 533 311 533 336 497 336
227 908 264 908 264 933 227 933
782 817 794 817 794 843 782 843
230 485 259 485 259 511 230 511
153 1045 187 1045 187 1071 153 1071
439 392 453 392 453 418 439 418
426 1153 457 1153 457 1179 426 1179
169 820 201 820 201 846 169 846
848 765 862 765 862 791 848 791
849 855 863 855 863 881 849 881
166 1182 183 1182 183 1208 166 1208
365 986 382 986 382 1012 365 1012
376 1314 403 1314 403 1340 376 1340
95 653 124 653 124 679 95 679
302 1036 315 1036 315 1063 302 1063
102 384 116 384 116 411 102 411
163 1154 179 1154 179 1181 163 1181
769 681 800 681 800 708 769 708
92 545 124 545 124 572 92 572
295 826 330 826 330 853 295 853
422 477 469 477 469 504 422 504
440 559 452 559 452 586 440 586
104 753 130 753 130 780 104 780
89 1161 121 1161 121 1189 89 1189
227 1076 260 1076 260 1104 227 1104
294 626 329 626 329 654 294 654
500 764 535 764 535 792 500 792
702 668 738 668 738 696 702 696
155 1212 187 1212 187 1240 155 1240
702 469 738 469 738 497 702 497
565 439 603 439 603 467 565 467
95 1247 122 1247 122 1275 95 1275
503 1112 531 1112 531 1140 503 1140
96 909 124 909 124 937 96 937
93 1134 122 1134 122 1162 93 1162
362 651 394 651 394 679 362 679
493 1349 527 1349 527 1377 493 1377
151 1127 189 1127 189 1155 151 1155
435 1125 446 1125 446 1154 435 1154
234 458 253 458 253 487 234 487
359 1013 388 1013 388 1042 359 1042
705 692 741 692 741 721 705 721
637 1097 662 1097 662 1126 637 1126
703 784 735 784 735 813 703 813
496 879 537 879 537 908 496 908
305 595 317 595 317 624 305 624
847 537 861 537 861 566 847 566
168 331 183 331 183 360 168 360
645 698 661 698 661 727 645 727
503 1001 519 1001 519 1030 503 1030
235 824 252 824 252 853 235 853
294 851 325 851 325 880 294 880
712 389 729 389 729 419 712 419
233 1338 262 1338 262 1368 233 1368
780 651 792 651 792 681 780 681
166 580 183 580 183 610 166 610
164 1240 183 1240 183 1270 164 1270
495 1171 527 1171 527 1201 495 1201
635 551 670 551 670 581 635 581
769 707 805 707 805 737 769 737
423 1184 466 1184 466 1214 423 1214
354 1326 366 1326 366 1357 354 1357
304 969 329 969 329 1000 304 1000
377 1285 406 1285 406 1316 377 1316
227 1101 260 1101 260 1132 227 1132
360 681 396 681 396 712 360 712
301 462 318 462 318 493 301 493
854 1041 876 1041 876 1072 854 1072
635 935 665 935 665 966 635 966
294 1063 324 1063 324 1094 294 1094
94 412 126 412 126 443 94 443
632 1216 669 1216 669 1247 632 1247
223 687 263 687 263 718 223 718
152 610 193 610 193 641 152 641
238 714 250 714 250 745 238 745
165 691 186 691 186 722 165 722
353 1227 377 1227 377 1258 353 1258
635 1309 660 1309 660 1340 635 1340
770 1043 800 1043 800 1074 770 1074
631 825 671 825 671 856 631 856
778 843 793 843 793 875 778 875
776 1129 796 1129 796 1161 776 1161
234 1304 255 1304 255 1336 234 1336
774 403 797 403 797 435 774 435
434 587 461 587 461 619 434 619
292 1344 324 1344 324 1376 292 1376
766 435 800 435 800 467 766 467
293 489 327 489 327 521 293 521
575 377 589 377 589 409 575 409
644 964 658 964 658 996 644 996
368 830 385 830 385 862 368 862
430 418 461 418 461 450 430 450
358 1185 390 1185 390 1217 358 1217
430 864 464 864 464 896 430 896
495 1029 531 1029 531 1061 495 1061
285 1196 328 1196 328 1228 285 1228
713 723 729 723 729 756 713 756
493 1082 534 1082 534 1115 493 1115
106 1292 111 1292 111 1325 106 1325
505 1140 521 1140 521 1173 505 1173
709 752 727 752 727 785 709 785
379 1345 399 1345 399 1378 379 1378
344 1267 374 1267 374 1300 344 1300
636 1245 669 1245 669 1278 636 1278
702 544 737 544 737 577 702 577
92 507 129 507 129 540 92 540
235 361 253 361 253 394 235 394
775 1163 796 1163 796 1196 775 1196
429 949 462 949 462 982 429 982
632 1340 669 1340 669 1373 632 1373
364 305 402 305 402 338 364 338
631 880 669 880 669 913 631 913
89 1058 128 1058 128 1091 89 1091
99 1344 117 1344 117 1378 99 1378
843 1234 873 1234 873 1268 843 1268
228 552 260 552 260 586 228 586
154 1011 187 1011 187 1045 154 1045
634 997 668 997 668 1031 634 1031
700 572 736 572 736 606 700 606
840 1063 877 1063 877 1097 840 1097
89 352 129 352 129 386 89 386
163 872 179 872 179 906 163 906
99 1210 118 1210 118 1244 99 1244
643 363 664 363 664 397 643 397
773 546 797 546 797 580 773 580
357 1124 386 1124 386 1158 357 1158
836 634 866 634 866 668 836 668
636 579 673 579 673 613 636 613
702 259 740 259 740 293 702 293
782 873 790 873 790 908 782 908
102 591 118 591 118 626 102 626
572 307 599 307 599 342 572 342
362 339 400 339 400 374 362 374
840 945 873 945 873 980 840 980
221 1193 263 1193 263 1228 221 1228
771 909 799 909 799 944 771 944
289 1135 329 1135 329 1170 289 1170
235 303 256 303 256 339 235 339
842 347 869 347 869 383 842 383
635 637 670 637 670 673 635 673
499 804 536 804 536 840 499 840
153 1297 193 1297 193 1333 153 1333
165 780 185 780 185 816 165 816
294 704 328 704 328 740 294 740
768 944 803 944 803 980 768 980
91 1024 126 1024 126 1060 91 1060
172 214 208 214 208 250 172 250
229 589 267 589 267 625 229 625
835 1102 877 1102 877 1138 835 1138
769 791 803 791 803 827 769 827
292 393 335 393 335 429 292 429
851 1161 860 1161 860 1198 851 1198
161 922 183 922 183 959 161 959
703 313 735 313 735 350 703 350
843 883 876 883 876 920 843 920
637 315 672 315 672 352 637 352
291 739 333 739 333 776 291 776
157 725 201 725 201 762 157 762
501 510 540 510 540 547 501 547
633 511 672 511 672 548 633 548
493 842 538 842 538 879 493 879
162 1062 179 1062 179 1100 162 1100
298 1268 319 1268 319 1306 298 1306
838 496 871 496 871 534 838 534
93 679 128 679 128 717 93 717
92 818 130 818 130 856 92 856
143 214 169 214 169 252 143 252
704 224 741 224 741 262 704 262
375 793 392 793 392 831 375 831
237 935 258 935 258 973 237 973
770 586 804 586 804 624 770 624
225 769 262 769 262 807 225 807
440 1058 447 1058 447 1097 440 1097
307 1304 317 1304 317 1343 307 1343
226 397 261 397 261 436 226 436
833 1197 875 1197 875 1236 833 1236
292 428 334 428 334 467 292 467
223 1268 269 1268 269 1307 223 1307
100 779 115 779 115 818 100 818
847 1002 867 1002 867 1041 847 1041
160 503 195 503 195 542 160 542
292 353 330 353 330 392 292 392
100 444 120 444 120 484 100 484
359 905 394 905 394 945 359 945
498 477 535 477 535 517 498 517
498 681 540 681 540 721 498 721
235 644 250 644 250 684 235 684
368 754 387 754 387 794 368 794
363 1066 396 1066 396 1106 363 1106
834 729 868 729 868 769 834 769
157 459 200 459 200 499 157 499
301 1001 316 1001 316 1041 301 1041
493 1250 526 1250 526 1290 493 1290
159 542 195 542 195 582 159 582
769 1005 805 1005 805 1045 769 1045
357 945 395 945 395 985 357 985
166 418 183 418 183 459 166 459
430 1086 456 1086 456 1127 430 1127
700 422 742 422 742 463 700 463
704 349 746 349 746 390 704 390
154 358 196 358 196 399 154 399
773 358 800 358 800 399 773 399
703 629 741 629 741 670 703 670
304 927 323 927 323 968 304 968
432 357 467 357 467 399 432 399
360 453 401 453 401 495 360 495
426 621 468 621 468 663 426 663
161 1330 182 1330 182 1372 161 1372
841 589 868 589 868 631 841 631
431 784 469 784 469 826 431 826
633 413 675 413 675 455 633 455
497 385 539 385 539 427 497 427
488 1204 531 1204 531 1246 488 1246
497 961 535 961 535 1004 497 1004
766 488 807 488 807 531 766 531
294 537 341 537 341 580 294 580
430 825 462 825 462 868 430 868
497 590 539 590 539 633 497 633
499 637 542 637 542 680 499 680
839 813 873 813 873 856 839 856
499 719 534 719 534 762 499 762
427 896 464 896 464 939 427 939
579 335 591 335 591 379 579 379
234 1035 267 1035 267 1079 234 1079
497 430 542 430 542 474 497 474
238 1128 245 1128 245 1172 238 1172
643 1029 657 1029 657 1074 643 1074
632 1175 668 1175 668 1220 632 1220
635 232 671 232 671 277 635 277
503 545 530 545 530 590 503 590
701 498 736 498 736 544 701 544
231 507 254 507 254 553 231 553
225 1226 258 1226 258 1272 225 1272
507 335 527 335 527 382 507 382
631 775 665 775 665 822 631 822
837 663 872 663 872 710 837 710
424 1265 452 1265 452 1312 424 1312
499 230 531 230 531 277 499 277
836 383 871 383 871 430 836 430
360 498 396 498 396 545 360 545
634 1127 676 1127 676 1175 634 1175
360 547 396 547 396 595 360 595
88 1086 126 1086 126 1134 88 1134
428 666 467 666 467 714 428 714
429 305 473 305 473 353 429 353
94 978 126 978 126 1027 94 1027
296 656 327 656 327 706 296 706
429 715 464 715 464 765 429 765
773 1077 797 1077 797 1128 773 1128
774 739 797 739 797 790 774 790
92 304 127 304 127 355 92 355
298 303 323 303 323 355 298 355
492 1289 524 1289 524 1341 492 1341
359 599 394 599 394 651 359 651
495 911 529 911 529 963 495 963
376 394 383 394 383 447 376 447
633 459 669 459 669 512 633 512
291 771 332 771 332 824 291 824
429 504 461 504 461 559 429 559
