561 624 590 624 590 637 561 637
640 465 656 465 656 478 640 478
375 747 388 747 388 761 375 761
625 1185 652 1185 652 1199 625 1199
428 1199 444 1199 444 1213 428 1213
354 1208 371 1208 371 1223 354 1223
432 745 450 745 450 760 432 760
629 944 655 944 655 959 629 959
282 406 294 406 294 422 282 422
225 487 243 487 243 503 225 503
306 485 326 485 326 501 306 501
558 991 589 991 589 1007 558 1007
354 775 362 775 362 791 354 791
212 1311 239 1311 239 1327 212 1327
836 756 866 756 866 772 836 772
221 935 239 935 239 952 221 952
306 578 330 578 330 595 306 595
303 503 332 503 332 520 303 520
421 913 452 913 452 930 421 930
361 507 379 507 379 524 361 524
288 1249 306 1249 306 1266 288 1266
699 859 719 859 719 876 699 876
347 711 370 711 370 729 347 729
413 1294 453 1294 453 1312 413 1312
350 757 363 757 363 775 350 775
700 1114 716 1114 716 1132 700 1132
843 426 857 426 857 445 843 445
372 889 390 889 390 908 372 908
291 733 311 733 311 752 291 752
623 1323 650 1323 650 1342 623 1342
159 874 168 874 168 894 159 894
702 1169 713 1169 713 1189 702 1189
293 680 308 680 308 700 293 700
699 1230 714 1230 714 1250 699 1250
366 451 382 451 382 471 366 471
426 630 454 630 454 650 426 650
369 910 397 910 397 930 369 930
349 1328 377 1328 377 1348 349 1348
569 934 582 934 582 955 569 955
776 758 791 758 791 779 776 779
153 851 169 851 169 872 153 872
635 887 652 887 652 908 635 908
283 900 313 900 313 921 283 921
71 633 113 633 113 654 71 654
281 1323 301 1323 301 1344 281 1344
215 632 242 632 242 653 215 653
777 454 790 454 790 475 777 475
220 875 235 875 235 897 220 897
356 1157 374 1157 374 1179 356 1179
90 395 111 395 111 417 90 417
314 405 325 405 325 427 314 427
637 715 650 715 650 737 637 737
141 1216 171 1216 171 1238 141 1238
421 681 465 681 465 703 421 703
838 1031 857 1031 857 1054 838 1054
703 798 722 798 722 821 703 821
779 319 809 319 809 342 779 342
78 422 121 422 121 445 78 445
427 889 446 889 446 912 427 912
215 1160 242 1160 242 1183 215 1183
629 510 658 510 658 533 629 533
764 474 795 474 795 497 764 497
556 812 587 812 587 835 556 835
282 384 294 384 294 407 282 407
90 1188 104 1188 104 1211 90 1211
287 1187 302 1187 302 1210 287 1210
276 790 320 790 320 813 276 813
354 311 385 311 385 335 354 335
314 460 326 460 326 484 314 484
367 799 389 799 389 823 367 823
623 1044 655 1044 655 1068 623 1068
764 500 800 500 800 524 764 524
377 929 389 929 389 954 377 954
428 1137 441 1137 441 1162 428 1162
705 644 727 644 727 669 705 669
149 980 179 980 179 1005 149 1005
82 367 117 367 117 392 82 392
624 536 664 536 664 561 624 561
565 1290 576 1290 576 1315 565 1315
701 1054 713 1054 713 1079 701 1079
278 462 293 462 293 487 278 487
347 731 370 731 370 756 347 756
308 345 331 345 331 370 308 370
351 650 381 650 381 675 351 675
351 340 390 340 390 365 351 365
550 839 589 839 589 864 550 864
209 656 249 656 249 681 209 681
208 1026 251 1026 251 1051 208 1051
353 857 365 857 365 882 353 882
91 784 104 784 104 809 91 809
570 639 587 639 587 664 570 664
637 859 654 859 654 884 637 884
346 828 365 828 365 853 346 853
283 705 312 705 312 730 283 730
626 1159 656 1159 656 1184 626 1184
228 430 241 430 241 456 228 456
834 1053 863 1053 863 1079 834 1079
352 1025 384 1025 384 1051 352 1051
837 1199 871 1199 871 1225 837 1225
362 625 376 625 376 651 362 651
310 516 325 516 325 542 310 542
222 605 239 605 239 631 222 631
629 433 665 433 665 459 629 459
204 1185 244 1185 244 1211 204 1211
622 915 664 915 664 941 622 941
222 1132 237 1132 237 1159 222 1159
356 1300 371 1300 371 1327 356 1327
838 562 867 562 867 589 838 589
709 577 723 577 723 604 709 604
503 352 518 352 518 379 503 379
291 870 307 870 307 897 291 897
350 796 367 796 367 823 350 823
837 1002 861 1002 861 1029 837 1029
221 315 245 315 245 342 221 342
80 305 109 305 109 332 80 332
492 419 527 419 527 446 492 446
414 935 455 935 455 962 414 962
692 1251 722 1251 722 1278 692 1278
212 1279 247 1279 247 1306 212 1306
143 614 178 614 178 641 143 641
349 678 384 678 384 705 349 705
692 1080 717 1080 717 1108 692 1108
766 691 798 691 798 719 766 719
418 1260 453 1260 453 1288 418 1288
71 1283 108 1283 108 1311 71 1311
150 1273 167 1273 167 1301 150 1301
702 920 720 920 720 948 702 948
567 351 595 351 595 379 567 379
833 321 866 321 866 349 833 349
342 1354 379 1354 379 1382 342 1382
567 784 586 784 586 813 567 813
148 538 180 538 180 567 148 567
831 1166 865 1166 865 1195 831 1195
275 923 315 923 315 952 275 952
372 857 397 857 397 886 372 886
421 481 455 481 455 510 421 510
151 473 189 473 189 502 151 502
852 773 863 773 863 802 852 802
430 651 456 651 456 680 430 680
835 966 869 966 869 995 835 995
833 933 872 933 872 962 833 962
350 559 390 559 390 588 350 588
72 1253 112 1253 112 1282 72 1282
73 1159 115 1159 115 1188 73 1188
287 351 293 351 293 381 287 381
309 373 334 373 334 403 309 403
360 474 387 474 387 504 360 504
370 824 402 824 402 854 370 854
699 458 733 458 733 488 699 488
143 645 178 645 178 675 143 675
839 656 874 656 874 686 839 686
628 656 664 656 664 686 628 686
761 781 800 781 800 811 761 811
136 680 186 680 186 710 136 710
153 1190 168 1190 168 1220 153 1220
839 487 866 487 866 517 839 517
301 314 330 314 330 344 301 344
354 1228 383 1228 383 1258 354 1258
349 1178 381 1178 381 1208 349 1208
136 1241 176 1241 176 1271 136 1271
147 1346 160 1346 160 1377 147 1377
638 479 652 479 652 510 638 510
307 543 329 543 329 574 307 574
696 1137 718 1137 718 1168 696 1168
218 452 245 452 245 483 218 483
769 422 800 422 800 453 769 453
562 667 598 667 598 698 562 698
211 1246 249 1246 249 1277 211 1277
277 951 318 951 318 982 277 982
552 1132 593 1132 593 1163 552 1163
844 686 860 686 860 717 844 717
424 1349 441 1349 441 1380 424 1380
627 739 658 739 658 770 627 770
222 535 254 535 254 566 222 566
285 755 318 755 318 786 285 786
833 803 869 803 869 834 833 834
552 1315 588 1315 588 1346 552 1346
622 687 664 687 664 718 622 718
211 897 239 897 239 928 211 928
305 428 334 428 334 459 305 459
148 356 177 356 177 387 148 387
82 912 111 912 111 943 82 943
278 1214 307 1214 307 1245 278 1245
143 895 179 895 179 926 143 926
561 459 600 459 600 490 561 490
418 1159 447 1159 447 1191 418 1191
351 1123 380 1123 380 1155 351 1155
557 959 587 959 587 991 557 991
830 622 866 622 866 654 830 654
833 722 875 722 875 754 833 754
697 952 722 952 722 984 697 984
833 1220 859 1220 859 1252 833 1252
380 764 389 764 389 797 380 797
695 825 726 825 726 858 695 858
350 1052 385 1052 385 1085 350 1085
426 768 447 768 447 801 426 801
278 315 300 315 300 348 278 348
831 348 871 348 871 381 831 381
376 713 392 713 392 747 376 747
277 496 294 496 294 530 277 530
147 504 183 504 183 538 147 538
210 993 248 993 248 1027 210 1027
146 431 185 431 185 465 146 465
215 507 256 507 256 541 215 541
638 349 655 349 655 383 638 383
76 654 106 654 106 688 76 688
551 869 587 869 587 903 551 903
559 314 596 314 596 348 559 348
72 1347 118 1347 118 1381 72 1381
218 1100 235 1100 235 1134 218 1134
427 851 448 851 448 885 427 885
632 313 661 313 661 347 632 347
78 877 115 877 115 911 78 911
425 706 463 706 463 740 425 740
277 1017 315 1017 315 1051 277 1051
214 720 246 720 246 755 214 755
621 1287 657 1287 657 1322 621 1322
418 448 462 448 462 483 418 483
691 1191 721 1191 721 1226 691 1226
487 381 527 381 527 416 487 416
80 1214 105 1214 105 1250 80 1250
353 529 389 529 389 565 353 565
350 1086 386 1086 386 1122 350 1122
212 840 253 840 253 876 212 876
276 426 296 426 296 462 276 462
80 334 114 334 114 370 80 370
422 410 457 410 457 446 422 446
700 361 740 361 740 397 700 397
89 433 106 433 106 469 89 469
142 1309 168 1309 168 1345 142 1345
279 1346 308 1346 308 1382 279 1382
828 1256 866 1256 866 1292 828 1292
349 957 391 957 391 993 349 993
764 343 806 343 806 379 764 379
153 1007 182 1007 182 1044 153 1044
554 1085 589 1085 589 1122 554 1122
563 384 605 384 605 421 563 421
212 756 256 756 256 793 212 793
693 761 737 761 737 798 693 798
414 1319 460 1319 460 1356 414 1356
619 1202 657 1202 657 1239 619 1239
548 1252 595 1252 595 1289 548 1289
830 590 878 590 878 627 830 627
359 590 377 590 377 628 359 628
421 1219 452 1219 452 1257 421 1257
279 980 313 980 313 1018 279 1018
350 991 384 991 384 1029 350 1029
564 423 598 423 598 461 564 461
833 1128 870 1128 870 1166 833 1166
145 568 183 568 183 606 145 606
837 448 860 448 860 486 837 486
559 1004 588 1004 588 1042 559 1042
217 952 249 952 249 990 217 990
695 606 732 606 732 644 695 644
213 682 252 682 252 720 213 720
88 474 105 474 105 512 88 512
558 1166 577 1166 577 1204 558 1204
695 1023 717 1023 717 1061 695 1061
558 742 591 742 591 780 558 780
281 641 317 641 317 679 281 679
625 1118 665 1118 665 1156 625 1156
353 410 391 410 391 449 353 449
691 989 729 989 729 1028 691 1028
493 315 532 315 532 354 493 354
626 1343 647 1343 647 1382 626 1382
415 964 454 964 454 1003 415 1003
770 523 800 523 800 563 770 563
76 1062 114 1062 114 1102 76 1102
140 1150 178 1150 178 1190 140 1190
830 518 873 518 873 558 830 558
555 1044 591 1044 591 1084 555 1084
618 1004 658 1004 658 1044 618 1044
823 1292 871 1292 871 1332 823 1332
555 1206 583 1206 583 1247 555 1247
554 900 583 900 583 941 554 941
212 800 246 800 246 841 212 841
623 565 666 565 666 606 623 606
351 371 399 371 399 412 351 412
422 590 457 590 457 631 422 631
355 1262 373 1262 373 1304 355 1304
76 563 110 563 110 605 76 605
140 1048 178 1048 178 1090 140 1090
423 508 461 508 461 550 423 550
627 818 668 818 668 860 627 860
763 719 805 719 805 761 763 761
415 1006 457 1006 457 1048 415 1048
274 1144 318 1144 318 1186 274 1186
427 807 449 807 449 849 427 849
691 1283 717 1283 717 1325 691 1325
561 532 595 532 595 574 561 574
284 602 320 602 320 644 284 644
277 1055 313 1055 313 1097 277 1097
764 568 802 568 802 610 764 610
140 718 187 718 187 760 140 760
846 1083 859 1083 859 1126 846 1126
768 378 802 378 802 421 768 421
549 1340 590 1340 590 1383 549 1383
73 1306 115 1306 115 1349 73 1349
148 760 175 760 175 803 148 803
222 345 257 345 257 388 222 388
74 521 113 521 113 564 74 564
555 575 595 575 595 618 555 618
695 313 741 313 741 356 695 356
415 309 461 309 461 352 415 352
414 1046 455 1046 455 1090 414 1090
218 1056 247 1056 247 1100 218 1100
418 1091 454 1091 454 1135 418 1135
499 456 517 456 517 500 499 500
567 487 594 487 594 531 567 531
73 1017 112 1017 112 1061 73 1061
828 381 876 381 876 425 828 425
224 569 241 569 241 614 224 614
627 772 662 772 662 817 627 817
625 960 662 960 662 1005 625 1005
422 551 464 551 464 596 422 596
217 389 253 389 253 434 217 434
625 611 659 611 659 657 625 657
621 1070 660 1070 660 1116 621 1116
143 805 189 805 189 851 143 851
283 1274 304 1274 304 1320 283 1320
78 739 110 739 110 785 78 785
833 883 869 883 869 929 833 929
831 833 873 833 873 879 831 879
552 697 601 697 601 743 552 743
618 1236 658 1236 658 1283 618 1283
280 1096 311 1096 311 1143 280 1143
699 402 733 402 733 449 699 449
142 310 190 310 190 358 142 358
684 1327 734 1327 734 1375 684 1375
71 688 110 688 110 736 71 736
423 360 459 360 459 409 423 409
826 1331 864 1331 864 1381 826 1381
76 812 115 812 115 863 76 863
695 710 735 710 735 762 695 762
203 1330 252 1330 252 1382 203 1382
279 814 319 814 319 867 279 867
71 1101 117 1101 117 1155 71 1155
138 1090 172 1090 172 1145 138 1145
697 668 739 668 739 723 697 723
