222 451 243 451 243 465 222 465
406 1159 430 1159 430 1174 406 1174
828 1350 845 1350 845 1366 828 1366
220 427 243 427 243 443 220 443
744 1402 787 1402 787 1418 744 1418
613 950 632 950 632 966 613 966
682 1117 710 1117 710 1133 682 1133
616 1017 632 1017 632 1035 616 1035
611 1259 638 1259 638 1277 611 1277
682 575 709 575 709 593 682 593
822 897 850 897 850 915 822 915
686 878 706 878 706 897 686 897
684 476 713 476 713 495 684 495
263 1070 296 1070 296 1089 263 1089
615 699 636 699 636 719 615 719
622 446 643 446 643 466 622 466
824 556 845 556 845 576 824 576
548 741 568 741 568 761 548 761
136 1364 156 1364 156 1384 136 1384
202 902 224 902 224 922 202 922
752 1078 774 1078 774 1098 752 1098
133 524 155 524 155 544 133 544
218 500 243 500 243 520 218 520
893 654 914 654 914 675 893 675
131 920 152 920 152 941 131 941
200 1305 229 1305 229 1326 200 1326
214 564 249 564 249 585 214 585
607 1041 644 1041 644 1062 607 1062
540 1127 563 1127 563 1149 540 1149
477 375 505 375 505 397 477 397
121 617 168 617 168 639 121 639
822 1181 841 1181 841 1203 822 1203
891 1119 912 1119 912 1141 891 1141
196 1067 233 1067 233 1089 196 1089
757 1303 773 1303 773 1326 757 1326
890 1303 909 1303 909 1326 890 1326
686 1226 703 1226 703 1249 686 1249
479 348 510 348 510 371 479 371
261 394 300 394 300 417 261 417
545 1275 562 1275 562 1299 545 1299
138 1305 155 1305 155 1329 138 1329
605 1349 641 1349 641 1373 605 1373
671 1361 712 1361 712 1385 671 1385
753 1234 771 1234 771 1258 753 1258
277 1346 295 1346 295 1370 277 1370
271 649 292 649 292 673 271 673
881 994 918 994 918 1018 881 1018
399 840 440 840 440 864 399 864
891 1226 910 1226 910 1251 891 1251
332 309 369 309 369 334 332 334
757 1017 773 1017 773 1042 757 1042
893 560 910 560 910 585 893 585
687 1052 705 1052 705 1077 687 1077
208 1328 226 1328 226 1353 208 1353
267 1284 297 1284 297 1309 267 1309
401 1350 437 1350 437 1375 401 1375
205 1164 222 1164 222 1190 205 1190
410 1285 428 1285 428 1311 410 1311
759 403 779 403 779 429 759 429
615 311 654 311 654 337 615 337
744 1135 787 1135 787 1161 744 1161
616 1322 633 1322 633 1348 616 1348
544 908 567 908 567 934 544 934
625 673 658 673 658 699 625 699
537 766 580 766 580 792 537 792
675 377 718 377 718 403 675 403
546 674 563 674 563 700 546 700
200 392 225 392 225 418 200 418
545 549 575 549 575 575 545 575
123 298 156 298 156 324 123 324
395 809 436 809 436 835 395 835
122 981 164 981 164 1007 122 1007
892 759 915 759 915 786 892 786
625 612 658 612 658 639 625 639
609 1159 644 1159 644 1186 609 1186
616 1135 636 1135 636 1162 616 1162
330 706 363 706 363 733 330 733
748 376 783 376 783 403 748 403
197 931 238 931 238 958 197 958
813 616 855 616 855 643 813 643
813 1373 853 1373 853 1401 813 1401
825 1022 845 1022 845 1050 825 1050
749 887 782 887 782 915 749 915
880 1362 919 1362 919 1390 880 1390
411 519 429 519 429 547 411 547
674 972 714 972 714 1000 674 1000
881 1387 923 1387 923 1415 881 1415
812 1286 856 1286 856 1314 812 1314
271 992 283 992 283 1021 271 1021
688 445 711 445 711 474 688 474
751 432 782 432 782 461 751 461
617 1061 634 1061 634 1090 617 1090
543 1059 563 1059 563 1088 543 1088
814 1205 845 1205 845 1234 814 1234
263 462 295 462 295 491 263 491
748 1160 786 1160 786 1189 748 1189
746 511 786 511 786 540 746 540
879 819 924 819 924 848 879 848
672 1385 720 1385 720 1414 672 1414
138 454 152 454 152 484 138 484
755 347 773 347 773 377 755 377
136 710 158 710 158 740 136 740
826 731 848 731 848 761 826 761
822 990 846 990 846 1020 822 1020
265 1131 299 1131 299 1161 265 1161
401 1376 443 1376 443 1406 401 1406
205 1386 227 1386 227 1416 205 1416
881 1330 915 1330 915 1360 881 1360
535 1152 573 1152 573 1182 535 1182
124 776 165 776 165 806 124 806
400 1090 441 1090 441 1120 400 1120
892 787 910 787 910 818 892 818
677 648 713 648 713 679 677 679
879 1054 918 1054 918 1085 879 1085
194 1226 239 1226 239 1257 194 1257
136 1009 152 1009 152 1040 136 1040
684 901 704 901 704 932 684 932
197 1192 228 1192 228 1223 197 1223
128 1332 159 1332 159 1363 128 1363
132 548 165 548 165 579 132 579
125 1383 164 1383 164 1414 125 1414
204 956 225 956 225 987 204 987
552 347 574 347 574 378 552 378
755 654 780 654 780 685 755 685
749 1327 779 1327 779 1358 749 1358
882 1149 922 1149 922 1180 882 1180
328 738 369 738 369 769 328 769
275 836 291 836 291 868 275 868
817 582 846 582 846 614 817 614
625 645 657 645 657 677 625 677
541 1386 580 1386 580 1418 541 1418
750 731 789 731 789 763 750 763
879 851 920 851 920 883 879 883
674 496 716 496 716 528 674 528
259 1169 304 1169 304 1201 259 1201
625 859 650 859 650 891 625 891
404 435 439 435 439 467 404 467
257 1310 301 1310 301 1342 257 1342
813 1316 858 1316 858 1348 813 1348
273 581 290 581 290 614 273 614
689 344 708 344 708 377 689 377
821 955 846 955 846 988 821 988
198 987 224 987 224 1020 198 1020
550 424 578 424 578 457 550 457
679 1078 709 1078 709 1111 679 1111
536 1301 567 1301 567 1334 536 1334
128 742 162 742 162 775 128 775
126 889 160 889 160 922 126 922
271 1372 306 1372 306 1405 271 1405
261 613 298 613 298 646 261 646
882 310 919 310 919 343 882 343
743 1041 781 1041 781 1074 743 1074
535 828 587 828 587 861 535 861
144 681 152 681 152 714 144 714
136 643 154 643 154 676 136 676
818 350 850 350 850 383 818 383
263 756 297 756 297 789 263 789
534 1088 570 1088 570 1121 534 1121
125 486 161 486 161 519 125 519
816 918 856 918 856 951 816 951
612 520 654 520 654 553 612 553
202 832 222 832 222 865 202 865
751 1103 778 1103 778 1136 751 1136
123 327 161 327 161 360 123 360
410 1311 432 1311 432 1345 410 1345
814 380 847 380 847 414 814 414
401 703 435 703 435 737 401 737
814 1148 850 1148 850 1182 814 1182
401 740 442 740 442 774 401 774
608 771 650 771 650 805 608 805
232 465 241 465 241 499 232 499
206 1087 223 1087 223 1121 206 1121
882 883 923 883 923 917 882 917
877 1019 922 1019 922 1053 877 1053
135 852 151 852 151 887 135 887
750 618 786 618 786 653 750 653
889 218 930 218 930 253 889 253
601 1183 644 1183 644 1218 601 1218
272 421 294 421 294 456 272 456
194 862 228 862 228 897 194 897
881 955 924 955 924 990 881 990
687 1250 708 1250 708 1285 687 1285
536 934 570 934 570 969 536 969
338 463 372 463 372 498 338 498
267 1202 306 1202 306 1237 267 1237
678 1283 719 1283 719 1318 678 1318
531 1022 576 1022 576 1057 531 1057
625 338 645 338 645 374 625 374
881 917 917 917 917 953 881 953
265 869 298 869 298 905 265 905
822 512 860 512 860 548 822 548
410 861 430 861 430 898 410 898
884 1081 913 1081 913 1118 884 1118
610 1372 643 1372 643 1409 610 1409
197 633 230 633 230 670 197 670
333 588 375 588 375 625 333 625
400 628 445 628 445 665 400 665
885 495 921 495 921 532 885 532
813 857 856 857 856 894 813 894
121 947 165 947 165 984 121 984
602 1221 653 1221 653 1258 602 1258
685 935 709 935 709 972 685 972
132 1089 162 1089 162 1126 132 1126
541 699 574 699 574 736 541 736
194 792 237 792 237 829 194 829
677 307 724 307 724 344 677 344
740 804 791 804 791 841 740 841
270 901 293 901 293 939 270 939
888 585 913 585 913 623 888 623
196 756 233 756 233 794 196 794
413 594 431 594 431 632 413 632
751 310 787 310 787 348 751 348
882 679 927 679 927 717 882 717
470 571 501 571 501 610 470 610
818 759 851 759 851 798 818 798
129 582 167 582 167 621 129 621
418 1216 432 1216 432 1255 418 1255
196 308 237 308 237 347 196 347
816 643 857 643 857 682 816 682
542 460 584 460 584 499 542 499
411 1054 427 1054 427 1093 411 1093
757 763 777 763 777 802 757 802
692 403 720 403 720 442 692 442
402 1179 437 1179 437 1218 402 1218
330 547 366 547 366 586 330 586
331 506 370 506 370 545 331 545
118 1122 171 1122 171 1161 118 1161
686 1003 712 1003 712 1043 686 1043
678 678 713 678 713 718 678 718
613 726 653 726 653 766 613 766
747 691 793 691 793 731 747 731
608 976 645 976 645 1016 608 1016
126 1159 165 1159 165 1199 126 1199
332 827 373 827 373 867 332 867
545 384 592 384 592 424 545 424
394 1120 442 1120 442 1160 394 1160
394 956 443 956 443 996 394 996
405 927 420 927 420 968 405 968
411 770 430 770 430 811 411 811
536 974 572 974 572 1015 536 1015
261 490 305 490 305 531 261 531
141 1042 149 1042 149 1083 141 1083
747 573 773 573 773 614 747 614
747 977 783 977 783 1018 747 1018
753 1190 769 1190 769 1231 753 1231
542 1183 562 1183 562 1224 542 1224
554 303 577 303 577 344 554 344
820 310 844 310 844 351 820 351
881 530 911 530 911 571 881 571
478 418 515 418 515 459 478 459
750 1360 788 1360 788 1401 750 1401
615 474 654 474 654 515 615 515
214 1121 222 1121 222 1163 214 1163
275 711 293 711 293 753 275 753
894 717 921 717 921 759 894 759
267 1092 295 1092 295 1134 267 1134
819 466 856 466 856 508 819 508
267 678 306 678 306 720 267 720
884 615 926 615 926 657 884 657
200 584 243 584 243 626 200 626
604 1279 651 1279 651 1321 604 1321
272 1242 298 1242 298 1284 272 1284
811 1113 850 1113 850 1155 811 1155
893 346 915 346 915 389 893 389
887 1181 910 1181 910 1224 887 1224
546 1228 570 1228 570 1271 546 1271
677 1184 717 1184 717 1227 677 1227
883 394 926 394 926 437 883 437
493 394 502 394 502 437 493 437
408 667 432 667 432 710 408 710
474 304 518 304 518 347 474 347
200 1355 233 1355 233 1399 200 1399
672 782 720 782 720 826 672 826
672 1314 726 1314 726 1358 672 1358
754 1261 770 1261 770 1305 754 1305
268 1023 291 1023 291 1067 268 1067
200 1022 231 1022 231 1066 200 1066
195 712 240 712 240 756 195 756
213 342 219 342 219 387 213 387
621 553 645 553 645 598 621 598
611 803 637 803 637 848 611 848
404 390 442 390 442 435 404 435
748 839 788 839 788 884 748 884
259 789 304 789 304 834 259 834
624 1091 634 1091 634 1137 624 1137
274 535 289 535 289 581 274 581
547 788 570 788 570 834 547 834
212 520 245 520 245 566 212 566
618 893 652 893 652 939 618 939
417 900 427 900 427 947 417 947
199 1258 232 1258 232 1305 199 1305
677 528 718 528 718 575 677 575
404 549 447 549 447 596 404 596
191 230 238 230 238 277 191 277
193 665 238 665 238 712 193 712
815 1237 845 1237 845 1286 815 1286
330 397 367 397 367 446 330 446
538 497 579 497 579 546 538 546
122 810 173 810 173 859 122 859
410 465 434 465 434 514 410 514
754 460 780 460 780 509 754 509
676 596 712 596 712 645 676 645
614 240 660 240 660 289 614 289
764 534 772 534 772 584 764 584
481 522 490 522 490 572 481 572
815 1054 852 1054 852 1104 815 1104
124 421 166 421 166 471 124 471
684 822 708 822 708 873 684 873
535 576 577 576 577 627 535 627
125 1259 172 1259 172 1310 125 1310
884 439 923 439 923 490 884 490
672 1131 722 1131 722 1182 672 1182
535 624 588 624 588 675 535 675
537 856 563 856 563 908 537 908
823 416 855 416 855 468 823 468
889 1253 905 1253 905 1306 889 1306
822 796 843 796 843 849 822 849
536 1331 574 1331 574 1384 536 1384
330 340 370 340 370 394 330 394
401 998 437 998 437 1053 401 1053
826 677 843 677 843 732 826 732
120 362 169 362 169 418 120 418
743 919 778 919 778 976 743 976
259 945 305 945 305 1003 259 1003
120 1204 164 1204 164 1262 120 1262
634 378 643 378 643 438 634 438
676 719 713 719 713 781 676 781
328 769 366 769 366 832 328 832
410 1222 430 1222 430 1286 410 1286
468 461 507 461 507 528 468 528
329 632 374 632 374 707 329 707
