66 607 110 607 110 616 66 616
691 421 707 421 707 431 691 431
819 1137 837 1137 837 1147 819 1147
718 736 737 736 737 747 718 747
635 1378 648 1378 648 1390 635 1390
861 1364 874 1364 874 1376 861 1376
431 339 447 339 447 352 431 352
690 463 707 463 707 476 690 476
295 1099 305 1099 305 1113 295 1113
818 1094 836 1094 836 1108 818 1108
688 485 711 485 711 499 688 499
222 584 239 584 239 598 222 598
429 897 446 897 446 911 429 911
638 990 653 990 653 1004 638 1004
433 1306 445 1306 445 1321 433 1321
363 486 379 486 379 501 363 501
499 1172 515 1172 515 1187 499 1187
281 1340 298 1340 298 1355 281 1355
565 1091 582 1091 582 1106 565 1106
214 1343 230 1343 230 1359 214 1359
156 544 173 544 173 560 156 560
720 359 739 359 739 375 720 375
779 1389 800 1389 800 1405 779 1405
830 350 873 350 873 366 830 366
496 1244 514 1244 514 1260 496 1260
635 592 653 592 653 608 635 608
286 1049 305 1049 305 1065 286 1065
839 908 859 908 859 924 839 924
496 853 511 853 511 870 496 870
432 388 449 388 449 405 432 405
563 723 582 723 582 740 563 740
630 1045 654 1045 654 1062 630 1062
496 737 513 737 513 754 496 754
830 319 871 319 871 336 830 336
786 1328 796 1328 796 1345 786 1345
427 1252 446 1252 446 1269 427 1269
772 519 791 519 791 536 772 536
354 797 385 797 385 814 354 814
289 709 308 709 308 727 289 727
730 780 750 780 750 798 730 798
297 432 318 432 318 450 297 450
776 586 789 586 789 604 776 604
818 1286 840 1286 840 1304 818 1304
144 372 175 372 175 390 144 390
418 1347 450 1347 450 1365 418 1365
756 1292 767 1292 767 1311 756 1311
722 687 734 687 734 706 722 706
426 986 445 986 445 1005 426 1005
715 866 740 866 740 885 715 885
775 459 789 459 789 478 775 478
218 908 235 908 235 927 218 927
816 1155 841 1155 841 1174 816 1174
491 952 519 952 519 971 491 971
781 1350 798 1350 798 1369 781 1369
427 843 440 843 440 863 427 863
816 1206 843 1206 843 1226 816 1226
625 645 658 645 658 665 625 665
631 1324 643 1324 643 1344 631 1344
756 1268 770 1268 770 1288 756 1288
720 908 735 908 735 928 720 928
818 1111 839 1111 839 1131 818 1131
560 528 588 528 588 548 560 548
352 937 380 937 380 957 352 957
350 577 387 577 387 597 350 597
630 796 657 796 657 817 630 817
430 1196 443 1196 443 1217 430 1217
716 380 742 380 742 401 716 401
351 964 383 964 383 985 351 985
425 1322 440 1322 440 1343 425 1343
830 1033 860 1033 860 1054 830 1054
151 484 168 484 168 506 151 506
488 1218 520 1218 520 1240 488 1240
693 370 705 370 705 392 693 392
212 1279 229 1279 229 1301 212 1301
284 1287 301 1287 301 1309 284 1309
490 1340 513 1340 513 1362 490 1362
558 894 587 894 587 916 558 916
418 671 461 671 461 693 418 693
694 504 706 504 706 527 694 527
500 1105 514 1105 514 1128 500 1128
498 761 518 761 518 784 498 784
686 535 709 535 709 558 686 558
718 308 742 308 742 331 718 331
767 639 796 639 796 662 767 662
775 1367 806 1367 806 1390 775 1390
824 1059 864 1059 864 1082 824 1082
498 683 514 683 514 706 498 706
687 562 710 562 710 585 687 585
491 310 525 310 525 333 491 333
205 967 241 967 241 990 205 990
485 1193 521 1193 521 1216 485 1216
633 937 648 937 648 960 633 960
563 1031 578 1031 578 1054 563 1054
821 1346 843 1346 843 1369 821 1369
715 710 740 710 740 733 715 733
357 665 384 665 384 688 357 688
210 644 249 644 249 667 210 667
859 1236 870 1236 870 1260 859 1260
156 642 168 642 168 666 156 666
690 438 705 438 705 462 690 462
359 429 376 429 376 453 359 453
568 664 585 664 585 688 568 688
636 306 656 306 656 330 636 330
758 817 802 817 802 841 758 841
482 1262 528 1262 528 1286 482 1286
365 304 378 304 378 328 365 328
720 883 733 883 733 907 720 907
688 396 708 396 708 420 688 420
211 305 247 305 247 329 211 329
223 855 237 855 237 880 223 880
637 531 651 531 651 556 637 556
223 525 240 525 240 550 223 550
431 724 448 724 448 749 431 749
508 465 533 465 533 490 508 490
356 883 385 883 385 908 356 908
553 920 590 920 590 945 553 945
484 975 522 975 522 1000 484 1000
858 1378 870 1378 870 1403 858 1403
638 766 654 766 654 791 638 791
568 501 585 501 585 526 568 526
718 473 745 473 745 498 718 498
751 1339 764 1339 764 1364 751 1364
840 1006 855 1006 855 1031 840 1031
423 642 452 642 452 667 423 667
816 1262 845 1262 845 1287 816 1287
147 418 182 418 182 443 147 443
721 835 734 835 734 861 721 861
364 910 378 910 378 936 364 936
567 1217 586 1217 586 1243 567 1243
843 980 866 980 866 1006 843 1006
139 391 176 391 176 417 139 417
485 822 525 822 525 848 485 848
496 1316 510 1316 510 1342 496 1342
637 1063 654 1063 654 1089 637 1089
840 851 857 851 857 877 840 877
845 382 869 382 869 408 845 408
819 1177 844 1177 844 1203 819 1203
717 613 743 613 743 639 717 639
420 1078 449 1078 449 1104 420 1104
623 1088 659 1088 659 1114 623 1114
620 822 662 822 662 848 620 848
717 404 748 404 748 431 717 431
506 485 538 485 538 512 506 512
750 1312 771 1312 771 1339 750 1339
356 363 383 363 383 390 356 390
835 701 868 701 868 728 835 728
636 1176 651 1176 651 1203 636 1203
424 749 453 749 453 776 424 776
760 663 799 663 799 690 760 690
288 647 303 647 303 675 288 675
285 1146 307 1146 307 1174 285 1174
714 756 749 756 749 784 714 784
419 778 455 778 455 806 419 806
690 694 704 694 704 722 690 722
223 709 237 709 237 737 223 737
292 847 308 847 308 875 292 875
633 704 663 704 663 732 633 732
552 551 591 551 591 579 552 579
622 616 664 616 664 644 622 644
724 333 746 333 746 362 724 362
780 1268 806 1268 806 1297 780 1297
277 1175 311 1175 311 1204 277 1204
418 918 454 918 454 947 418 947
855 1260 869 1260 869 1289 855 1289
154 343 169 343 169 372 154 372
427 612 447 612 447 641 427 641
359 330 384 330 384 359 359 359
688 309 714 309 714 338 688 338
494 338 522 338 522 367 494 367
277 1071 315 1071 315 1100 277 1100
823 1372 836 1372 836 1401 823 1401
718 799 742 799 742 828 718 828
625 1205 655 1205 655 1234 625 1234
281 1210 317 1210 317 1239 281 1239
158 604 184 604 184 634 158 634
852 1289 878 1289 878 1319 852 1319
218 414 245 414 245 444 218 444
429 1046 442 1046 442 1076 429 1076
220 381 237 381 237 411 220 411
288 992 305 992 305 1022 288 1022
565 1183 590 1183 590 1213 565 1213
852 1135 880 1135 880 1165 852 1165
419 1219 449 1219 449 1249 419 1249
554 1151 586 1151 586 1181 554 1181
845 409 877 409 877 439 845 439
765 690 802 690 802 720 765 720
220 1020 232 1020 232 1051 220 1051
834 817 865 817 865 848 834 848
211 1050 243 1050 243 1081 211 1081
282 880 314 880 314 911 282 911
420 867 455 867 455 898 420 898
770 384 796 384 796 415 770 415
623 1014 659 1014 659 1045 623 1045
486 372 526 372 526 403 486 403
823 1311 838 1311 838 1342 823 1342
774 607 789 607 789 638 774 638
781 1301 796 1301 796 1332 781 1332
690 341 706 341 706 372 690 372
499 791 519 791 519 822 499 822
688 660 709 660 709 691 688 691
282 734 306 734 306 765 282 765
559 830 585 830 585 861 559 861
218 548 246 548 246 579 218 579
560 309 598 309 598 340 560 340
849 1205 876 1205 876 1237 849 1237
145 668 179 668 179 700 145 700
211 878 246 878 246 910 211 910
485 706 520 706 520 738 485 738
425 692 448 692 448 724 425 724
819 1226 845 1226 845 1258 819 1258
632 1116 661 1116 661 1148 632 1148
717 538 746 538 746 570 717 570
765 840 794 840 794 872 765 872
500 918 515 918 515 951 500 951
689 624 710 624 710 657 689 657
355 454 387 454 387 487 355 487
419 479 452 479 452 512 419 512
420 305 457 305 457 338 420 338
622 959 659 959 659 992 622 992
290 1113 306 1113 306 1146 290 1146
356 693 381 693 381 726 356 726
769 314 798 314 798 347 769 347
147 511 179 511 179 544 147 544
558 689 591 689 591 722 558 722
831 543 868 543 868 576 831 576
829 875 866 875 866 908 829 908
630 333 669 333 669 366 630 366
639 672 652 672 652 705 639 705
724 433 742 433 742 466 724 466
625 1344 656 1344 656 1377 625 1377
416 1278 448 1278 448 1311 416 1311
359 507 374 507 374 541 359 541
275 1309 311 1309 311 1343 275 1343
85 626 124 626 124 660 85 660
198 1305 238 1305 238 1339 198 1339
419 509 464 509 464 543 419 543
349 762 394 762 394 796 349 796
302 484 320 484 320 518 302 518
425 581 448 581 448 615 425 615
216 739 244 739 244 773 216 773
492 1132 521 1132 521 1166 492 1166
768 482 799 482 799 516 768 516
424 352 455 352 455 386 424 386
282 676 315 676 315 710 282 710
568 860 582 860 582 895 568 895
430 405 446 405 446 440 430 440
284 309 306 309 306 344 284 344
423 541 448 541 448 576 423 576
558 1241 591 1241 591 1276 558 1276
362 724 375 724 375 759 362 759
564 382 590 382 590 417 564 417
489 597 518 597 518 632 489 632
296 448 329 448 329 483 296 483
624 1149 660 1149 660 1184 624 1184
278 1017 315 1017 315 1052 278 1052
211 498 250 498 250 533 211 533
759 951 799 951 799 986 759 986
780 1146 788 1146 788 1181 780 1181
368 812 377 812 377 847 368 847
852 1097 878 1097 878 1132 852 1132
206 1169 247 1169 247 1204 206 1204
759 1181 802 1181 802 1216 759 1216
719 499 745 499 745 535 719 535
715 572 742 572 742 608 715 608
353 846 386 846 386 882 353 882
487 870 528 870 528 906 487 906
61 308 111 308 111 344 61 344
853 1167 877 1167 877 1203 853 1203
566 342 598 342 598 378 566 378
278 612 317 612 317 648 278 648
552 1114 593 1114 593 1150 552 1150
347 393 393 393 393 429 347 429
625 1241 658 1241 658 1278 625 1278
553 1056 590 1056 590 1093 553 1093
829 664 872 664 872 701 829 701
506 1291 514 1291 514 1328 506 1328
769 989 792 989 792 1026 769 1026
349 539 386 539 386 576 349 576
208 930 246 930 246 967 208 967
561 462 602 462 602 499 561 499
416 1366 460 1366 460 1403 416 1403
522 519 529 519 529 556 522 556
627 556 660 556 660 593 627 593
349 629 384 629 384 666 349 666
850 1325 877 1325 877 1363 850 1363
629 456 663 456 663 494 629 494
837 580 873 580 873 618 837 618
551 627 597 627 597 665 551 665
761 348 809 348 809 386 761 386
441 1040 448 1040 448 1079 441 1079
773 1218 792 1218 792 1257 773 1257
77 559 97 559 97 598 77 598
215 604 248 604 248 643 215 643
764 911 798 911 798 950 764 950
202 1362 238 1362 238 1401 202 1401
279 344 323 344 323 383 279 383
277 954 312 954 312 993 277 993
416 1003 460 1003 460 1042 416 1042
416 1108 460 1108 460 1147 416 1147
421 441 453 441 453 480 421 480
146 565 181 565 181 604 146 604
286 807 310 807 310 847 286 847
148 304 181 304 181 344 148 344
279 916 315 916 315 956 279 956
759 1102 796 1102 796 1142 759 1142
830 449 872 449 872 489 830 489
829 775 871 775 871 815 829 815
638 370 658 370 658 411 638 411
773 541 796 541 796 582 773 582
765 1026 790 1026 790 1067 765 1067
142 448 181 448 181 489 142 489
622 847 666 847 666 888 622 888
413 948 459 948 459 989 413 989
285 382 308 382 308 423 285 423
626 409 665 409 665 450 626 450
490 551 531 551 531 592 490 592
366 592 374 592 374 633 366 633
749 1362 768 1362 768 1404 749 1404
278 766 319 766 319 808 278 808
206 1083 250 1083 250 1125 206 1125
826 625 872 625 872 667 826 667
566 419 589 419 589 461 566 461
485 635 533 635 533 677 485 677
551 946 591 946 591 988 551 988
210 776 250 776 250 818 210 818
719 642 739 642 739 685 719 685
626 491 665 491 665 534 626 534
620 1278 660 1278 660 1321 620 1321
278 516 319 516 319 559 278 559
626 733 669 733 669 776 626 776
830 729 874 729 874 772 830 772
834 230 870 230 870 274 834 274
762 414 806 414 806 458 762 458
200 1243 249 1243 249 1287 200 1287
514 908 521 908 521 952 514 952
563 743 586 743 586 787 563 787
760 1066 795 1066 795 1110 760 1110
556 581 595 581 595 625 556 625
762 873 803 873 803 917 762 917
72 508 116 508 116 552 72 552
488 1362 519 1362 519 1406 488 1406
765 721 802 721 802 765 765 765
212 818 249 818 249 863 212 863
556 787 602 787 602 832 556 832
210 1125 242 1125 242 1171 210 1171
273 1357 312 1357 312 1403 273 1403
63 353 113 353 113 399 63 399
279 564 316 564 316 611 279 611
200 1206 250 1206 250 1253 200 1253
60 406 116 406 116 453 60 453
272 1245 312 1245 312 1293 272 1293
67 457 114 457 114 505 67 505
210 446 250 446 250 495 210 495
483 996 531 996 531 1045 483 1045
622 886 665 886 665 936 622 936
767 767 796 767 796 817 767 817
830 929 867 929 867 979 830 979
207 991 243 991 243 1041 207 1041
416 1143 458 1143 458 1194 416 1194
414 807 455 807 455 860 414 860
491 1049 527 1049 527 1102 491 1102
503 405 512 405 512 459 503 459
214 330 249 330 249 384 214 384
552 978 598 978 598 1033 552 1033
213 668 248 668 248 733 213 733
