825 305 854 305 854 314 825 314
163 1117 176 1117 176 1129 163 1129
420 819 446 819 446 832 420 832
434 1269 448 1269 448 1283 434 1283
901 696 917 696 917 710 901 710
422 485 442 485 442 502 422 502
206 1287 250 1287 250 1304 206 1304
345 1325 378 1325 378 1342 345 1342
221 572 240 572 240 590 221 590
493 1255 514 1255 514 1273 493 1273
355 364 378 364 378 382 355 382
146 302 174 302 174 320 146 320
903 655 918 655 918 673 903 673
490 330 513 330 513 348 490 348
824 876 854 876 854 894 824 894
357 648 377 648 377 667 357 667
486 634 509 634 509 653 486 653
555 659 578 659 578 678 555 678
152 831 173 831 173 850 152 850
351 1159 372 1159 372 1178 351 1178
696 418 717 418 717 437 696 437
765 750 784 750 784 769 765 769
143 660 171 660 171 679 143 679
420 1218 441 1218 441 1238 420 1238
422 1029 444 1029 444 1049 422 1049
150 480 173 480 173 500 150 500
690 962 718 962 718 982 690 982
897 596 917 596 917 616 897 616
224 1219 245 1219 245 1239 224 1239
558 542 579 542 579 562 558 562
562 815 583 815 583 835 562 835
899 408 914 408 914 429 899 429
833 830 850 830 850 851 833 851
490 947 511 947 511 968 490 968
695 777 717 777 717 798 695 798
625 1010 647 1010 647 1031 625 1031
218 891 240 891 240 912 218 912
628 640 651 640 651 661 628 661
425 831 439 831 439 852 425 852
422 774 443 774 443 795 422 795
900 868 921 868 921 889 900 889
763 1133 784 1133 784 1154 763 1154
698 371 712 371 712 392 698 392
832 571 850 571 850 592 832 592
899 892 920 892 920 913 899 913
146 567 170 567 170 588 146 588
145 970 176 970 176 991 145 991
414 796 450 796 450 817 414 817
210 631 249 631 249 652 210 652
220 515 234 515 234 537 220 537
900 1059 917 1059 917 1081 900 1081
899 818 916 818 916 840 899 840
211 341 246 341 246 363 211 363
358 1066 367 1066 367 1088 358 1088
424 431 438 431 438 453 424 453
491 673 505 673 505 695 491 695
563 1075 584 1075 584 1097 563 1097
636 1240 657 1240 657 1262 636 1262
479 654 516 654 516 676 479 676
550 420 591 420 591 442 550 442
421 1126 451 1126 451 1148 421 1148
768 371 794 371 794 394 768 394
211 955 248 955 248 978 211 978
142 544 180 544 180 567 142 567
900 673 917 673 917 696 900 696
351 540 377 540 377 563 351 563
764 831 790 831 790 854 764 854
547 938 586 938 586 961 547 961
822 722 861 722 861 745 822 745
633 368 647 368 647 392 633 392
488 1034 513 1034 513 1058 488 1058
141 1347 175 1347 175 1371 141 1371
142 710 178 710 178 734 142 734
834 854 850 854 850 878 834 878
355 483 374 483 374 507 355 507
218 724 243 724 243 748 218 748
154 1292 188 1292 188 1316 154 1316
630 1352 664 1352 664 1376 630 1376
144 887 180 887 180 911 144 911
756 773 797 773 797 797 756 797
887 954 928 954 928 978 887 978
818 897 860 897 860 921 818 921
223 1164 239 1164 239 1188 223 1188
360 989 382 989 382 1013 360 1013
630 1181 661 1181 661 1205 630 1205
752 625 788 625 788 649 752 649
356 597 371 597 371 622 356 622
422 978 438 978 438 1003 422 1003
896 540 915 540 915 565 896 565
349 733 382 733 382 758 349 758
483 1128 521 1128 521 1153 483 1153
562 438 578 438 578 463 562 463
491 893 507 893 507 918 491 918
424 719 441 719 441 744 424 744
419 537 443 537 443 562 419 562
148 913 175 913 175 938 148 938
552 335 585 335 585 360 552 360
552 835 587 835 587 860 552 860
153 776 168 776 168 802 153 802
362 845 378 845 378 871 362 871
487 1006 513 1006 513 1032 487 1032
347 1271 377 1271 377 1297 347 1297
560 757 577 757 577 783 560 783
568 1018 597 1018 597 1044 568 1044
282 330 312 330 312 356 282 356
618 215 650 215 650 241 618 241
360 755 393 755 393 781 360 781
345 1298 379 1298 379 1324 345 1324
820 474 860 474 860 500 820 500
698 718 713 718 713 744 698 744
695 588 712 588 712 614 695 614
548 393 584 393 584 419 548 419
139 680 177 680 177 706 139 706
888 478 928 478 928 504 888 504
479 351 520 351 520 377 479 377
696 934 712 934 712 961 696 961
622 664 654 664 654 691 622 691
347 1014 381 1014 381 1041 347 1041
345 619 385 619 385 646 345 646
413 589 458 589 458 616 413 616
490 573 502 573 502 600 490 600
631 955 645 955 645 982 631 982
626 579 644 579 644 606 626 606
690 391 725 391 725 418 690 418
142 321 182 321 182 348 142 348
142 991 182 991 182 1018 142 1018
687 499 718 499 718 527 687 527
892 1323 923 1323 923 1351 892 1351
687 833 720 833 720 861 687 861
762 303 800 303 800 331 762 331
212 1003 258 1003 258 1031 212 1031
151 419 164 419 164 447 151 447
766 1317 783 1317 783 1345 766 1345
353 1184 371 1184 371 1212 353 1212
358 386 387 386 387 414 358 414
626 392 655 392 655 420 626 420
411 849 456 849 456 877 411 877
152 633 169 633 169 661 152 661
745 212 777 212 777 240 745 240
892 838 924 838 924 866 892 866
215 749 248 749 248 777 215 777
688 471 724 471 724 499 688 499
551 1349 591 1349 591 1377 551 1377
821 626 861 626 861 654 821 654
898 1083 919 1083 919 1112 898 1112
562 957 585 957 585 986 562 986
414 506 450 506 450 535 414 535
154 1258 162 1258 162 1287 154 1287
494 1195 508 1195 508 1224 494 1224
765 922 783 922 783 951 765 951
223 647 251 647 251 676 223 676
829 500 862 500 862 529 829 529
627 1120 644 1120 644 1149 627 1149
221 834 241 834 241 863 221 863
142 351 169 351 169 380 142 380
424 299 452 299 452 328 424 328
689 613 719 613 719 642 689 642
359 921 390 921 390 950 359 950
417 1094 449 1094 449 1123 417 1123
622 1321 656 1321 656 1350 622 1350
413 1001 451 1001 451 1030 413 1030
550 1094 589 1094 589 1123 550 1123
415 1243 458 1243 458 1272 415 1272
763 1073 780 1073 780 1103 763 1103
419 561 440 561 440 591 419 591
348 509 375 509 375 539 348 539
480 1318 515 1318 515 1348 480 1348
415 743 451 743 451 773 415 773
357 1132 393 1132 393 1162 357 1162
622 1260 662 1260 662 1290 622 1290
547 597 593 597 593 627 547 627
223 1031 237 1031 237 1061 223 1061
488 770 515 770 515 800 488 800
757 952 789 952 789 982 757 982
550 567 583 567 583 597 550 597
482 299 515 299 515 329 482 329
825 653 863 653 863 683 825 683
890 309 930 309 930 339 890 339
148 1029 172 1029 172 1060 148 1060
284 471 313 471 313 502 284 502
214 1061 245 1061 245 1092 214 1092
754 1233 787 1233 787 1264 754 1264
623 979 657 979 657 1010 623 1010
415 451 449 451 449 482 415 482
620 1034 656 1034 656 1065 620 1065
688 440 725 440 725 471 688 471
345 1239 382 1239 382 1270 345 1270
481 834 520 834 520 865 481 865
213 859 252 859 252 890 213 890
550 782 591 782 591 813 550 813
559 1117 574 1117 574 1148 559 1148
756 686 782 686 782 717 756 717
761 1346 790 1346 790 1377 761 1377
479 598 513 598 513 629 479 629
891 564 926 564 926 595 891 595
756 718 792 718 792 749 756 749
410 948 454 948 454 979 410 979
289 297 304 297 304 328 289 328
358 415 375 415 375 446 358 446
901 916 922 916 922 947 901 947
898 338 920 338 920 369 898 369
893 1351 920 1351 920 1382 893 1382
490 466 518 466 518 497 490 497
892 787 924 787 924 818 892 818
417 1182 449 1182 449 1213 417 1213
778 254 810 254 810 285 778 285
350 330 385 330 385 361 350 361
410 922 451 922 451 953 410 953
680 983 725 983 725 1014 680 1014
159 941 172 941 172 973 159 973
491 374 506 374 506 406 491 406
222 1345 240 1345 240 1377 222 1377
484 499 515 499 515 531 484 531
894 710 925 710 925 742 894 742
346 1342 379 1342 379 1374 346 1374
483 802 517 802 517 834 483 834
484 1222 520 1222 520 1254 484 1254
481 915 519 915 519 947 481 947
211 971 252 971 252 1003 211 1003
344 701 387 701 387 733 344 733
626 1288 654 1288 654 1320 626 1320
826 436 857 436 857 468 826 468
826 1085 857 1085 857 1117 826 1117
417 330 449 330 449 362 417 362
344 671 378 671 378 703 344 703
689 743 725 743 725 775 689 775
619 606 656 606 656 638 619 638
617 304 657 304 657 336 617 336
751 651 791 651 791 683 751 683
890 372 936 372 936 404 890 404
145 798 178 798 178 831 145 831
488 1095 522 1095 522 1128 488 1128
213 778 253 778 253 811 213 811
633 1088 649 1088 649 1121 633 1121
422 1149 446 1149 446 1182 422 1182
484 1061 519 1061 519 1094 484 1094
140 1225 176 1225 176 1258 140 1258
482 970 519 970 519 1003 482 1003
478 864 519 864 519 897 478 897
754 1099 795 1099 795 1132 754 1132
747 553 790 553 790 586 747 586
830 684 851 684 851 717 830 717
554 984 583 984 583 1017 554 1017
349 302 384 302 384 335 349 335
620 336 662 336 662 369 620 369
550 726 592 726 592 759 550 759
683 801 731 801 731 834 683 834
834 593 847 593 847 627 834 627
351 1087 377 1087 377 1121 351 1121
211 1093 251 1093 251 1127 211 1127
690 553 731 553 731 587 690 587
548 359 592 359 592 393 548 393
492 434 507 434 507 468 492 468
556 300 580 300 580 334 556 334
825 922 856 922 856 956 825 956
483 1346 514 1346 514 1380 483 1380
766 799 781 799 781 834 766 834
550 1148 581 1148 581 1183 550 1183
211 483 246 483 246 518 211 518
756 1262 791 1262 791 1297 756 1297
754 395 791 395 791 430 754 430
214 1184 251 1184 251 1219 214 1219
753 855 791 855 791 890 753 890
142 443 179 443 179 478 142 478
482 405 524 405 524 440 482 440
891 618 923 618 923 653 891 653
778 214 807 214 807 250 778 250
415 401 450 401 450 437 415 437
348 1210 386 1210 386 1246 348 1246
210 535 249 535 249 571 210 571
347 814 390 814 390 850 347 850
819 1045 866 1045 866 1081 819 1081
424 611 443 611 443 647 424 647
488 1281 508 1281 508 1317 488 1317
211 217 251 217 251 253 211 253
410 690 454 690 454 726 410 726
142 1312 166 1312 166 1348 142 1348
142 381 175 381 175 417 142 417
348 780 386 780 386 816 348 816
692 894 730 894 730 930 692 930
618 1148 663 1148 663 1184 618 1184
219 597 239 597 239 634 219 634
355 949 375 949 375 986 355 986
351 1038 383 1038 383 1075 351 1075
687 864 723 864 723 901 687 901
621 1065 661 1065 661 1102 621 1102
347 561 388 561 388 598 347 598
618 506 661 506 661 543 618 543
620 732 666 732 666 769 620 769
756 1287 803 1287 803 1324 756 1324
898 978 919 978 919 1015 898 1015
218 916 242 916 242 953 218 953
144 594 168 594 168 631 144 631
559 462 584 462 584 499 559 499
222 359 249 359 249 396 222 396
276 439 316 439 316 476 276 476
486 695 506 695 506 733 486 733
218 1304 246 1304 246 1342 218 1342
147 852 175 852 175 890 147 890
214 445 245 445 245 483 214 483
888 503 924 503 924 541 888 541
891 1021 933 1021 933 1059 891 1059
209 1126 254 1126 254 1164 209 1164
766 332 782 332 782 370 766 370
355 445 386 445 386 483 355 483
894 1196 926 1196 926 1234 894 1234
692 341 728 341 728 379 692 379
835 1118 855 1118 855 1157 835 1157
898 1155 924 1155 924 1194 898 1194
619 421 662 421 662 460 619 460
629 691 651 691 651 730 629 730
623 767 655 767 655 806 623 806
688 521 721 521 721 560 688 560
486 732 503 732 503 772 486 772
287 355 312 355 312 395 287 395
618 540 653 540 653 580 618 580
759 882 797 882 797 922 759 922
765 1195 780 1195 780 1235 765 1235
694 302 724 302 724 342 694 342
550 1043 586 1043 586 1083 550 1083
889 1235 926 1235 926 1275 889 1275
208 302 246 302 246 342 208 342
617 1209 657 1209 657 1249 617 1249
208 399 250 399 250 439 208 439
756 425 798 425 798 465 756 465
760 1155 788 1155 788 1195 760 1195
214 805 243 805 243 845 214 845
894 744 925 744 925 784 894 784
477 533 516 533 516 573 477 573
621 848 661 848 661 888 621 888
753 584 795 584 795 624 753 624
687 644 732 644 732 684 687 684
413 362 460 362 460 402 413 402
140 1138 188 1138 188 1178 140 1178
278 397 320 397 320 438 278 438
148 505 169 505 169 546 148 546
554 896 582 896 582 937 554 937
216 1242 245 1242 245 1283 216 1283
828 747 862 747 862 788 828 788
818 318 859 318 859 359 818 359
616 242 655 242 655 283 616 283
618 461 662 461 662 502 618 502
547 1187 593 1187 593 1228 547 1228
562 859 578 859 578 901 562 901
422 1052 444 1052 444 1094 422 1094
415 1283 451 1283 451 1325 415 1325
690 683 727 683 727 725 690 725
548 1306 589 1306 589 1348 548 1348
559 498 580 498 580 541 559 541
486 1152 518 1152 518 1195 486 1195
552 625 592 625 592 668 552 668
754 1033 794 1033 794 1076 754 1076
820 999 861 999 861 1042 820 1042
822 786 865 786 865 829 822 829
885 431 929 431 929 474 885 474
619 921 657 921 657 964 619 964
750 466 794 466 794 509 750 509
751 510 788 510 788 554 751 554
619 805 657 805 657 849 619 849
549 1269 590 1269 590 1313 549 1313
889 214 933 214 933 258 889 258
622 884 662 884 662 929 622 929
894 1278 917 1278 917 1323 894 1323
411 645 457 645 457 690 411 690
287 499 308 499 308 544 287 544
554 678 584 678 584 723 554 723
825 528 861 528 861 574 825 574
140 1057 182 1057 182 1103 140 1103
549 1227 595 1227 595 1273 549 1273
823 952 854 952 854 999 823 999
888 1116 931 1116 931 1163 888 1163
143 731 179 731 179 779 143 779
757 985 790 985 790 1034 757 1034
350 871 384 871 384 920 350 920
217 675 234 675 234 725 217 725
426 868 447 868 447 920 426 920
415 1323 455 1323 455 1375 415 1375
