458 399 471 399 471 406 458 406
185 551 200 551 200 559 185 559
574 928 607 928 607 936 574 936
302 466 328 466 328 480 302 480
576 579 604 579 604 593 576 593
504 684 534 684 534 698 504 698
375 1351 385 1351 385 1367 375 1367
574 1175 599 1175 599 1191 574 1191
232 726 264 726 264 742 232 742
629 1196 654 1196 654 1213 629 1213
567 775 617 775 617 792 567 792
97 406 126 406 126 423 97 423
292 1064 333 1064 333 1081 292 1081
661 1230 687 1230 687 1248 661 1248
366 774 394 774 394 792 366 792
232 623 266 623 266 641 232 641
663 1143 685 1143 685 1161 663 1161
431 1286 462 1286 462 1304 431 1304
375 366 393 366 393 385 375 385
99 504 120 504 120 523 99 523
645 836 664 836 664 855 645 855
519 1332 546 1332 546 1351 519 1351
633 1231 647 1231 647 1250 633 1250
436 994 464 994 464 1013 436 1013
634 1212 647 1212 647 1232 634 1232
626 1280 654 1280 654 1300 626 1300
301 1304 319 1304 319 1324 301 1324
505 381 536 381 536 402 505 402
372 904 389 904 389 925 372 925
437 1262 455 1262 455 1283 437 1283
168 1293 190 1293 190 1314 168 1314
630 1149 653 1149 653 1170 630 1170
668 1098 681 1098 681 1119 668 1119
113 480 134 480 134 501 113 501
243 677 252 677 252 699 243 699
229 837 259 837 259 859 229 859
362 721 393 721 393 743 362 743
633 1123 647 1123 647 1145 633 1145
430 1140 465 1140 465 1162 430 1162
427 1328 467 1328 467 1350 427 1350
656 1044 682 1044 682 1066 656 1066
632 1074 654 1074 654 1097 632 1097
171 660 188 660 188 683 171 683
233 1164 252 1164 252 1187 233 1187
646 886 665 886 665 909 646 909
239 404 259 404 259 427 239 427
294 1227 324 1227 324 1251 294 1251
227 1235 259 1235 259 1259 227 1259
92 423 126 423 126 447 92 447
569 1263 605 1263 605 1287 569 1287
663 1200 682 1200 682 1224 663 1224
105 667 124 667 124 691 105 691
577 829 600 829 600 853 577 853
368 303 398 303 398 327 368 327
92 1011 123 1011 123 1035 92 1035
296 336 333 336 333 360 296 360
223 1259 262 1259 262 1283 223 1283
242 350 258 350 258 374 242 374
300 910 321 910 321 934 300 934
97 568 132 568 132 592 97 592
429 1350 473 1350 473 1374 429 1374
238 564 257 564 257 589 238 589
567 1350 596 1350 596 1375 567 1375
95 956 126 956 126 981 95 981
501 795 537 795 537 820 501 820
360 1225 405 1225 405 1250 360 1250
645 306 665 306 665 331 645 331
372 1122 395 1122 395 1147 372 1147
630 1097 659 1097 659 1122 630 1122
226 1190 262 1190 262 1215 226 1215
291 1039 327 1039 327 1064 291 1064
424 1305 466 1305 466 1330 424 1330
376 695 392 695 392 721 376 721
239 780 255 780 255 806 239 806
301 1252 321 1252 321 1278 301 1278
661 1118 690 1118 690 1144 661 1144
96 694 131 694 131 720 96 720
636 914 672 914 672 940 636 940
295 1349 333 1349 333 1375 295 1375
586 746 599 746 599 772 586 772
108 378 122 378 122 404 108 404
442 966 457 966 457 992 442 992
649 938 665 938 665 964 649 964
169 561 196 561 196 587 169 587
571 946 605 946 605 972 571 972
665 1247 678 1247 678 1273 665 1273
512 910 529 910 529 936 512 936
162 387 206 387 206 413 162 413
305 356 323 356 323 383 305 383
367 429 402 429 402 456 367 456
157 1266 199 1266 199 1293 157 1293
171 915 181 915 181 942 171 942
104 1066 125 1066 125 1093 104 1093
506 1200 529 1200 529 1227 506 1227
637 679 669 679 669 706 637 706
221 1027 266 1027 266 1054 221 1054
375 838 389 838 389 866 375 866
510 1171 526 1171 526 1199 510 1199
630 1249 647 1249 647 1277 630 1277
171 357 189 357 189 385 171 385
302 716 321 716 321 744 302 744
580 976 600 976 600 1004 580 1004
652 409 685 409 685 437 652 437
639 1345 675 1345 675 1373 639 1373
360 745 398 745 398 773 360 773
835 592 877 592 877 620 835 620
634 1166 648 1166 648 1194 634 1194
242 697 258 697 258 725 242 725
228 807 262 807 262 835 228 835
373 531 390 531 390 559 373 559
580 381 597 381 597 409 580 409
644 772 662 772 662 800 644 800
92 1305 127 1305 127 1333 92 1333
506 658 543 658 543 686 506 686
106 447 119 447 119 476 106 476
514 483 528 483 528 512 514 512
169 303 190 303 190 332 169 332
508 1230 524 1230 524 1259 508 1259
658 1068 686 1068 686 1097 658 1097
367 1025 398 1025 398 1054 367 1054
229 898 262 898 262 927 229 927
293 841 327 841 327 870 293 870
293 1131 327 1131 327 1160 293 1160
158 1131 199 1131 199 1160 158 1160
512 349 526 349 526 378 512 378
302 1326 318 1326 318 1355 302 1355
300 565 333 565 333 594 300 594
230 923 265 923 265 952 230 952
226 375 266 375 266 404 226 404
435 672 466 672 466 702 435 702
362 1278 395 1278 395 1308 362 1308
162 1233 198 1233 198 1263 162 1263
569 896 606 896 606 926 569 926
635 740 668 740 668 770 635 770
159 682 196 682 196 712 159 712
573 678 611 678 611 708 573 708
91 980 136 980 136 1010 91 1010
367 1321 389 1321 389 1352 367 1352
582 1278 596 1278 596 1309 582 1309
302 681 323 681 323 712 302 712
512 939 533 939 533 970 512 970
664 1275 687 1275 687 1306 664 1306
92 827 115 827 115 858 92 858
362 1250 398 1250 398 1281 362 1281
434 603 470 603 470 634 434 634
368 927 406 927 406 958 368 958
431 1104 471 1104 471 1135 431 1135
159 1343 204 1343 204 1374 159 1374
597 1344 604 1344 604 1375 597 1375
238 994 254 994 254 1025 238 1025
97 1123 130 1123 130 1154 97 1154
642 856 679 856 679 887 642 887
161 797 203 797 203 828 161 828
501 553 544 553 544 584 501 584
157 333 202 333 202 364 157 364
301 384 329 384 329 416 301 416
163 512 204 512 204 544 163 544
578 1226 595 1226 595 1258 578 1258
237 644 257 644 257 676 237 676
294 1157 332 1157 332 1189 294 1189
571 1193 611 1193 611 1225 571 1225
638 1041 643 1041 643 1074 638 1074
846 547 870 547 870 580 846 580
96 1033 123 1033 123 1066 96 1066
97 634 132 634 132 667 97 667
227 1096 268 1096 268 1129 227 1129
104 799 117 799 117 832 104 832
643 336 672 336 672 369 643 369
164 589 197 589 197 622 164 622
636 566 676 566 676 599 636 599
291 1190 332 1190 332 1223 291 1223
495 1340 540 1340 540 1373 495 1373
571 347 611 347 611 380 571 380
430 779 475 779 475 812 430 812
236 1206 253 1206 253 1240 236 1240
438 702 465 702 465 736 438 736
573 1141 606 1141 606 1175 573 1175
231 1338 269 1338 269 1372 231 1372
367 1150 405 1150 405 1184 367 1184
638 599 677 599 677 633 638 633
294 1271 334 1271 334 1305 294 1305
163 1313 184 1313 184 1347 163 1347
237 428 259 428 259 463 237 463
166 1094 188 1094 188 1129 166 1129
96 764 124 764 124 799 96 799
91 1092 129 1092 129 1127 91 1127
502 583 542 583 542 618 502 618
633 1309 681 1309 681 1344 633 1344
225 1129 268 1129 268 1164 225 1164
658 1164 688 1164 688 1199 658 1199
573 597 606 597 606 632 573 632
637 800 674 800 674 835 637 835
156 1020 203 1020 203 1055 156 1055
375 330 394 330 394 366 375 366
576 710 605 710 605 746 576 746
574 454 607 454 607 490 574 490
97 595 132 595 132 631 97 631
93 343 128 343 128 379 93 379
641 530 679 530 679 566 641 566
231 743 272 743 272 779 231 779
735 457 777 457 777 493 735 493
362 964 404 964 404 1000 362 1000
657 372 675 372 675 408 657 408
164 944 199 944 199 980 164 980
231 587 270 587 270 623 231 623
432 1016 474 1016 474 1052 432 1052
836 308 879 308 879 344 836 344
380 990 387 990 387 1026 380 1026
646 998 668 998 668 1034 646 1034
515 1256 523 1256 523 1293 515 1293
235 525 258 525 258 562 235 562
502 1293 535 1293 535 1330 502 1330
161 716 199 716 199 753 161 753
93 303 138 303 138 340 93 340
504 1021 537 1021 537 1058 504 1058
159 1158 192 1158 192 1195 159 1195
566 1309 605 1309 605 1346 566 1346
360 613 402 613 402 650 360 650
301 299 336 299 336 337 301 337
579 1055 595 1055 595 1093 579 1093
154 1054 194 1054 194 1092 154 1092
501 403 541 403 541 441 501 441
95 863 122 863 122 901 95 901
364 497 403 497 403 535 364 535
637 962 677 962 677 1000 637 1000
158 1196 200 1196 200 1234 158 1234
505 822 540 822 540 861 505 861
229 956 265 956 265 995 229 995
364 458 405 458 405 497 364 497
362 1091 408 1091 408 1130 362 1130
368 387 394 387 394 426 368 426
434 633 464 633 464 672 434 672
101 527 134 527 134 566 101 566
362 1056 402 1056 402 1095 362 1095
576 411 602 411 602 451 576 451
235 858 265 858 265 898 235 898
361 1185 400 1185 400 1225 361 1225
432 738 474 738 474 778 432 778
576 857 600 857 600 897 576 897
507 516 536 516 536 556 507 556
432 509 473 509 473 549 432 549
293 871 333 871 333 912 293 912
638 438 680 438 680 479 638 479
432 463 476 463 476 504 432 504
93 1211 128 1211 128 1252 93 1252
88 720 130 720 130 761 88 761
157 753 200 753 200 794 157 794
572 634 608 634 608 676 572 676
292 1086 328 1086 328 1128 292 1128
570 302 608 302 608 344 570 344
89 1332 128 1332 128 1374 89 1374
640 237 681 237 681 279 640 279
567 789 609 789 609 832 567 832
289 937 331 937 331 980 289 980
159 829 202 829 202 872 159 872
498 699 541 699 541 742 498 742
638 633 684 633 684 676 638 676
288 796 335 796 335 839 288 839
436 303 464 303 464 346 436 346
294 524 333 524 333 567 294 567
363 862 404 862 404 905 363 905
158 976 199 976 199 1019 158 1019
502 864 539 864 539 908 502 908
573 538 614 538 614 582 573 582
511 442 540 442 540 487 511 487
429 1162 467 1162 467 1207 429 1207
431 815 470 815 470 860 431 860
640 704 671 704 671 749 640 749
227 1055 261 1055 261 1100 227 1100
431 349 474 349 474 394 431 394
838 446 883 446 883 491 838 491
577 1095 596 1095 596 1140 577 1140
503 613 540 613 540 658 503 658
294 748 332 748 332 793 294 793
158 875 196 875 196 920 158 920
839 396 884 396 884 442 839 442
730 507 785 507 785 553 730 553
837 348 879 348 879 394 837 394
431 418 474 418 474 464 431 464
299 417 335 417 335 464 299 464
501 301 539 301 539 348 501 348
431 549 471 549 471 596 431 596
159 464 199 464 199 511 159 511
500 744 542 744 542 791 500 791
293 479 336 479 336 526 293 526
294 594 332 594 332 642 294 642
498 974 547 974 547 1022 498 1022
431 1054 468 1054 468 1103 431 1103
837 492 885 492 885 542 837 542
635 481 682 481 682 531 635 531
500 1061 539 1061 539 1112 500 1112
429 1209 474 1209 474 1262 429 1262
499 1118 543 1118 543 1171 499 1171
295 981 335 981 335 1035 295 1035
88 901 129 901 129 955 88 955
228 463 265 463 265 518 228 518
432 915 470 915 470 970 432 970
93 1253 135 1253 135 1310 93 1310
570 486 610 486 610 543 570 543
228 1283 263 1283 263 1342 228 1342
428 861 471 861 471 923 428 923
