849 565 865 565 865 579 849 579
552 976 583 976 583 992 552 992
555 1388 590 1388 590 1404 555 1404
274 555 303 555 303 571 274 571
485 1056 516 1056 516 1072 485 1072
143 963 163 963 163 980 143 980
417 1290 446 1290 446 1307 417 1307
274 1282 319 1282 319 1299 274 1299
265 954 312 954 312 972 265 972
498 1376 515 1376 515 1394 498 1394
417 605 436 605 436 623 417 623
775 1373 797 1373 797 1392 775 1392
768 448 788 448 788 467 768 467
125 504 137 504 137 524 125 524
496 1354 512 1354 512 1374 496 1374
120 745 142 745 142 765 120 765
120 880 149 880 149 900 120 900
625 487 660 487 660 507 625 507
196 736 240 736 240 756 196 756
476 1384 525 1384 525 1404 476 1404
285 1363 303 1363 303 1383 285 1383
903 699 942 699 942 719 903 719
770 297 791 297 791 317 770 317
134 292 157 292 157 312 134 312
121 841 146 841 146 861 121 861
772 868 794 868 794 889 772 889
124 624 138 624 138 645 124 645
767 567 788 567 788 588 767 588
284 1381 315 1381 315 1402 284 1402
478 538 513 538 513 559 478 559
701 451 717 451 717 473 701 473
141 1308 159 1308 159 1330 141 1330
914 1278 942 1278 942 1300 914 1300
409 632 454 632 454 654 409 654
765 684 794 684 794 707 765 707
118 861 151 861 151 884 118 884
281 1339 316 1339 316 1362 281 1362
268 580 318 580 318 603 268 603
562 1080 582 1080 582 1103 562 1103
354 1192 374 1192 374 1215 354 1215
552 445 586 445 586 468 552 468
130 1236 169 1236 169 1259 130 1259
278 671 297 671 297 695 278 695
774 1018 795 1018 795 1042 774 1042
347 1216 378 1216 378 1240 347 1240
159 904 175 904 175 928 159 928
212 715 231 715 231 739 212 739
562 548 582 548 582 572 562 572
491 1027 512 1027 512 1051 491 1051
338 399 384 399 384 423 338 423
157 854 180 854 180 879 157 879
559 1364 585 1364 585 1389 559 1389
120 899 147 899 147 924 120 924
759 712 799 712 799 737 759 737
163 878 178 878 178 903 163 903
423 1226 443 1226 443 1251 423 1251
487 510 508 510 508 535 487 535
840 805 862 805 862 830 840 830
350 1305 379 1305 379 1330 350 1330
629 398 658 398 658 423 629 423
408 656 443 656 443 681 408 681
621 331 656 331 656 356 621 356
900 1304 947 1304 947 1329 900 1329
559 950 579 950 579 976 559 976
280 1084 302 1084 302 1110 280 1110
277 922 301 922 301 948 277 948
155 744 182 744 182 770 155 770
403 537 442 537 442 563 403 563
486 824 507 824 507 850 486 850
419 729 443 729 443 755 419 755
839 587 865 587 865 613 839 613
344 370 367 370 367 397 344 397
271 600 309 600 309 627 271 627
123 673 136 673 136 700 123 700
912 1246 937 1246 937 1273 912 1273
415 1002 447 1002 447 1029 415 1029
840 615 875 615 875 642 840 642
832 1054 867 1054 867 1081 832 1081
902 1184 939 1184 939 1211 902 1211
845 499 862 499 862 527 845 527
560 1134 577 1134 577 1162 560 1162
345 863 365 863 365 891 345 891
414 1164 452 1164 452 1192 414 1192
776 1299 792 1299 792 1327 776 1327
638 452 655 452 655 480 638 480
155 775 181 775 181 803 155 803
693 292 724 292 724 320 693 320
118 560 143 560 143 588 118 588
276 457 307 457 307 485 276 485
197 548 231 548 231 576 197 576
623 427 664 427 664 455 623 455
902 917 944 917 944 945 902 945
639 1340 654 1340 654 1369 639 1369
346 984 364 984 364 1013 346 1013
128 922 148 922 148 951 128 951
119 645 141 645 141 674 119 674
551 473 581 473 581 502 551 502
477 681 513 681 513 710 477 710
636 1076 658 1076 658 1105 636 1105
765 372 788 372 788 401 765 401
420 1255 448 1255 448 1284 420 1284
697 474 727 474 727 503 697 503
550 1106 587 1106 587 1135 550 1135
122 473 139 473 139 503 122 503
632 833 650 833 650 863 632 863
772 1045 804 1045 804 1075 772 1075
550 698 583 698 583 728 550 728
548 382 588 382 588 412 548 412
340 1241 381 1241 381 1271 340 1271
207 421 226 421 226 451 207 451
552 576 582 576 582 606 552 606
619 702 654 702 654 732 619 732
552 1305 587 1305 587 1335 552 1335
346 1334 389 1334 389 1364 346 1364
910 723 931 723 931 754 910 754
157 518 184 518 184 549 157 549
910 409 941 409 941 440 910 440
486 1159 522 1159 522 1190 486 1190
907 1370 946 1370 946 1401 907 1401
269 848 303 848 303 879 269 879
901 840 937 840 937 871 901 871
551 1208 599 1208 599 1239 551 1239
637 1308 656 1308 656 1339 637 1339
120 440 140 440 140 471 120 471
560 1270 580 1270 580 1301 560 1301
912 1027 934 1027 934 1058 912 1058
276 1110 308 1110 308 1141 276 1141
275 774 302 774 302 806 275 806
482 402 510 402 510 434 482 434
336 545 374 545 374 577 336 577
276 1243 320 1243 320 1275 276 1275
913 1209 933 1209 933 1241 913 1241
425 198 467 198 467 230 425 230
556 411 586 411 586 444 556 444
481 474 513 474 513 507 481 507
626 1152 671 1152 671 1185 626 1185
633 950 647 950 647 983 633 983
394 198 422 198 422 231 394 231
119 766 149 766 149 799 119 799
272 519 303 519 303 552 272 552
481 874 512 874 512 907 481 907
624 860 661 860 661 893 624 893
767 834 806 834 806 867 767 867
830 729 865 729 865 762 830 762
633 1370 670 1370 670 1403 633 1403
126 525 138 525 138 559 126 559
156 672 183 672 183 706 156 706
495 1276 527 1276 527 1310 495 1310
337 590 379 590 379 624 337 624
624 362 654 362 654 396 624 396
416 1083 453 1083 453 1117 416 1117
413 1193 452 1193 452 1227 413 1227
481 439 510 439 510 474 481 474
152 479 184 479 184 514 152 514
274 420 308 420 308 455 274 455
153 632 190 632 190 667 153 667
409 336 452 336 452 371 409 371
476 842 521 842 521 877 476 877
139 1330 161 1330 161 1365 139 1365
903 656 936 656 936 691 903 691
153 552 188 552 188 587 153 587
131 1367 170 1367 170 1402 131 1402
336 469 375 469 375 504 336 504
476 322 516 322 516 357 476 357
126 1200 173 1200 173 1235 126 1235
549 1241 596 1241 596 1276 549 1276
119 594 144 594 144 629 119 629
153 707 189 707 189 742 153 742
270 487 307 487 307 522 270 522
341 1269 385 1269 385 1304 341 1304
266 742 313 742 313 778 266 778
417 955 448 955 448 991 417 991
346 1011 379 1011 379 1047 346 1047
116 707 151 707 151 743 116 743
344 1364 389 1364 389 1400 344 1400
203 679 234 679 234 716 203 716
152 592 187 592 187 629 152 629
902 990 946 990 946 1027 902 1027
560 1333 590 1333 590 1370 560 1370
839 1182 876 1182 876 1219 839 1219
477 563 517 563 517 600 477 600
900 368 941 368 941 405 900 405
902 327 949 327 949 364 902 364
839 528 866 528 866 565 839 565
836 460 871 460 871 497 836 497
768 1334 806 1334 806 1371 768 1371
828 331 874 331 874 368 828 368
702 323 716 323 716 361 702 361
485 987 516 987 516 1025 485 1025
411 295 446 295 446 333 411 333
336 825 381 825 381 863 336 863
407 760 454 760 454 798 407 798
554 774 592 774 592 812 554 812
633 1035 672 1035 672 1073 633 1073
918 1061 941 1061 941 1100 918 1100
759 474 804 474 804 513 759 513
404 563 439 563 439 602 404 602
269 1047 310 1047 310 1086 269 1086
840 874 861 874 861 913 840 913
151 437 186 437 186 476 151 476
771 933 790 933 790 973 771 973
841 645 864 645 864 685 841 685
630 1230 665 1230 665 1270 630 1270
476 1076 518 1076 518 1116 476 1116
491 760 509 760 509 800 491 800
414 1122 452 1122 452 1162 414 1162
560 812 580 812 580 853 560 853
898 488 937 488 937 529 898 529
830 832 877 832 877 873 830 873
493 909 507 909 507 950 493 950
486 785 506 785 506 826 486 826
204 323 229 323 229 364 204 364
493 1312 519 1312 519 1353 493 1353
900 797 940 797 940 838 900 838
620 657 661 657 661 698 620 698
474 643 519 643 519 684 474 684
546 660 591 660 591 701 546 701
340 1149 386 1149 386 1190 340 1190
277 1003 307 1003 307 1044 277 1044
767 1169 807 1169 807 1210 767 1210
336 674 377 674 377 715 336 715
291 1297 302 1297 302 1339 291 1339
908 572 930 572 930 614 908 614
844 1224 871 1224 871 1266 844 1266
274 628 309 628 309 670 274 670
830 966 869 966 869 1008 830 1008
270 878 312 878 312 920 270 920
267 808 312 808 312 850 267 850
906 948 941 948 941 990 906 990
835 362 872 362 872 404 835 404
482 1193 520 1193 520 1235 482 1235
903 1138 943 1138 943 1180 903 1180
340 1047 380 1047 380 1089 340 1089
270 698 314 698 314 740 270 740
552 991 596 991 596 1033 552 1033
771 891 796 891 796 934 771 934
119 799 148 799 148 842 119 842
414 797 439 797 439 840 414 840
343 323 372 323 372 366 343 366
154 803 185 803 185 846 154 846
338 626 375 626 375 669 338 669
129 1155 168 1155 168 1198 129 1198
547 730 592 730 592 773 547 773
202 453 228 453 228 496 202 496
275 1198 308 1198 308 1241 275 1241
266 375 309 375 309 418 266 418
411 1034 457 1034 457 1077 411 1077
285 975 300 975 300 1019 285 1019
637 1108 658 1108 658 1152 637 1152
480 358 509 358 509 402 480 402
559 1035 588 1035 588 1079 559 1079
623 1272 668 1272 668 1316 623 1316
125 1108 177 1108 177 1152 125 1152
548 614 587 614 587 658 548 658
130 1259 169 1259 169 1303 130 1303
197 496 239 496 239 540 197 540
408 374 452 374 452 418 408 418
905 870 934 870 934 915 905 915
769 975 802 975 802 1020 769 1020
489 1235 524 1235 524 1280 489 1280
411 685 448 685 448 730 411 730
549 1162 594 1162 594 1207 549 1207
341 783 386 783 386 828 341 828
825 1083 872 1083 872 1128 825 1128
696 405 725 405 725 450 696 450
550 906 586 906 586 951 550 951
763 1210 814 1210 814 1255 763 1255
166 932 172 932 172 977 166 977
473 713 511 713 511 758 473 758
342 941 381 941 381 986 342 986
410 1356 449 1356 449 1401 410 1401
625 986 666 986 666 1031 625 1031
757 593 800 593 800 638 757 638
195 578 238 578 238 623 195 623
776 401 784 401 784 447 776 447
913 440 927 440 927 486 913 486
766 323 799 323 799 369 766 369
485 1116 518 1116 518 1162 485 1162
622 1187 669 1187 669 1233 622 1233
561 329 580 329 580 375 561 375
767 514 793 514 793 560 767 560
757 637 793 637 793 683 757 683
415 1308 451 1308 451 1354 415 1354
409 901 460 901 460 948 409 948
844 687 853 687 853 734 844 734
765 1258 810 1258 810 1305 765 1305
125 374 173 374 173 421 125 421
485 939 524 939 524 986 485 986
623 512 662 512 662 559 623 559
694 355 731 355 731 403 694 403
623 562 666 562 666 610 623 610
195 627 238 627 238 675 195 675
547 503 592 503 592 551 547 551
126 323 174 323 174 371 126 371
829 1006 878 1006 878 1054 829 1054
916 1092 923 1092 923 1140 916 1140
617 734 665 734 665 782 617 782
619 781 663 781 663 830 619 830
760 1126 804 1126 804 1175 760 1175
911 742 936 742 936 791 911 791
626 608 655 608 655 657 626 657
199 368 237 368 237 418 199 418
341 891 376 891 376 941 341 941
764 1084 801 1084 801 1134 764 1134
762 736 799 736 799 786 762 786
832 916 874 916 874 967 832 967
404 483 449 483 449 534 404 534
915 608 923 608 923 660 915 660
836 406 869 406 869 458 836 458
278 1144 301 1144 301 1197 278 1197
758 783 811 783 811 836 758 836
135 984 170 984 170 1037 135 1037
550 854 589 854 589 907 550 907
625 893 656 893 656 948 625 948
923 1317 930 1317 930 1372 923 1372
351 406 358 406 358 462 351 462
344 1090 383 1090 383 1146 344 1146
901 529 932 529 932 585 901 585
833 1123 872 1123 872 1179 833 1179
262 321 302 321 302 380 262 380
404 421 444 421 444 483 404 483
494 584 503 584 503 647 494 647
128 1036 169 1036 169 1105 128 1105
216 749 224 749 224 824 216 824
