212 1420 230 1420 230 1429 212 1429
572 832 585 832 585 841 572 841
422 1224 431 1224 431 1234 422 1234
158 428 166 428 166 439 158 439
152 511 165 511 165 523 152 523
479 462 504 462 504 476 479 476
155 543 167 543 167 558 155 558
268 1418 284 1418 284 1434 268 1434
619 401 647 401 647 417 619 417
546 1127 572 1127 572 1144 546 1144
55 498 84 498 84 515 55 515
271 1042 288 1042 288 1059 271 1059
264 646 293 646 293 663 264 663
692 1070 708 1070 708 1088 692 1088
681 807 711 807 711 825 681 825
540 1077 575 1077 575 1095 540 1095
201 1038 218 1038 218 1056 201 1056
823 615 852 615 852 633 823 633
761 855 778 855 778 874 761 874
611 570 658 570 658 589 611 589
743 1134 761 1134 761 1153 743 1153
687 432 719 432 719 451 687 451
118 1239 161 1239 161 1258 118 1258
774 1211 784 1211 784 1231 774 1231
760 1399 776 1399 776 1419 760 1419
761 965 776 965 776 985 761 985
128 797 155 797 155 817 128 817
267 507 295 507 295 527 267 527
819 503 854 503 854 523 819 523
343 373 353 373 353 393 343 393
190 819 227 819 227 839 190 839
538 568 586 568 586 588 538 588
272 627 286 627 286 648 272 648
676 1256 705 1256 705 1277 676 1277
545 545 575 545 575 566 545 566
770 1115 782 1115 782 1136 770 1136
474 436 508 436 508 457 474 457
675 1206 711 1206 711 1227 675 1227
771 1188 786 1188 786 1210 771 1210
335 350 354 350 354 372 335 372
750 1113 761 1113 761 1135 750 1135
274 482 292 482 292 504 274 504
695 456 713 456 713 478 695 478
129 527 158 527 158 549 129 549
617 356 650 356 650 378 617 378
60 471 82 471 82 494 60 494
766 1063 798 1063 798 1086 766 1086
189 1205 226 1205 226 1228 189 1228
268 1367 283 1367 283 1390 268 1390
752 1090 762 1090 762 1113 752 1113
563 870 582 870 582 893 563 893
482 1193 503 1193 503 1216 482 1216
555 521 571 521 571 545 555 545
200 546 217 546 217 570 200 570
767 1138 789 1138 789 1162 767 1162
121 1049 150 1049 150 1073 121 1073
201 1225 216 1225 216 1249 201 1249
137 699 155 699 155 723 137 723
259 1058 296 1058 296 1082 259 1082
257 1203 294 1203 294 1227 257 1227
547 1206 561 1206 561 1231 547 1231
626 376 644 376 644 401 626 401
685 1230 703 1230 703 1255 685 1255
408 430 427 430 427 455 408 455
550 716 569 716 569 741 550 741
620 1211 641 1211 641 1236 620 1236
271 1222 287 1222 287 1247 271 1247
196 1101 227 1101 227 1126 196 1126
52 722 89 722 89 747 52 747
821 422 851 422 851 447 821 447
615 486 653 486 653 511 615 511
132 1024 151 1024 151 1050 132 1050
475 568 513 568 513 594 475 594
210 637 234 637 234 663 210 663
771 642 798 642 798 668 771 668
770 565 801 565 801 591 770 591
549 1309 565 1309 565 1336 549 1336
129 1212 150 1212 150 1239 129 1239
696 1321 722 1321 722 1348 696 1348
193 570 223 570 223 597 193 597
821 588 854 588 854 615 821 615
539 1374 574 1374 574 1401 539 1401
263 527 299 527 299 554 263 554
412 956 433 956 433 983 412 983
774 591 796 591 796 618 774 618
405 652 436 652 436 679 405 679
773 613 802 613 802 640 773 640
543 934 574 934 574 961 543 961
767 1029 798 1029 798 1056 767 1056
470 1326 501 1326 501 1353 470 1353
679 1379 713 1379 713 1406 679 1406
638 543 646 543 646 571 638 571
833 764 844 764 844 792 833 792
684 1409 716 1409 716 1437 684 1437
604 1324 649 1324 649 1352 604 1352
773 1163 785 1163 785 1191 773 1191
756 1329 768 1329 768 1357 756 1357
552 1008 570 1008 570 1036 552 1036
474 847 499 847 499 875 474 875
470 1263 505 1263 505 1291 470 1291
406 575 442 575 442 603 406 603
747 583 762 583 762 612 747 612
482 989 497 989 497 1018 482 1018
552 1093 569 1093 569 1122 552 1122
120 401 164 401 164 430 120 430
199 840 218 840 218 869 199 869
742 1065 764 1065 764 1094 742 1094
820 632 853 632 853 661 820 661
545 843 584 843 584 872 545 872
397 931 440 931 440 960 397 960
614 692 646 692 646 721 614 721
810 921 858 921 858 950 810 950
269 977 285 977 285 1007 269 1007
746 1032 765 1032 765 1062 746 1062
753 989 781 989 781 1019 753 1019
137 1314 166 1314 166 1344 137 1344
831 520 847 520 847 550 831 550
552 586 575 586 575 616 552 616
192 706 226 706 226 736 192 736
690 1007 707 1007 707 1038 690 1038
551 618 569 618 569 649 551 649
826 355 847 355 847 386 826 386
737 1154 763 1154 763 1185 737 1185
819 474 852 474 852 505 819 505
202 969 217 969 217 1000 202 1000
117 1074 154 1074 154 1105 117 1105
121 909 159 909 159 940 121 940
258 1388 297 1388 297 1419 258 1419
820 890 845 890 845 921 820 921
683 1035 714 1035 714 1066 683 1066
616 514 648 514 648 545 616 545
614 796 647 796 647 827 614 827
402 398 436 398 436 429 402 429
678 898 713 898 713 929 678 929
612 1141 648 1141 648 1172 612 1172
402 1394 440 1394 440 1425 402 1425
819 444 857 444 857 475 819 475
472 597 513 597 513 628 472 628
405 984 436 984 436 1016 405 1016
681 775 714 775 714 807 681 807
474 956 510 956 510 988 474 988
819 391 856 391 856 423 819 423
741 612 768 612 768 644 741 644
688 480 719 480 719 512 688 512
684 1344 716 1344 716 1376 684 1376
750 722 788 722 788 754 750 754
190 1377 228 1377 228 1409 190 1409
743 1185 764 1185 764 1218 743 1218
262 592 296 592 296 625 262 625
332 392 370 392 370 425 332 425
755 787 780 787 780 820 755 820
269 407 294 407 294 440 269 440
264 1006 293 1006 293 1039 264 1039
193 866 224 866 224 899 193 899
681 825 718 825 718 858 681 858
742 549 770 549 770 582 742 582
681 1171 709 1171 709 1204 681 1204
822 701 853 701 853 734 822 734
261 742 295 742 295 775 261 775
126 480 160 480 160 513 126 513
472 483 508 483 508 516 472 516
743 1295 783 1295 783 1328 743 1328
684 393 729 393 729 426 684 426
834 730 860 730 860 764 834 764
675 1137 714 1137 714 1171 675 1171
536 1275 576 1275 576 1309 536 1309
612 418 656 418 656 452 612 452
406 1322 428 1322 428 1356 406 1356
408 711 431 711 431 745 408 745
194 1249 220 1249 220 1283 194 1283
757 403 790 403 790 437 757 437
424 1282 429 1282 429 1317 424 1317
765 1087 788 1087 788 1122 765 1122
124 557 166 557 166 592 124 592
749 521 763 521 763 556 749 556
197 782 226 782 226 817 197 817
543 1231 572 1231 572 1266 543 1266
474 1400 513 1400 513 1435 474 1435
256 1330 296 1330 296 1365 256 1365
536 1403 579 1403 579 1438 536 1438
399 679 446 679 446 714 399 714
127 725 156 725 156 760 127 760
48 516 85 516 85 551 48 551
470 713 511 713 511 748 470 748
263 1089 309 1089 309 1124 263 1124
419 455 427 455 427 491 419 491
192 1000 226 1000 226 1036 192 1036
260 1169 295 1169 295 1205 260 1205
193 353 231 353 231 389 193 389
119 761 170 761 170 797 119 797
836 548 845 548 845 584 836 584
682 554 720 554 720 590 682 590
192 1065 232 1065 232 1101 192 1101
757 436 784 436 784 473 757 473
542 1334 570 1334 570 1371 542 1371
125 1177 154 1177 154 1214 125 1214
542 435 584 435 584 472 542 472
125 985 151 985 151 1022 125 1022
262 1247 291 1247 291 1284 262 1284
683 969 713 969 713 1006 683 1006
687 516 720 516 720 553 687 553
753 821 787 821 787 858 753 858
263 703 298 703 298 740 263 740
749 920 787 920 787 957 749 957
844 862 854 862 854 899 844 899
64 548 80 548 80 585 64 585
546 1038 576 1038 576 1075 546 1075
53 391 90 391 90 428 53 428
120 441 161 441 161 478 120 478
270 664 289 664 289 702 270 702
195 468 223 468 223 506 195 506
545 787 585 787 585 825 545 825
402 839 443 839 443 877 402 877
694 354 715 354 715 392 694 392
472 1290 506 1290 506 1328 472 1328
756 363 791 363 791 401 756 401
124 650 164 650 164 688 124 688
400 1083 442 1083 442 1121 400 1121
260 774 303 774 303 812 260 812
195 669 221 669 221 708 195 708
194 506 220 506 220 545 194 545
197 426 224 426 224 465 197 465
123 1343 158 1343 158 1382 123 1382
471 1016 509 1016 509 1055 471 1055
610 1394 648 1394 648 1433 610 1433
495 396 503 396 503 435 495 435
828 661 844 661 844 700 828 700
266 440 289 440 289 479 266 479
57 635 85 635 85 674 57 674
773 525 804 525 804 564 773 564
195 600 229 600 229 639 195 639
610 719 647 719 647 758 610 758
687 930 703 930 703 969 687 969
265 891 292 891 292 930 265 930
614 1104 650 1104 650 1143 614 1143
478 916 510 916 510 956 478 956
260 809 298 809 298 849 260 849
613 1018 652 1018 652 1058 613 1058
197 386 239 386 239 426 197 426
609 762 652 762 652 802 609 802
396 747 439 747 439 787 396 787
120 867 165 867 165 907 120 907
825 794 841 794 841 834 825 834
409 533 436 533 436 573 409 573
748 880 783 880 783 920 748 920
190 900 227 900 227 940 190 940
468 1100 511 1100 511 1140 468 1140
121 354 164 354 164 394 121 394
609 1171 652 1171 652 1211 609 1211
552 967 568 967 568 1008 552 1008
749 1357 780 1357 780 1398 749 1398
263 558 300 558 300 599 263 599
257 1289 294 1289 294 1330 257 1330
261 314 303 314 303 355 261 355
628 1235 638 1235 638 1276 628 1276
206 1128 227 1128 227 1169 206 1169
825 954 849 954 849 995 825 995
474 1221 507 1221 507 1262 474 1262
815 835 856 835 856 876 815 876
478 1058 503 1058 503 1099 478 1099
677 1278 710 1278 710 1320 677 1320
398 1353 434 1353 434 1395 398 1395
607 1354 643 1354 643 1396 607 1396
680 682 718 682 718 724 680 724
401 1119 442 1119 442 1161 401 1161
774 473 780 473 780 515 774 515
57 348 78 348 78 390 57 390
263 1122 293 1122 293 1164 263 1164
125 942 157 942 157 984 125 984
401 491 438 491 438 533 401 533
542 744 583 744 583 786 542 786
677 639 718 639 718 682 677 682
605 920 654 920 654 963 605 963
465 1357 506 1357 506 1400 465 1400
678 858 718 858 718 901 678 901
401 1162 441 1162 441 1205 401 1205
72 426 79 426 79 470 72 470
750 316 793 316 793 360 750 360
609 873 659 873 659 917 609 917
58 748 92 748 92 793 58 793
124 1383 159 1383 159 1428 124 1428
686 1091 703 1091 703 1136 686 1136
57 675 82 675 82 720 57 720
620 586 648 586 648 631 620 631
195 737 229 737 229 782 195 782
612 828 651 828 651 873 612 873
339 485 361 485 361 530 339 530
548 391 573 391 573 436 548 436
610 1058 649 1058 649 1103 610 1103
50 590 91 590 91 635 50 635
257 846 301 846 301 891 257 891
469 667 513 667 513 713 469 713
472 874 509 874 509 921 472 921
195 933 222 933 222 980 195 980
681 591 716 591 716 638 681 638
259 359 298 359 298 406 259 406
538 887 583 887 583 934 538 934
545 1158 571 1158 571 1206 545 1206
201 1158 209 1158 209 1206 201 1206
542 345 581 345 581 393 542 393
405 601 436 601 436 650 405 650
751 749 776 749 776 798 751 798
474 623 514 623 514 672 474 672
474 346 519 346 519 395 474 395
680 724 717 724 717 774 680 774
469 750 513 750 513 800 469 800
611 1277 656 1277 656 1327 611 1327
125 816 164 816 164 866 125 866
561 649 569 649 569 700 561 700
473 515 504 515 504 567 473 567
330 434 364 434 364 487 330 487
605 965 650 965 650 1018 605 1018
65 793 84 793 84 846 65 846
473 799 509 799 509 852 473 852
410 1016 434 1016 434 1070 410 1070
401 879 436 879 436 934 401 934
749 667 786 667 786 722 749 722
399 345 437 345 437 401 399 401
263 918 295 918 295 976 263 976
134 1254 144 1254 144 1312 134 1312
745 1232 782 1232 782 1290 745 1290
616 629 655 629 655 691 616 691
126 1101 159 1101 159 1169 126 1169
