753 1262 771 1262 771 1270 753 1270
616 1399 629 1399 629 1411 616 1411
820 1312 833 1312 833 1324 820 1324
730 1007 761 1007 761 1022 730 1022
667 1336 689 1336 689 1352 667 1352
797 672 827 672 827 688 797 688
461 822 489 822 489 838 461 838
597 405 627 405 627 421 597 421
802 1160 823 1160 823 1177 802 1177
530 1007 549 1007 549 1024 530 1024
806 1377 838 1377 838 1395 806 1395
799 1140 834 1140 834 1158 799 1158
662 1399 708 1399 708 1417 662 1417
799 689 821 689 821 708 799 708
521 1092 555 1092 555 1112 521 1112
601 540 618 540 618 560 601 560
461 430 491 430 491 450 461 450
799 391 827 391 827 412 799 412
457 533 485 533 485 554 457 554
798 579 827 579 827 600 798 600
808 1232 824 1232 824 1253 808 1253
597 888 626 888 626 909 597 909
40 602 93 602 93 623 40 623
529 541 550 541 550 562 529 562
521 1029 561 1029 561 1050 521 1050
802 553 823 553 823 575 802 575
795 822 826 822 826 844 795 844
456 1020 488 1020 488 1042 456 1042
532 1395 553 1395 553 1417 532 1417
463 842 485 842 485 864 463 864
732 850 765 850 765 872 732 872
604 833 624 833 624 856 604 856
453 454 487 454 487 477 453 477
660 497 696 497 696 520 660 520
728 1308 766 1308 766 1331 728 1331
794 600 832 600 832 623 794 623
534 618 551 618 551 642 534 642
527 678 555 678 555 702 527 702
808 1327 827 1327 827 1351 808 1351
596 377 623 377 623 401 596 401
791 1175 843 1175 843 1199 791 1199
538 1175 553 1175 553 1200 538 1200
529 369 548 369 548 394 529 394
736 787 756 787 756 812 736 812
802 772 823 772 823 797 802 797
591 911 629 911 629 936 591 936
729 924 765 924 765 949 729 949
519 342 557 342 557 367 519 367
733 684 775 684 775 709 733 709
657 1185 701 1185 701 1210 657 1210
661 1351 705 1351 705 1376 661 1376
543 593 552 593 552 619 543 619
599 348 619 348 619 374 599 374
808 1350 829 1350 829 1376 808 1376
461 475 479 475 479 501 461 501
658 343 692 343 692 369 658 369
734 598 752 598 752 625 734 625
736 981 756 981 756 1008 736 1008
732 657 759 657 759 684 732 684
729 1120 759 1120 759 1147 729 1147
660 1274 694 1274 694 1301 660 1301
531 944 546 944 546 971 531 971
527 566 555 566 555 593 527 593
456 968 494 968 494 995 456 995
802 1394 842 1394 842 1421 802 1421
603 1272 631 1272 631 1299 603 1299
728 344 762 344 762 371 728 371
452 1041 492 1041 492 1068 452 1068
733 1056 760 1056 760 1084 733 1084
800 1253 829 1253 829 1281 800 1281
455 1071 487 1071 487 1099 455 1099
795 980 827 980 827 1008 795 1008
798 451 834 451 834 479 798 479
592 1301 629 1301 629 1329 592 1329
795 1287 834 1287 834 1315 795 1315
529 1112 552 1112 552 1140 529 1140
664 1302 692 1302 692 1330 664 1330
527 471 567 471 567 499 527 499
660 1210 700 1210 700 1238 660 1238
453 898 495 898 495 926 453 926
789 708 839 708 839 736 789 736
732 815 764 815 764 843 732 843
665 655 687 655 687 684 665 684
594 1081 622 1081 622 1110 594 1110
664 916 696 916 696 945 664 945
455 555 489 555 489 584 455 584
786 846 827 846 827 875 786 875
656 1242 702 1242 702 1271 656 1271
528 642 559 642 559 671 528 671
732 950 764 950 764 979 732 979
663 1061 700 1061 700 1090 663 1090
468 989 483 989 483 1019 468 1019
532 1321 551 1321 551 1351 532 1351
662 757 692 757 692 787 662 787
672 1370 704 1370 704 1400 672 1400
810 1202 825 1202 825 1232 810 1232
464 504 482 504 482 534 464 534
456 865 487 865 487 895 456 895
597 1238 630 1238 630 1268 597 1268
660 418 694 418 694 448 660 448
594 856 632 856 632 886 594 886
668 985 694 985 694 1016 668 1016
523 737 559 737 559 768 523 768
528 1200 558 1200 558 1231 528 1231
595 1051 630 1051 630 1083 595 1083
801 797 821 797 821 829 801 829
524 972 553 972 553 1004 524 1004
457 784 487 784 487 816 457 816
457 710 488 710 488 742 457 742
796 952 828 952 828 984 796 984
802 738 822 738 822 770 802 770
798 418 835 418 835 450 798 450
730 1228 769 1228 769 1260 730 1260
524 399 556 399 556 432 524 432
593 707 630 707 630 740 593 740
667 724 686 724 686 757 667 757
598 1016 624 1016 624 1050 598 1050
731 1025 763 1025 763 1059 731 1059
592 1326 632 1326 632 1360 592 1360
743 1083 752 1083 752 1117 743 1117
524 435 562 435 562 469 524 469
662 529 701 529 701 563 662 563
520 1145 564 1145 564 1179 520 1179
594 470 634 470 634 504 594 504
794 513 834 513 834 547 794 547
592 985 632 985 632 1019 592 1019
803 1009 826 1009 826 1044 803 1044
726 622 758 622 758 657 726 657
528 818 569 818 569 853 528 853
669 1146 690 1146 690 1181 669 1181
453 584 491 584 491 619 453 619
734 710 774 710 774 745 734 745
590 1207 631 1207 631 1242 590 1242
796 482 832 482 832 518 796 518
525 505 564 505 564 541 525 541
523 702 563 702 563 738 523 738
727 1272 767 1272 767 1308 727 1308
598 503 622 503 622 539 598 539
455 345 485 345 485 381 455 381
590 617 631 617 631 653 590 653
601 794 622 794 622 831 601 831
520 1052 563 1052 563 1089 520 1089
658 883 702 883 702 920 658 920
520 909 566 909 566 946 520 946
37 496 93 496 93 533 37 533
521 1290 563 1290 563 1327 521 1327
726 1333 770 1333 770 1370 726 1370
733 479 766 479 766 517 733 517
727 520 766 520 766 558 727 558
726 447 767 447 767 485 726 485
674 943 692 943 692 981 674 981
662 687 694 687 694 725 662 725
793 877 834 877 834 915 793 915
796 1098 828 1098 828 1137 796 1137
658 457 697 457 697 496 658 496
458 1104 490 1104 490 1144 458 1144
728 371 768 371 768 411 728 411
744 409 751 409 751 449 744 449
454 746 490 746 490 786 454 786
740 744 757 744 757 785 740 785
594 1160 631 1160 631 1201 594 1201
657 566 699 566 699 607 657 607
799 345 833 345 833 386 799 386
525 1354 560 1354 560 1395 525 1395
459 925 501 925 501 967 459 967
660 610 699 610 699 652 660 652
666 1014 700 1014 700 1058 666 1058
588 1362 624 1362 624 1406 588 1406
593 940 639 940 639 984 593 984
38 320 100 320 100 364 38 364
452 669 495 669 495 714 452 714
594 421 629 421 629 467 594 467
730 1181 765 1181 765 1227 730 1227
457 383 493 383 493 429 457 429
791 625 838 625 838 671 791 671
592 659 624 659 624 706 592 706
729 556 763 556 763 603 729 603
732 1370 767 1370 767 1417 732 1417
450 620 499 620 499 667 450 667
656 369 696 369 696 417 656 417
794 905 821 905 821 954 794 954
523 768 564 768 564 817 523 817
524 1238 569 1238 569 1287 524 1287
597 1111 631 1111 631 1160 597 1160
795 1049 831 1049 831 1099 795 1099
39 370 98 370 98 420 39 420
593 562 624 562 624 613 593 613
730 874 774 874 774 925 730 925
528 856 556 856 556 908 528 908
661 1094 701 1094 701 1146 661 1146
46 545 96 545 96 598 46 598
589 741 630 741 630 795 589 795
36 430 100 430 100 487 36 487
