78 418 104 418 104 426 78 426
197 313 230 313 230 321 197 321
848 650 869 650 869 663 848 663
818 849 836 849 836 863 818 863
477 318 507 318 507 334 477 334
66 1296 85 1296 85 1312 66 1312
848 1093 874 1093 874 1109 848 1109
207 1181 228 1181 228 1198 207 1198
816 605 838 605 838 622 816 622
484 760 510 760 510 777 484 777
270 1411 301 1411 301 1428 270 1428
415 447 430 447 430 464 415 464
769 692 788 692 788 709 769 709
86 529 104 529 104 547 86 547
278 1052 297 1052 297 1070 278 1070
495 1076 524 1076 524 1094 495 1094
66 918 86 918 86 936 66 936
346 641 365 641 365 659 346 659
140 937 158 937 158 956 140 956
416 704 437 704 437 723 416 723
482 1176 514 1176 514 1195 482 1195
337 352 371 352 371 371 337 371
550 1320 585 1320 585 1339 550 1339
548 1422 587 1422 587 1441 548 1441
695 1156 714 1156 714 1176 695 1176
417 1070 440 1070 440 1090 417 1090
696 691 715 691 715 711 696 711
553 617 573 617 573 637 553 637
624 458 644 458 644 478 624 478
812 903 836 903 836 923 812 923
551 950 586 950 586 970 551 970
845 875 871 875 871 895 845 895
74 309 109 309 109 329 74 329
560 356 582 356 582 377 560 377
129 313 158 313 158 334 129 334
626 558 642 558 642 579 626 579
850 853 866 853 866 874 850 874
61 1374 116 1374 116 1395 61 1395
844 792 868 792 868 814 844 814
555 712 573 712 573 734 555 734
84 500 112 500 112 522 84 522
406 760 451 760 451 782 406 782
417 866 435 866 435 889 417 889
563 683 585 683 585 706 563 706
810 718 839 718 839 741 810 741
810 626 842 626 842 649 810 649
487 397 504 397 504 421 487 421
697 1094 716 1094 716 1118 697 1118
133 372 154 372 154 396 133 396
349 573 362 573 362 597 349 597
417 1163 436 1163 436 1187 417 1187
816 687 831 687 831 712 816 712
846 899 876 899 876 924 846 924
403 385 439 385 439 410 403 410
861 1109 874 1109 874 1134 861 1134
489 1229 512 1229 512 1254 489 1254
836 531 860 531 860 556 836 556
825 315 865 315 865 340 825 340
417 1000 432 1000 432 1026 417 1026
817 741 833 741 833 767 817 767
275 1175 295 1175 295 1201 275 1201
204 1307 227 1307 227 1333 204 1333
623 391 640 391 640 417 623 417
831 379 853 379 853 405 831 405
616 316 646 316 646 342 616 342
760 811 791 811 791 837 760 837
258 225 292 225 292 251 258 251
621 717 656 717 656 743 621 743
59 941 99 941 99 967 59 967
70 1086 93 1086 93 1112 70 1112
547 735 586 735 586 761 547 761
477 1255 528 1255 528 1281 477 1281
205 458 226 458 226 485 205 485
696 1337 718 1337 718 1364 696 1364
764 882 786 882 786 909 764 909
78 269 104 269 104 296 78 296
688 1219 725 1219 725 1246 688 1246
548 1064 585 1064 585 1091 548 1091
409 1098 447 1098 447 1125 409 1125
68 854 84 854 84 881 68 881
695 920 716 920 716 947 695 947
196 1331 226 1331 226 1358 196 1358
70 1309 105 1309 105 1336 70 1336
557 756 580 756 580 784 557 784
485 1143 509 1143 509 1171 485 1171
406 464 444 464 444 492 406 492
126 1002 165 1002 165 1030 126 1030
550 785 581 785 581 813 550 813
690 1365 721 1365 721 1393 690 1393
417 729 437 729 437 757 417 757
689 747 718 747 718 775 689 775
73 468 103 468 103 496 73 496
198 379 232 379 232 407 198 407
195 1241 246 1241 246 1269 195 1269
140 1070 159 1070 159 1099 140 1099
850 1059 882 1059 882 1088 850 1088
279 955 292 955 292 984 279 984
555 550 573 550 573 579 555 579
618 582 654 582 654 611 618 611
59 1058 96 1058 96 1087 59 1087
762 350 784 350 784 380 762 380
275 1239 302 1239 302 1269 275 1269
841 758 869 758 869 788 841 788
128 904 162 904 162 934 128 934
271 1345 292 1345 292 1375 271 1375
816 870 838 870 838 900 816 900
689 716 724 716 724 746 689 746
69 1231 84 1231 84 1262 69 1262
806 657 839 657 839 688 806 688
618 781 652 781 652 812 618 812
474 689 513 689 513 720 474 720
475 1197 520 1197 520 1228 475 1228
482 1040 531 1040 531 1071 482 1071
849 1025 876 1025 876 1056 849 1056
130 780 164 780 164 811 130 811
408 888 443 888 443 919 408 919
197 485 230 485 230 516 197 516
405 315 441 315 441 346 405 346
195 521 236 521 236 552 195 552
547 1388 590 1388 590 1419 547 1419
611 615 662 615 662 646 611 646
351 373 373 373 373 405 351 405
613 527 659 527 659 559 613 559
485 573 507 573 507 605 485 605
68 1114 96 1114 96 1146 68 1146
343 264 382 264 382 296 343 296
423 265 463 265 463 297 423 297
270 1013 302 1013 302 1046 270 1046
409 666 442 666 442 699 409 699
130 964 169 964 169 997 130 997
688 265 731 265 731 298 688 298
266 1310 310 1310 310 1343 266 1343
122 336 171 336 171 369 122 369
85 547 106 547 106 580 85 580
348 828 369 828 369 861 348 861
267 1375 295 1375 295 1408 267 1408
132 608 169 608 169 641 132 641
127 563 164 563 164 596 127 596
478 539 517 539 517 572 478 572
336 541 382 541 382 574 336 574
204 1097 223 1097 223 1130 204 1130
758 315 792 315 792 348 758 348
552 1027 591 1027 591 1060 552 1060
699 348 720 348 720 382 699 382
274 1078 296 1078 296 1112 274 1112
481 727 507 727 507 761 481 761
74 433 103 433 103 467 74 467
775 265 809 265 809 299 775 299
199 734 233 734 233 768 199 768
269 363 304 363 304 397 269 397
265 644 308 644 308 678 265 678
130 652 174 652 174 686 130 686
696 313 721 313 721 347 696 347
270 1200 303 1200 303 1234 270 1234
824 344 858 344 858 378 824 378
627 680 662 680 662 714 627 714
316 262 352 262 352 296 316 296
479 460 505 460 505 495 479 495
413 1192 446 1192 446 1227 413 1227
197 1205 236 1205 236 1240 197 1240
542 319 583 319 583 354 542 354
760 616 788 616 788 651 760 651
828 558 859 558 859 593 828 593
271 982 305 982 305 1017 271 1017
337 504 373 504 373 539 337 539
688 1117 726 1117 726 1152 688 1152
819 769 833 769 833 804 819 804
850 814 864 814 864 849 850 849
390 222 414 222 414 257 390 257
690 619 720 619 720 654 690 654
63 369 96 369 96 404 63 404
830 491 865 491 865 526 830 526
822 453 861 453 861 488 822 488
552 915 591 915 591 950 552 950
407 1126 454 1126 454 1161 407 1161
751 229 773 229 773 265 751 265
760 381 790 381 790 417 760 417
762 913 795 913 795 949 762 949
683 652 717 652 717 688 683 688
57 878 93 878 93 914 57 914
824 409 871 409 871 445 824 445
297 1151 305 1151 305 1187 297 1187
556 378 572 378 572 414 556 414
183 1400 237 1400 237 1436 183 1436
619 744 649 744 649 781 619 781
688 950 721 950 721 987 688 987
482 880 521 880 521 917 482 917
264 1270 308 1270 308 1307 264 1307
546 642 593 642 593 679 546 679
360 750 368 750 368 787 360 787
485 966 512 966 512 1003 485 1003
549 578 582 578 582 615 549 615
128 478 162 478 162 515 128 515
336 313 375 313 375 350 336 350
340 597 368 597 368 634 340 634
339 865 371 865 371 902 339 902
411 1029 443 1029 443 1066 411 1066
61 1150 97 1150 97 1187 61 1187
57 1260 93 1260 93 1297 57 1297
125 824 170 824 170 861 125 861
139 1156 159 1156 159 1194 139 1194
65 1336 112 1336 112 1374 65 1374
265 870 310 870 310 908 265 908
408 409 436 409 436 448 408 448
615 417 646 417 646 456 615 456
843 606 874 606 874 645 843 645
617 647 652 647 652 686 617 686
202 598 239 598 239 637 202 637
421 220 460 220 460 259 421 259
60 723 99 723 99 762 60 762
681 1392 723 1392 723 1431 681 1431
480 1001 522 1001 522 1040 480 1040
59 635 102 635 102 674 59 674
189 1357 232 1357 232 1396 189 1396
548 1139 591 1139 591 1178 548 1178
265 679 311 679 311 718 265 718
408 783 455 783 455 822 408 822
56 1190 107 1190 107 1229 56 1229
487 423 496 423 496 463 487 463
71 1396 87 1396 87 1436 71 1436
814 805 837 805 837 845 814 845
40 226 67 226 67 266 40 266
322 223 350 223 350 263 322 263
269 1114 307 1114 307 1154 269 1154
407 630 446 630 446 670 407 670
127 523 169 523 169 563 127 563
195 1268 239 1268 239 1308 195 1308
346 224 375 224 375 264 346 264
407 348 442 348 442 388 407 388
774 225 814 225 814 265 774 265
255 257 300 257 300 297 255 297
71 331 88 331 88 372 71 372
553 824 584 824 584 865 553 865
758 647 792 647 792 688 758 688
690 464 730 464 730 505 690 505
271 450 312 450 312 491 271 491
334 667 379 667 379 708 334 708
755 470 798 470 798 511 755 511
338 708 388 708 388 749 338 749
402 925 453 925 453 966 402 966
775 768 782 768 782 809 775 809
843 932 876 932 876 973 843 973
341 408 382 408 382 449 341 449
685 1178 728 1178 728 1219 685 1219
132 442 158 442 158 484 132 484
195 1134 230 1134 230 1176 195 1176
195 335 232 335 232 377 195 377
339 451 379 451 379 493 339 493
481 920 518 920 518 962 481 962
613 344 657 344 657 386 613 386
476 835 520 835 520 877 476 877
194 692 241 692 241 734 194 734
409 496 449 496 449 539 409 539
194 808 236 808 236 851 194 851
127 738 170 738 170 781 127 781
131 1023 174 1023 174 1066 131 1066
479 498 514 498 514 541 479 541
69 1016 91 1016 91 1059 69 1059
689 826 720 826 720 869 689 869
270 597 306 597 306 640 270 640
72 224 110 224 110 267 72 267
265 314 306 314 306 357 265 357
546 419 587 419 587 462 546 462
63 583 106 583 106 626 63 626
406 546 451 546 451 589 406 589
192 854 242 854 242 897 192 897
271 823 296 823 296 867 271 867
690 776 719 776 719 820 690 820
126 863 164 863 164 907 126 907
197 553 235 553 235 597 197 597
618 483 657 483 657 527 618 527
193 951 240 951 240 995 193 995
549 508 584 508 584 553 549 553
266 907 305 907 305 952 266 952
558 1223 585 1223 585 1268 558 1268
494 646 502 646 502 691 494 691
199 409 231 409 231 454 199 454
195 1048 242 1048 242 1093 195 1093
407 962 444 962 444 1008 407 1008
688 392 735 392 735 438 688 438
269 551 307 551 307 597 269 597
759 837 794 837 794 884 759 884
407 819 442 819 442 866 407 866
550 465 588 465 588 512 550 512
544 867 585 867 585 914 544 914
270 775 313 775 313 822 270 822
58 813 99 813 99 860 58 860
192 895 242 895 242 942 192 942
68 967 87 967 87 1014 68 1014
480 606 511 606 511 653 480 653
407 587 444 587 444 634 407 634
191 765 243 765 243 813 191 813
759 421 790 421 790 470 759 470
549 1340 590 1340 590 1389 549 1389
474 781 517 781 517 830 474 830
544 1181 597 1181 597 1230 544 1230
65 673 95 673 95 723 65 723
688 572 732 572 732 622 688 622
51 767 98 767 98 817 51 817
761 715 788 715 788 765 761 765
688 1287 720 1287 720 1337 688 1337
689 1043 727 1043 727 1093 689 1093
757 521 795 521 795 571 757 571
195 641 234 641 234 692 195 692
129 686 170 686 170 737 129 737
550 974 593 974 593 1025 550 1025
687 990 737 990 737 1041 687 1041
689 869 722 869 722 920 689 920
338 778 372 778 372 829 338 829
479 1098 515 1098 515 1149 479 1149
840 707 865 707 865 758 840 758
274 501 311 501 311 553 274 553
292 393 302 393 302 446 292 446
843 971 871 971 871 1026 843 1026
196 996 238 996 238 1051 196 1051
124 1100 169 1100 169 1155 124 1155
544 1267 593 1267 593 1322 544 1322
752 564 798 564 798 620 752 620
126 396 162 396 162 453 126 453
269 717 306 717 306 774 269 774
472 337 520 337 520 400 472 400
690 509 727 509 727 574 690 574
