394 398 423 398 423 402 394 402
337 980 361 980 361 986 337 986
203 516 215 516 215 525 203 525
125 356 135 356 135 366 125 366
744 456 773 456 773 467 744 467
187 1331 200 1331 200 1342 187 1342
338 1052 363 1052 363 1064 338 1064
459 1293 489 1293 489 1305 459 1305
460 848 487 848 487 862 460 862
346 1064 358 1064 358 1078 346 1078
262 771 275 771 275 785 262 785
177 899 204 899 204 913 177 913
416 408 427 408 427 423 416 423
328 1229 344 1229 344 1244 328 1244
113 1173 142 1173 142 1188 113 1188
612 598 626 598 626 614 612 614
328 720 345 720 345 736 328 736
182 818 208 818 208 834 182 834
123 387 134 387 134 403 123 403
397 880 413 880 413 896 397 896
469 983 486 983 486 999 469 999
886 1281 908 1281 908 1297 886 1297
105 1258 138 1258 138 1274 105 1274
807 933 845 933 845 949 807 949
675 1267 693 1267 693 1284 675 1284
678 740 697 740 697 757 678 757
263 943 275 943 275 960 263 960
593 1238 624 1238 624 1255 593 1255
179 1344 204 1344 204 1362 179 1362
334 1078 363 1078 363 1096 334 1096
881 953 910 953 910 971 881 971
190 740 202 740 202 758 190 758
815 449 849 449 849 468 815 468
808 853 843 853 843 872 808 872
309 1043 329 1043 329 1062 309 1062
320 1303 345 1303 345 1322 320 1322
817 582 845 582 845 601 817 601
181 410 201 410 201 430 181 430
113 368 142 368 142 388 113 388
531 628 561 628 561 648 531 648
879 898 914 898 914 918 879 918
876 1295 917 1295 917 1315 876 1315
399 822 414 822 414 843 399 843
328 667 345 667 345 688 328 688
606 1216 627 1216 627 1237 606 1237
884 395 917 395 917 416 884 416
108 1282 145 1282 145 1303 108 1303
388 693 431 693 431 714 388 714
330 367 341 367 341 388 330 388
612 537 626 537 626 558 612 558
458 435 489 435 489 456 458 456
103 1303 148 1303 148 1324 103 1324
753 577 765 577 765 599 753 599
122 645 138 645 138 667 122 667
677 1207 694 1207 694 1229 677 1229
255 1195 273 1195 273 1217 255 1217
824 361 839 361 839 383 824 383
892 528 909 528 909 550 892 550
181 1003 214 1003 214 1025 181 1025
821 910 835 910 835 933 821 933
817 1049 838 1049 838 1072 817 1072
822 1322 835 1322 835 1345 822 1345
614 388 633 388 633 411 614 411
465 930 484 930 484 953 465 953
123 1221 142 1221 142 1244 123 1244
310 1063 337 1063 337 1086 310 1086
180 684 212 684 212 707 180 707
387 1072 419 1072 419 1095 387 1095
592 1161 636 1161 636 1184 592 1184
121 453 138 453 138 476 121 476
612 734 629 734 629 757 612 757
755 362 774 362 774 385 755 385
114 680 146 680 146 703 114 703
175 841 210 841 210 864 175 864
244 1053 282 1053 282 1076 244 1076
464 1350 475 1350 475 1374 464 1374
749 754 767 754 767 778 749 778
123 885 142 885 142 909 123 909
819 469 843 469 843 493 819 493
254 828 281 828 281 852 254 852
813 528 845 528 845 552 813 552
105 1353 140 1353 140 1377 105 1377
315 942 352 942 352 966 315 966
806 1382 843 1382 843 1406 806 1406
175 1124 222 1124 222 1148 175 1148
256 961 274 961 274 985 256 985
890 1000 910 1000 910 1024 890 1024
459 1002 489 1002 489 1026 459 1026
259 709 277 709 277 734 259 734
321 1246 351 1246 351 1271 321 1271
671 902 702 902 702 927 671 927
456 1144 489 1144 489 1169 456 1169
111 946 150 946 150 971 111 971
894 333 909 333 909 358 894 358
184 1225 204 1225 204 1250 184 1250
337 995 367 995 367 1020 337 1020
596 1379 627 1379 627 1404 596 1404
673 502 704 502 704 527 673 527
740 781 775 781 775 806 740 806
124 741 136 741 136 766 124 766
401 614 417 614 417 639 401 639
341 1023 368 1023 368 1048 341 1048
180 1366 207 1366 207 1391 180 1391
813 605 847 605 847 630 813 630
454 1170 491 1170 491 1195 454 1195
188 580 202 580 202 606 188 606
678 676 693 676 693 702 678 702
328 889 345 889 345 915 328 915
807 690 842 690 842 716 807 716
876 971 916 971 916 997 876 997
315 978 324 978 324 1004 315 1004
256 1110 268 1110 268 1136 256 1136
610 358 630 358 630 384 610 384
464 863 488 863 488 889 464 889
111 1377 138 1377 138 1403 111 1403
174 1097 214 1097 214 1123 174 1123
110 1132 153 1132 153 1158 110 1158
664 1111 709 1111 709 1137 664 1137
749 809 764 809 764 836 749 836
891 678 910 678 910 705 891 705
183 1027 203 1027 203 1054 183 1054
252 400 279 400 279 427 252 427
885 549 913 549 913 576 885 576
320 915 349 915 349 942 320 942
747 388 776 388 776 415 747 415
322 1201 353 1201 353 1228 322 1228
525 808 566 808 566 835 525 835
331 1176 343 1176 343 1203 331 1203
675 1035 696 1035 696 1062 675 1062
111 1193 144 1193 144 1220 111 1220
808 1019 847 1019 847 1046 808 1046
248 849 290 849 290 876 248 876
118 325 138 325 138 352 118 352
394 469 422 469 422 496 394 496
456 817 500 817 500 844 456 844
543 365 557 365 557 393 543 393
468 1119 485 1119 485 1147 468 1147
120 552 138 552 138 580 120 580
667 927 706 927 706 955 667 955
669 566 713 566 713 594 669 594
609 794 627 794 627 822 609 822
821 992 839 992 839 1020 821 1020
121 705 147 705 147 733 121 733
248 1164 276 1164 276 1192 248 1192
825 661 854 661 854 689 825 689
181 787 211 787 211 815 181 815
606 1187 636 1187 636 1215 606 1215
812 330 857 330 857 358 812 358
309 1004 324 1004 324 1033 309 1033
120 1103 142 1103 142 1132 120 1132
113 800 149 800 149 829 113 829
529 434 568 434 568 463 529 463
318 1271 361 1271 361 1300 318 1300
747 882 767 882 767 911 747 911
464 406 486 406 486 435 464 435
809 1346 835 1346 835 1375 809 1375
184 650 215 650 215 679 184 679
883 1026 914 1026 914 1055 883 1055
741 470 784 470 784 499 741 499
452 1027 496 1027 496 1056 452 1056
400 1045 415 1045 415 1074 400 1074
183 865 211 865 211 894 183 894
601 907 636 907 636 936 601 936
599 1130 635 1130 635 1159 599 1159
543 602 555 602 555 632 543 632
821 552 841 552 841 582 821 582
611 328 640 328 640 358 611 358
455 1091 491 1091 491 1121 455 1121
244 1137 283 1137 283 1167 244 1167
664 1374 707 1374 707 1404 664 1404
259 877 276 877 276 907 259 907
124 1001 143 1001 143 1031 124 1031
115 1323 134 1323 134 1353 115 1353
815 635 842 635 842 665 815 665
879 576 916 576 916 606 879 606
182 1298 202 1298 202 1329 182 1329
392 364 419 364 419 395 392 395
456 457 491 457 491 488 456 488
320 688 355 688 355 719 320 719
673 395 710 395 710 426 673 426
529 396 566 396 566 427 529 427
244 1021 282 1021 282 1052 244 1052
251 986 280 986 280 1017 251 1017
810 751 840 751 840 782 810 782
811 783 842 783 842 814 811 814
458 596 493 596 493 627 458 627
176 761 215 761 215 792 176 792
384 1098 424 1098 424 1129 384 1129
108 1072 149 1072 149 1103 108 1103
888 920 906 920 906 951 888 951
255 1249 279 1249 279 1280 255 1280
814 381 842 381 842 412 814 412
386 1207 422 1207 422 1238 386 1238
179 477 220 477 220 508 179 508
740 911 781 911 781 942 740 942
454 629 503 629 503 660 454 660
893 608 911 608 911 640 893 640
253 515 286 515 286 547 253 547
880 1056 914 1056 914 1088 880 1088
885 754 920 754 920 786 885 786
811 494 847 494 847 526 811 526
458 951 495 951 495 983 458 983
250 1076 281 1076 281 1108 250 1108
883 494 920 494 920 526 883 526
115 476 143 476 143 509 115 509
186 705 214 705 214 738 186 738
318 1359 351 1359 351 1392 318 1392
881 789 919 789 919 822 881 822
405 1267 416 1267 416 1300 405 1300
120 767 138 767 138 800 120 800
465 371 484 371 484 404 465 404
121 612 140 612 140 645 121 645
121 913 150 913 150 946 121 946
813 1072 842 1072 842 1105 813 1105
605 758 636 758 636 791 605 791
671 955 705 955 705 988 671 988
880 823 919 823 919 856 880 856
316 632 357 632 357 665 316 665
601 452 644 452 644 485 601 485
181 363 225 363 225 396 181 396
825 414 842 414 842 447 825 447
607 411 633 411 633 444 607 444
390 846 422 846 422 879 390 879
746 499 779 499 779 532 746 532
596 1018 631 1018 631 1051 596 1051
319 819 357 819 357 852 319 852
260 369 274 369 274 403 260 403
672 703 703 703 703 737 672 737
179 1248 210 1248 210 1282 179 1282
114 582 146 582 146 616 114 616
682 333 716 333 716 367 682 367
878 1247 913 1247 913 1281 878 1281
387 977 426 977 426 1011 387 1011
249 430 288 430 288 464 249 464
601 663 641 663 641 697 601 697
120 839 140 839 140 873 120 873
396 1129 416 1129 416 1163 396 1163
323 1146 350 1146 350 1180 323 1180
668 1137 698 1137 698 1171 668 1171
748 328 784 328 784 362 748 362
595 1053 635 1053 635 1087 595 1087
880 643 921 643 921 677 880 677
129 966 143 966 143 1001 129 1001
183 1060 203 1060 203 1095 183 1095
253 732 283 732 283 767 253 767
743 599 775 599 775 634 743 634
668 843 707 843 707 878 668 878
600 697 640 697 640 732 600 732
390 499 433 499 433 534 390 534
539 775 553 775 553 810 539 810
457 779 489 779 489 814 457 814
248 790 287 790 287 825 248 825
882 358 916 358 916 393 882 393
176 328 216 328 216 363 176 363
175 1151 215 1151 215 1186 175 1186
310 1323 350 1323 350 1358 310 1358
246 1217 274 1217 274 1253 246 1253
882 1125 913 1125 913 1161 882 1161
667 1230 702 1230 702 1266 667 1266
599 1093 636 1093 636 1129 599 1129
246 1318 287 1318 287 1354 246 1354
891 457 907 457 907 493 891 493
601 559 631 559 631 595 601 595
682 867 698 867 698 904 682 904
531 738 564 738 564 775 531 775
603 939 638 939 638 976 603 976
741 538 777 538 777 575 741 575
320 781 356 781 356 818 320 818
523 649 564 649 564 686 523 686
814 814 839 814 839 851 814 851
253 593 289 593 289 630 253 630
178 437 216 437 216 474 178 474
664 1169 710 1169 710 1206 664 1206
674 461 706 461 706 498 674 498
811 717 846 717 846 754 811 754
592 1301 630 1301 630 1338 592 1338
528 326 573 326 573 363 528 363
749 717 768 717 768 755 749 755
887 855 919 855 919 893 887 893
813 872 848 872 848 910 813 910
741 415 781 415 781 453 741 453
246 907 288 907 288 945 246 945
179 962 210 962 210 1000 179 1000
389 1237 424 1237 424 1275 389 1275
667 1288 707 1288 707 1326 667 1326
111 1033 153 1033 153 1071 111 1071
677 427 710 427 710 466 677 466
884 416 917 416 917 455 884 455
814 953 848 953 848 992 814 992
876 1366 913 1366 913 1405 876 1405
319 737 356 737 356 776 319 776
688 363 696 363 696 402 688 402
397 575 418 575 418 614 397 614
462 332 491 332 491 371 462 371
669 594 705 594 705 633 669 633
316 328 358 328 358 367 316 367
825 1201 833 1201 833 1240 825 1240
901 1161 909 1161 909 1200 901 1200
392 939 421 939 421 978 392 978
319 537 360 537 360 576 319 576
599 823 642 823 642 862 599 862
747 836 768 836 768 876 747 876
672 527 707 527 707 567 672 567
240 1282 289 1282 289 1322 240 1322
611 975 632 975 632 1015 611 1015
393 1004 416 1004 416 1044 393 1044
528 515 564 515 564 555 528 555
880 1084 918 1084 918 1124 880 1124
607 624 642 624 642 665 607 665
316 443 353 443 353 484 316 484
456 283 499 283 499 324 456 324
456 1367 499 1367 499 1408 456 1408
458 663 496 663 496 704 458 704
122 404 135 404 135 445 122 445
459 548 497 548 497 589 459 589
112 510 151 510 151 551 112 551
243 1360 284 1360 284 1401 243 1401
318 283 361 283 361 324 318 324
454 1311 497 1311 497 1352 454 1352
599 864 629 864 629 906 599 906
456 1050 487 1050 487 1092 456 1092
386 1164 423 1164 423 1206 386 1206
808 1247 851 1247 851 1289 808 1289
668 803 707 803 707 845 668 845
456 889 499 889 499 931 456 931
184 606 210 606 210 649 184 649
249 675 286 675 286 718 249 718
392 898 415 898 415 941 392 941
459 741 494 741 494 784 459 784
672 760 700 760 700 803 672 803
671 287 713 287 713 330 671 330
403 320 411 320 411 364 403 364
250 330 284 330 284 374 250 374
809 1154 844 1154 844 1198 809 1198
671 989 708 989 708 1033 671 1033
252 633 291 633 291 677 252 677
530 555 572 555 572 599 530 599
456 698 502 698 502 742 456 742
465 1198 482 1198 482 1243 465 1243
174 1181 214 1181 214 1226 174 1226
249 549 284 549 284 594 249 594
313 1100 358 1100 358 1145 313 1145
394 534 429 534 429 580 394 580
321 848 356 848 356 894 321 894
809 1285 842 1285 842 1331 809 1331
677 1324 685 1324 685 1371 677 1371
887 707 910 707 910 754 887 754
808 1105 843 1105 843 1153 808 1153
177 914 214 914 214 962 177 962
388 717 426 717 426 765 388 765
665 1062 705 1062 705 1110 665 1110
892 1310 900 1310 900 1359 892 1359
671 628 700 628 700 678 671 678
879 1195 913 1195 913 1245 879 1245
454 1244 490 1244 490 1294 454 1294
314 389 351 389 351 440 314 440
406 1300 414 1300 414 1351 406 1351
529 465 570 465 570 516 529 516
602 482 643 482 643 534 602 534
246 462 285 462 285 515 246 515
593 1255 636 1255 636 1308 593 1308
319 578 356 578 356 631 319 631
177 528 220 528 220 581 177 581
388 639 420 639 420 694 388 694
388 764 424 764 424 820 388 820
320 484 358 484 358 540 320 540
535 684 557 684 557 741 535 741
458 488 494 488 494 550 458 550
