424 333 448 333 448 339 424 339
202 1297 241 1297 241 1304 202 1304
412 1113 431 1113 431 1128 412 1128
832 364 851 364 851 380 832 380
555 941 570 941 570 957 555 957
284 646 303 646 303 662 284 662
232 1305 242 1305 242 1322 232 1322
344 326 382 326 382 343 344 343
547 608 586 608 586 625 547 625
219 629 236 629 236 646 219 646
156 978 184 978 184 995 156 995
424 513 443 513 443 531 424 531
354 380 376 380 376 399 354 399
893 1093 914 1093 914 1112 893 1112
282 867 310 867 310 886 282 886
613 1352 643 1352 643 1371 613 1371
894 680 911 680 911 699 894 699
210 883 243 883 243 902 210 902
204 1232 242 1232 242 1251 204 1251
883 1308 926 1308 926 1328 883 1328
350 984 364 984 364 1005 350 1005
285 668 304 668 304 689 285 689
750 793 787 793 787 814 750 814
624 492 646 492 646 513 624 513
552 1074 569 1074 569 1095 552 1095
623 872 643 872 643 893 623 893
344 648 377 648 377 669 344 669
680 454 729 454 729 475 680 475
762 813 777 813 777 835 762 835
823 1302 842 1302 842 1324 823 1324
482 520 513 520 513 542 482 542
406 1351 441 1351 441 1373 406 1373
880 1166 920 1166 920 1188 880 1188
697 434 714 434 714 456 697 456
618 1236 637 1236 637 1258 618 1258
829 494 850 494 850 516 829 516
147 671 180 671 180 693 147 693
685 1123 719 1123 719 1145 685 1145
486 1320 515 1320 515 1343 486 1343
813 1324 851 1324 851 1347 813 1347
611 1189 650 1189 650 1212 611 1212
472 1240 518 1240 518 1263 472 1263
828 689 846 689 846 712 828 712
211 1081 243 1081 243 1104 211 1104
546 1348 587 1348 587 1371 546 1371
758 880 778 880 778 904 758 904
546 915 572 915 572 939 546 939
626 334 656 334 656 358 626 358
751 1091 785 1091 785 1115 751 1115
752 741 788 741 788 765 752 765
211 300 249 300 249 324 211 324
622 998 640 998 640 1022 622 1022
216 860 235 860 235 884 216 884
150 1000 170 1000 170 1024 150 1024
749 904 783 904 783 928 749 928
203 983 239 983 239 1007 203 1007
682 1049 718 1049 718 1073 682 1073
544 1024 582 1024 582 1048 544 1048
887 394 928 394 928 418 887 418
221 1168 230 1168 230 1192 221 1192
753 765 781 765 781 789 753 789
687 303 723 303 723 327 687 327
210 1142 232 1142 232 1167 210 1167
412 572 445 572 445 597 412 597
889 369 929 369 929 394 889 394
885 732 929 732 929 757 885 757
894 1031 911 1031 911 1056 894 1056
491 383 509 383 509 408 491 408
624 746 646 746 646 771 624 771
620 667 642 667 642 692 620 692
884 1139 914 1139 914 1164 884 1164
824 428 865 428 865 453 824 453
633 304 650 304 650 330 633 330
483 1257 502 1257 502 1283 483 1283
151 812 170 812 170 838 151 838
271 887 315 887 315 913 271 913
894 1247 909 1247 909 1273 894 1273
682 779 715 779 715 805 682 805
474 1176 509 1176 509 1202 474 1202
208 686 248 686 248 712 208 712
887 340 931 340 931 366 887 366
557 855 574 855 574 881 557 881
751 1312 779 1312 779 1338 751 1338
278 298 317 298 317 324 278 324
881 1114 923 1114 923 1140 881 1140
417 1018 435 1018 435 1045 417 1045
472 1052 508 1052 508 1079 472 1079
682 1221 719 1221 719 1248 682 1248
893 1185 910 1185 910 1212 893 1212
678 1146 716 1146 716 1173 678 1173
476 682 509 682 509 710 476 710
539 1273 573 1273 573 1301 539 1301
688 634 723 634 723 662 688 662
278 328 316 328 316 356 278 356
618 552 656 552 656 580 618 580
612 1156 652 1156 652 1184 612 1184
406 1323 455 1323 455 1351 406 1351
896 886 911 886 911 914 896 914
284 834 308 834 308 862 284 862
217 388 246 388 246 416 217 416
341 841 373 841 373 869 341 869
343 298 382 298 382 326 343 326
743 931 785 931 785 959 743 959
747 642 796 642 796 670 747 670
156 491 170 491 170 519 156 519
489 414 507 414 507 442 489 442
892 756 911 756 911 784 892 784
549 1101 571 1101 571 1129 549 1129
221 418 245 418 245 446 221 446
551 991 582 991 582 1019 551 1019
890 1273 921 1273 921 1301 890 1301
813 1234 846 1234 846 1262 813 1262
409 299 453 299 453 327 409 327
276 688 321 688 321 716 276 716
402 1082 447 1082 447 1110 402 1110
895 420 915 420 915 449 895 449
339 907 369 907 369 936 339 936
407 1264 443 1264 443 1293 407 1293
819 1348 856 1348 856 1377 819 1377
542 883 585 883 585 912 542 912
283 582 301 582 301 611 283 611
815 999 846 999 846 1028 815 1028
617 895 648 895 648 924 617 924
746 1011 792 1011 792 1040 746 1040
761 396 792 396 792 425 761 425
550 538 582 538 582 567 550 567
748 1249 788 1249 788 1278 748 1278
358 433 374 433 374 463 358 463
889 915 919 915 919 945 889 945
883 704 921 704 921 734 883 734
609 1204 660 1204 660 1234 609 1234
221 563 235 563 235 593 221 593
827 300 845 300 845 330 827 330
484 786 505 786 505 816 484 816
555 506 577 506 577 536 555 536
345 533 383 533 383 563 345 563
352 402 381 402 381 433 352 433
145 376 175 376 175 407 145 407
683 663 719 663 719 694 683 694
483 1343 520 1343 520 1374 483 1374
476 819 514 819 514 850 476 850
198 1049 244 1049 244 1080 198 1080
212 788 236 788 236 819 212 819
146 912 180 912 180 943 146 943
216 328 261 328 261 359 216 359
894 611 913 611 913 642 894 642
753 504 777 504 777 535 753 535
480 1284 508 1284 508 1315 480 1315
349 462 382 462 382 493 349 493
142 698 175 698 175 729 142 729
209 592 244 592 244 623 209 623
211 491 247 491 247 522 211 522
550 573 591 573 591 604 550 604
758 537 775 537 775 569 758 569
149 877 170 877 170 909 149 909
202 201 231 201 231 233 202 233
271 201 302 201 302 233 271 233
687 696 720 696 720 728 687 728
143 735 177 735 177 767 143 767
611 964 646 964 646 996 611 996
680 934 722 934 722 966 680 966
285 761 305 761 305 793 285 793
416 825 438 825 438 857 416 857
146 297 175 297 175 329 146 329
303 200 333 200 333 232 303 232
822 518 856 518 856 550 822 550
819 575 856 575 856 607 819 607
545 959 584 959 584 991 545 991
216 359 259 359 259 391 216 391
413 897 436 897 436 930 413 930
753 470 788 470 788 503 753 503
885 542 929 542 929 575 885 575
407 1292 454 1292 454 1325 407 1325
621 582 650 582 650 615 621 615
689 401 722 401 722 434 689 434
747 706 785 706 785 739 747 739
213 755 252 755 252 788 213 788
336 805 381 805 381 838 336 838
199 903 247 903 247 936 199 936
685 331 720 331 720 364 685 364
822 751 859 751 859 784 822 784
417 475 447 475 447 509 417 509
281 359 317 359 317 393 281 393
747 568 786 568 786 602 747 602
348 496 387 496 387 530 348 530
821 784 851 784 851 818 821 818
881 1056 921 1056 921 1090 881 1090
472 752 522 752 522 786 472 786
828 453 845 453 845 488 828 488
549 781 575 781 575 816 549 816
412 1046 442 1046 442 1081 412 1081
201 1194 241 1194 241 1229 201 1229
210 1104 227 1104 227 1139 210 1139
416 858 441 858 441 893 416 893
624 409 650 409 650 444 624 444
687 852 718 852 718 887 687 887
822 329 854 329 854 364 822 364
477 484 512 484 512 519 477 519
416 933 439 933 439 968 416 968
750 1276 779 1276 779 1311 750 1311
146 838 181 838 181 873 146 873
905 253 941 253 941 288 905 288
203 1255 242 1255 242 1290 203 1290
543 1039 587 1039 587 1074 543 1074
155 1027 162 1027 162 1063 155 1063
353 344 369 344 369 380 353 380
213 649 244 649 244 685 213 685
277 610 309 610 309 646 277 646
409 786 441 786 441 822 409 822
813 1195 855 1195 855 1231 813 1231
348 563 379 563 379 599 348 599
682 727 719 727 719 763 682 763
279 795 319 795 319 831 279 831
406 749 451 749 451 785 406 785
279 718 325 718 325 754 279 754
486 967 500 967 500 1003 486 1003
547 816 580 816 580 852 547 852
886 643 921 643 921 679 886 679
211 520 248 520 248 556 211 556
473 936 515 936 515 972 473 972
401 1176 444 1176 444 1212 401 1212
138 946 182 946 182 982 138 982
747 1210 791 1210 791 1246 747 1246
472 1204 517 1204 517 1240 472 1240
693 364 719 364 719 401 693 401
302 242 336 242 336 279 302 279
339 717 382 717 382 754 339 754
908 211 941 211 941 249 908 249
747 1341 784 1341 784 1379 747 1379
810 656 857 656 857 694 810 694
285 395 301 395 301 433 285 433
418 436 440 436 440 474 418 474
887 1206 916 1206 916 1244 887 1244
144 455 184 455 184 493 144 493
809 1156 850 1156 850 1194 809 1194
221 713 234 713 234 751 221 751
893 302 916 302 916 340 893 340
680 1245 712 1245 712 1283 680 1283
211 819 243 819 243 857 211 857
477 895 519 895 519 933 477 933
556 301 578 301 578 340 556 340
812 1119 853 1119 853 1158 812 1158
898 448 912 448 912 487 898 487
421 530 441 530 441 569 421 569
752 1167 783 1167 783 1206 752 1206
138 628 183 628 183 667 138 667
614 1306 643 1306 643 1346 614 1346
481 442 512 442 512 482 481 482
751 602 786 602 786 642 751 642
816 904 857 904 857 944 816 944
550 380 593 380 593 420 550 420
608 926 656 926 656 966 608 966
547 340 598 340 598 380 547 380
685 889 716 889 716 929 685 929
751 669 784 669 784 709 751 709
820 820 858 820 858 860 820 860
813 1262 853 1262 853 1302 813 1302
885 500 928 500 928 540 885 540
549 1131 577 1131 577 1172 549 1172
547 463 582 463 582 504 547 504
681 586 722 586 722 627 681 627
143 333 188 333 188 374 143 374
409 601 454 601 454 642 409 642
822 712 853 712 853 753 822 753
619 1023 659 1023 659 1064 619 1064
478 712 520 712 520 753 478 753
681 1003 725 1003 725 1044 681 1044
346 1007 368 1007 368 1048 346 1048
754 834 784 834 784 875 754 875
619 449 657 449 657 490 619 490
619 515 659 515 659 556 619 556
208 447 250 447 250 489 208 489
476 639 520 639 520 681 476 681
478 547 522 547 522 589 478 589
676 1078 718 1078 718 1120 676 1120
275 440 319 440 319 482 275 482
549 416 594 416 594 458 549 458
820 1075 846 1075 846 1118 820 1118
756 427 784 427 784 470 756 470
483 342 518 342 518 385 483 385
474 1079 513 1079 513 1122 474 1122
611 773 652 773 652 816 611 816
881 1332 923 1332 923 1375 881 1375
815 385 863 385 863 428 815 428
555 669 579 669 579 712 555 712
877 210 906 210 906 253 877 253
276 540 320 540 320 583 276 583
471 1006 521 1006 521 1049 471 1049
489 298 511 298 511 341 489 341
760 353 789 353 789 396 760 396
683 529 725 529 725 572 683 572
887 787 916 787 916 831 887 831
680 962 717 962 717 1006 680 1006
821 861 862 861 862 905 821 905
207 1003 231 1003 231 1047 207 1047
611 1261 642 1261 642 1305 611 1305
401 1214 446 1214 446 1258 401 1258
681 806 723 806 723 851 681 851
411 391 453 391 453 436 411 436
547 627 589 627 589 672 547 672
141 764 184 764 184 809 141 809
699 473 709 473 709 519 699 519
147 410 185 410 185 456 147 456
677 1286 720 1286 720 1332 677 1332
607 1109 651 1109 651 1155 607 1155
676 1331 721 1331 721 1377 676 1377
346 937 371 937 371 983 346 983
208 1316 242 1316 242 1362 208 1362
139 529 179 529 179 575 139 575
410 346 452 346 452 392 410 392
882 576 917 576 917 623 882 623
142 578 180 578 180 625 142 625
481 848 511 848 511 896 481 896
339 755 380 755 380 803 339 803
623 358 649 358 649 406 623 406
343 600 386 600 386 648 343 648
475 1124 513 1124 513 1172 475 1172
882 993 922 993 922 1041 882 1041
679 1172 725 1172 725 1220 679 1220
476 591 526 591 526 639 476 639
747 1117 786 1117 786 1166 747 1166
882 945 927 945 927 994 882 994
756 300 791 300 791 349 756 349
207 935 243 935 243 984 207 984
614 693 653 693 653 742 614 742
815 1028 858 1028 858 1077 815 1077
412 695 445 695 445 745 412 745
825 605 852 605 852 655 825 655
887 834 916 834 916 884 887 884
543 1297 574 1297 574 1347 543 1347
613 819 652 819 652 870 613 870
416 961 428 961 428 1012 416 1012
749 960 785 960 785 1011 749 1011
407 639 454 639 454 690 407 690
740 1039 788 1039 788 1091 740 1091
276 484 314 484 314 540 276 540
