477 434 504 434 504 448 477 448
607 563 640 563 640 577 607 577
608 1126 636 1126 636 1141 608 1141
469 903 506 903 506 920 469 920
740 812 771 812 771 829 740 829
738 1215 771 1215 771 1232 738 1232
534 674 583 674 583 692 534 692
676 345 706 345 706 363 676 363
59 502 101 502 101 522 59 522
543 1149 560 1149 560 1169 543 1169
811 555 831 555 831 575 811 575
472 376 503 376 503 397 472 397
467 1067 520 1067 520 1088 467 1088
752 658 771 658 771 680 752 680
749 1270 769 1270 769 1292 749 1292
676 968 705 968 705 990 676 990
802 724 841 724 841 746 802 746
536 970 569 970 569 993 536 993
606 344 648 344 648 368 606 368
686 1292 718 1292 718 1316 686 1316
607 990 634 990 634 1015 607 1015
474 1247 506 1247 506 1272 474 1272
801 610 840 610 840 636 801 636
599 961 640 961 640 987 599 987
547 942 562 942 562 968 547 968
686 414 703 414 703 440 686 440
682 809 703 809 703 836 682 836
812 815 834 815 834 842 812 842
611 1352 642 1352 642 1379 611 1379
813 493 830 493 830 520 813 520
550 1352 571 1352 571 1379 550 1379
686 1315 707 1315 707 1342 686 1342
734 435 792 435 792 462 734 462
616 645 633 645 633 673 616 673
531 1120 576 1120 576 1148 531 1148
609 529 636 529 636 558 609 558
675 1234 717 1234 717 1263 675 1263
611 848 632 848 632 877 611 877
610 1092 634 1092 634 1121 610 1121
618 749 645 749 645 778 618 778
471 622 506 622 506 651 471 651
538 772 574 772 574 801 538 801
806 1155 843 1155 843 1184 806 1184
809 973 830 973 830 1002 809 1002
469 566 505 566 505 595 469 595
681 521 699 521 699 551 681 551
805 839 838 839 838 869 805 869
536 366 569 366 569 396 536 396
471 776 504 776 504 806 471 806
465 400 507 400 507 430 465 430
545 295 557 295 557 326 545 326
744 779 768 779 768 810 744 810
535 846 571 846 571 877 535 877
804 1124 837 1124 837 1155 804 1155
800 579 844 579 844 610 800 610
481 595 501 595 501 626 481 626
675 1261 710 1261 710 1293 675 1293
738 747 775 747 775 779 738 779
687 744 704 744 704 776 687 776
617 613 637 613 637 645 617 645
680 934 703 934 703 966 680 966
676 1341 707 1341 707 1373 676 1373
539 1294 574 1294 574 1326 539 1326
736 622 775 622 775 654 736 654
796 251 836 251 836 283 796 283
686 1082 700 1082 700 1114 686 1114
748 904 765 904 765 936 748 936
477 958 503 958 503 990 477 990
601 403 647 403 647 435 601 435
748 871 765 871 765 904 748 904
476 866 495 866 495 899 476 899
681 622 704 622 704 655 681 655
736 940 770 940 770 973 736 973
807 1228 849 1228 849 1261 807 1261
527 990 572 990 572 1023 527 1023
536 1171 582 1171 582 1204 536 1204
686 440 702 440 702 473 686 473
685 589 701 589 701 622 685 622
614 778 637 778 637 811 614 811
477 1310 511 1310 511 1343 477 1343
608 1238 647 1238 647 1271 608 1271
740 1237 780 1237 780 1270 740 1270
682 776 700 776 700 810 682 810
611 924 642 924 642 958 611 958
471 1084 507 1084 507 1118 471 1118
802 750 845 750 845 784 802 784
541 1020 568 1020 568 1054 541 1054
479 1344 507 1344 507 1378 479 1378
804 519 839 519 839 553 804 553
673 900 708 900 708 934 673 934
735 306 777 306 777 340 735 340
822 785 828 785 828 820 822 820
470 451 508 451 508 486 470 486
470 916 503 916 503 951 470 951
541 1324 569 1324 569 1360 541 1360
535 802 570 802 570 838 535 838
741 1343 777 1343 777 1379 741 1379
596 812 647 812 647 848 596 848
537 325 564 325 564 361 537 361
474 1120 505 1120 505 1156 474 1156
471 1274 509 1274 509 1310 471 1310
473 528 515 528 515 564 473 564
735 1007 778 1007 778 1043 735 1043
485 339 514 339 514 375 485 375
802 927 836 927 836 963 802 963
539 561 574 561 574 597 539 597
606 1057 641 1057 641 1093 606 1093
679 706 715 706 715 742 679 742
537 1056 575 1056 575 1092 537 1092
55 305 100 305 100 341 55 341
610 492 641 492 641 529 610 529
734 549 773 549 773 586 734 586
554 1093 561 1093 561 1130 554 1130
494 686 503 686 503 723 494 723
804 1339 850 1339 850 1376 804 1376
478 304 504 304 504 342 478 342
741 1127 782 1127 782 1165 741 1165
535 689 580 689 580 727 535 727
745 1170 769 1170 769 1208 745 1208
540 1252 585 1252 585 1290 540 1290
55 526 108 526 108 564 55 564
550 636 569 636 569 674 550 674
799 306 840 306 840 344 799 344
737 590 781 590 781 628 737 628
688 1198 700 1198 700 1237 688 1237
679 301 700 301 700 340 679 340
673 1116 719 1116 719 1155 673 1155
738 1084 776 1084 776 1123 738 1123
608 371 647 371 647 410 608 410
613 303 652 303 652 342 613 342
608 578 654 578 654 618 608 618
796 209 845 209 845 249 796 249
541 602 580 602 580 642 541 642
678 1155 719 1155 719 1195 678 1195
474 1209 517 1209 517 1249 474 1249
739 970 783 970 783 1010 739 1010
478 1026 497 1026 497 1067 478 1067
545 455 575 455 575 496 545 496
539 497 580 497 580 538 539 538
59 455 105 455 105 496 59 496
532 730 581 730 581 771 532 771
808 681 835 681 835 722 808 722
803 398 843 398 843 439 803 439
673 1039 715 1039 715 1080 673 1080
743 1041 768 1041 768 1083 743 1083
479 486 500 486 500 528 479 528
615 1013 639 1013 639 1055 615 1055
471 653 508 653 508 695 471 695
740 831 778 831 778 873 740 873
604 879 643 879 643 922 604 922
678 475 722 475 722 518 678 518
801 1265 850 1265 850 1308 801 1308
611 675 647 675 647 719 611 719
604 716 645 716 645 760 604 760
608 1313 654 1313 654 1357 608 1357
677 553 721 553 721 597 677 597
680 366 715 366 715 411 680 411
680 991 711 991 711 1037 680 1037
57 402 109 402 109 448 57 448
676 660 705 660 705 706 676 706
820 1294 826 1294 826 1340 820 1340
735 344 783 344 783 390 735 390
470 726 515 726 515 773 470 773
736 500 785 500 785 547 736 547
536 522 586 522 586 569 536 569
471 1162 511 1162 511 1209 471 1209
469 985 514 985 514 1032 469 1032
811 637 826 637 826 685 811 685
749 452 778 452 778 500 749 500
55 348 104 348 104 396 55 396
735 389 781 389 781 437 735 437
802 442 843 442 843 491 802 491
808 343 834 343 834 392 808 392
535 1202 576 1202 576 1251 535 1251
602 1192 653 1192 653 1242 602 1242
613 437 637 437 637 489 613 489
603 1136 648 1136 648 1189 603 1189
744 1293 768 1293 768 1346 744 1346
539 399 574 399 574 455 539 455
745 682 771 682 771 741 745 741
471 804 507 804 507 864 471 864
803 1068 849 1068 849 1130 803 1130
571 1292 582 1292 582 1354 571 1354
673 836 707 836 707 899 673 899
533 875 582 875 582 939 533 939
