487 757 505 757 505 765 487 765
823 1174 845 1174 845 1184 823 1184
822 1374 847 1374 847 1385 822 1385
790 1299 813 1299 813 1310 790 1310
139 647 160 647 160 658 139 658
828 1189 838 1189 838 1201 828 1201
410 1361 425 1361 425 1373 410 1373
137 450 152 450 152 462 137 462
144 410 152 410 152 422 144 422
446 885 467 885 467 899 446 899
237 1223 259 1223 259 1237 237 1237
172 402 181 402 181 416 172 416
603 1345 621 1345 621 1359 603 1359
274 1358 289 1358 289 1373 274 1373
308 1327 328 1327 328 1342 308 1342
137 543 160 543 160 558 137 558
485 664 494 664 494 679 485 679
444 1151 465 1151 465 1166 444 1166
482 946 503 946 503 961 482 961
487 1129 501 1129 501 1145 487 1145
102 558 127 558 127 574 102 574
480 775 506 775 506 791 480 791
798 1281 806 1281 806 1297 798 1297
110 435 123 435 123 451 110 451
789 1107 810 1107 810 1123 789 1123
798 1380 813 1380 813 1397 798 1397
101 386 125 386 125 403 101 403
822 1044 837 1044 837 1061 822 1061
169 314 185 314 185 331 169 331
114 826 136 826 136 843 114 843
269 1074 297 1074 297 1091 269 1091
753 441 769 441 769 458 753 458
595 623 625 623 625 640 595 640
822 1352 848 1352 848 1370 822 1370
338 1403 365 1403 365 1421 338 1421
789 808 839 808 839 826 789 826
489 794 500 794 500 812 489 812
531 538 552 538 552 556 531 556
166 439 187 439 187 457 166 457
270 1373 291 1373 291 1391 270 1391
236 1096 259 1096 259 1114 236 1114
793 1363 818 1363 818 1381 793 1381
308 1222 322 1222 322 1241 308 1241
666 673 686 673 686 692 666 692
482 1283 503 1283 503 1302 482 1302
182 1063 207 1063 207 1082 182 1082
114 1365 140 1365 140 1384 114 1384
343 1270 355 1270 355 1289 343 1289
237 1160 252 1160 252 1179 237 1179
530 642 553 642 553 661 530 661
273 1257 296 1257 296 1276 273 1276
240 1202 256 1202 256 1221 240 1221
484 681 501 681 501 700 484 700
250 788 270 788 270 807 250 807
185 1328 205 1328 205 1347 185 1347
529 1223 554 1223 554 1242 529 1242
526 769 554 769 554 788 526 788
662 1073 695 1073 695 1092 662 1092
239 1181 257 1181 257 1201 239 1201
166 415 187 415 187 435 166 435
171 330 193 330 193 350 171 350
804 686 827 686 827 706 804 706
320 882 343 882 343 902 320 902
391 873 416 873 416 893 391 893
442 902 472 902 472 922 442 922
485 926 497 926 497 946 485 946
142 622 157 622 157 642 142 642
446 1069 462 1069 462 1089 446 1089
270 1212 293 1212 293 1232 270 1232
598 935 624 935 624 955 598 955
235 1240 261 1240 261 1260 235 1260
797 986 833 986 833 1006 797 1006
448 720 465 720 465 741 448 741
671 720 688 720 688 741 671 741
324 439 345 439 345 460 324 460
668 962 691 962 691 983 668 983
390 618 414 618 414 639 390 639
799 337 828 337 828 358 799 358
234 1319 265 1319 265 1340 234 1340
341 1290 354 1290 354 1311 341 1311
448 1200 464 1200 464 1221 448 1221
794 1257 813 1257 813 1278 794 1278
530 1400 551 1400 551 1421 530 1421
530 950 551 950 551 971 530 971
394 1207 416 1207 416 1228 394 1228
478 962 501 962 501 983 478 983
795 1396 819 1396 819 1417 795 1417
115 1022 144 1022 144 1043 115 1043
110 633 125 633 125 654 110 654
825 1207 842 1207 842 1228 825 1228
116 1228 139 1228 139 1249 116 1249
788 1179 811 1179 811 1200 788 1200
668 1247 691 1247 691 1268 668 1268
666 1025 692 1025 692 1046 666 1046
235 1365 261 1365 261 1386 235 1386
388 642 415 642 415 663 388 663
871 677 902 677 902 698 871 698
485 1262 498 1262 498 1284 485 1284
533 686 547 686 547 708 533 708
451 862 467 862 467 884 451 884
170 352 190 352 190 374 170 374
448 666 468 666 468 688 448 688
601 640 623 640 623 662 601 662
135 497 158 497 158 519 135 519
305 1200 328 1200 328 1222 305 1222
480 704 505 704 505 726 480 726
181 1164 207 1164 207 1186 181 1186
871 1035 903 1035 903 1057 871 1057
276 1234 292 1234 292 1256 276 1256
308 1241 328 1241 328 1263 308 1263
186 613 207 613 207 635 186 635
823 1261 846 1261 846 1283 823 1283
480 845 503 845 503 867 480 867
456 473 482 473 482 495 456 495
878 928 905 928 905 950 878 950
870 1338 903 1338 903 1360 870 1360
486 1210 502 1210 502 1233 486 1233
806 963 826 963 826 986 806 986
393 977 413 977 413 1000 393 1000
820 1321 844 1321 844 1344 820 1344
877 456 902 456 902 479 877 479
331 1219 359 1219 359 1242 331 1242
474 1302 507 1302 507 1325 474 1325
868 1316 904 1316 904 1339 868 1339
176 1117 212 1117 212 1140 176 1140
314 1370 330 1370 330 1393 314 1393
186 560 203 560 203 583 186 583
386 313 409 313 409 336 386 336
866 1121 906 1121 906 1144 866 1144
142 517 154 517 154 540 142 540
448 986 463 986 463 1009 448 1009
532 593 548 593 548 616 532 616
670 343 687 343 687 366 670 366
822 1147 843 1147 843 1170 822 1170
531 316 554 316 554 339 531 339
479 639 502 639 502 662 479 662
106 510 131 510 131 533 106 533
483 1047 508 1047 508 1070 483 1070
598 702 624 702 624 725 598 725
818 1090 848 1090 848 1113 818 1113
869 480 902 480 902 503 869 503
314 571 348 571 348 594 314 594
729 347 742 347 742 371 729 371
396 1155 411 1155 411 1179 396 1179
485 1234 502 1234 502 1258 485 1258
309 1344 330 1344 330 1368 309 1368
600 1386 621 1386 621 1410 600 1410
108 655 130 655 130 679 108 679
445 639 468 639 468 663 445 663
305 1148 332 1148 332 1172 305 1172
247 907 280 907 280 931 247 931
523 661 558 661 558 685 523 685
377 895 425 895 425 919 377 919
107 536 121 536 121 560 107 560
600 1282 614 1282 614 1306 600 1306
237 1041 251 1041 251 1065 237 1065
188 641 205 641 205 665 188 665
119 315 139 315 139 339 119 339
131 383 155 383 155 407 131 407
104 452 131 452 131 476 104 476
786 1126 813 1126 813 1150 786 1150
388 999 417 999 417 1023 388 1023
479 1357 508 1357 508 1381 479 1381
174 375 188 375 188 400 174 400
794 1081 809 1081 809 1106 794 1106
142 559 159 559 159 584 142 584
878 1185 897 1185 897 1210 878 1210
104 408 124 408 124 433 104 433
133 422 154 422 154 447 133 447
444 692 469 692 469 717 444 717
386 339 414 339 414 364 386 364
793 1336 821 1336 821 1361 793 1361
182 708 211 708 211 733 182 733
230 973 259 973 259 998 230 998
822 1119 839 1119 839 1144 822 1144
533 744 550 744 550 769 533 769
482 1073 504 1073 504 1098 482 1098
481 729 504 729 504 754 481 754
457 345 481 345 481 370 457 370
339 1310 364 1310 364 1335 339 1335
192 413 219 413 219 438 192 438
523 1245 552 1245 552 1270 523 1270
660 316 698 316 698 341 660 341
174 1183 214 1183 214 1208 174 1208
534 1171 548 1171 548 1196 534 1196
804 629 820 629 820 654 804 654
324 1076 341 1076 341 1101 324 1101
808 316 825 316 825 341 808 341
120 1345 139 1345 139 1370 120 1370
529 1009 550 1009 550 1034 529 1034
446 1220 469 1220 469 1245 446 1245
789 1202 813 1202 813 1227 789 1227
268 1045 293 1045 293 1070 268 1070
816 1065 843 1065 843 1090 816 1090
447 800 479 800 479 825 447 825
796 782 832 782 832 807 796 807
530 1034 553 1034 553 1060 530 1060
444 1122 467 1122 467 1148 444 1148
444 929 469 929 469 955 444 955
303 1299 332 1299 332 1325 303 1325
332 1242 363 1242 363 1268 332 1268
383 1296 421 1296 421 1322 383 1322
756 530 767 530 767 556 756 556
190 1136 203 1136 203 1162 190 1162
110 576 129 576 129 602 110 602
602 392 622 392 622 418 602 418
239 1340 261 1340 261 1366 239 1366
273 1307 298 1307 298 1333 273 1333
272 1334 298 1334 298 1360 272 1360
677 1335 704 1335 704 1361 677 1361
182 1305 211 1305 211 1331 182 1331
541 620 571 620 571 646 541 646
658 1095 701 1095 701 1121 658 1121
465 563 482 563 482 590 465 590
672 1048 692 1048 692 1075 672 1075
106 480 128 480 128 507 106 507
138 662 161 662 161 689 138 689
445 1013 468 1013 468 1040 445 1040
457 534 485 534 485 561 457 561
750 560 782 560 782 587 750 587
174 1087 212 1087 212 1114 174 1114
310 628 348 628 348 655 310 655
381 405 421 405 421 432 381 432
519 790 559 790 559 817 519 817
485 1016 501 1016 501 1043 485 1043
270 992 288 992 288 1019 270 1019
446 775 468 775 468 802 446 802
238 1292 260 1292 260 1319 238 1319
484 1183 507 1183 507 1210 484 1210
334 1186 362 1186 362 1213 334 1213
596 1358 626 1358 626 1385 596 1385
799 1312 809 1312 809 1339 799 1339
117 766 132 766 132 793 117 793
239 1263 260 1263 260 1290 239 1290
198 437 220 437 220 464 198 464
394 952 416 952 416 979 394 979
444 1168 469 1168 469 1195 444 1195
480 812 506 812 506 839 480 839
112 888 146 888 146 915 112 915
660 696 695 696 695 723 660 723
106 1386 144 1386 144 1413 106 1413
447 1040 462 1040 462 1068 447 1068
235 1067 256 1067 256 1095 235 1095
265 965 292 965 292 993 265 993
269 1389 296 1389 296 1417 269 1417
800 859 828 859 828 887 800 887
593 1101 629 1101 629 1129 593 1129
666 1308 702 1308 702 1336 666 1336
518 370 559 370 559 398 518 398
521 1272 562 1272 562 1300 521 1300
654 1366 697 1366 697 1394 654 1394
602 557 617 557 617 585 602 585
120 998 139 998 139 1026 120 1026
309 1393 330 1393 330 1421 309 1421
250 846 278 846 278 874 250 874
317 1102 347 1102 347 1130 317 1130
386 667 418 667 418 695 386 695
524 338 557 338 557 366 524 366
314 1049 352 1049 352 1077 314 1077
108 1043 148 1043 148 1071 108 1071
382 1266 423 1266 423 1294 382 1294
201 352 216 352 216 380 201 380
198 383 215 383 215 411 198 411
824 1230 843 1230 843 1258 824 1258
269 1019 292 1019 292 1047 269 1047
178 1210 202 1210 202 1238 178 1238
184 1350 209 1350 209 1378 184 1378
483 1100 509 1100 509 1128 483 1128
719 314 749 314 749 342 719 342
179 1275 213 1275 213 1303 179 1303
381 730 418 730 418 758 381 758
239 928 282 928 282 956 239 956
761 623 770 623 770 652 761 652
666 606 683 606 683 635 666 635
602 1035 621 1035 621 1064 602 1064
527 1369 550 1369 550 1398 527 1398
116 342 144 342 144 371 116 371
477 1325 506 1325 506 1354 477 1354
752 657 774 657 774 686 752 686
669 742 691 742 691 771 669 771
136 466 160 466 160 495 136 495
592 1304 624 1304 624 1333 592 1333
795 394 839 394 839 423 795 423
876 649 900 649 900 679 876 679
239 1389 264 1389 264 1419 239 1419
110 793 137 793 137 823 110 823
525 713 555 713 555 743 525 743
529 1336 560 1336 560 1366 529 1366
383 561 416 561 416 591 383 591
245 454 281 454 281 484 245 484
794 1230 806 1230 806 1260 794 1260
670 903 685 903 685 933 670 933
531 478 547 478 547 508 531 508
445 1091 472 1091 472 1121 445 1121
332 1149 360 1149 360 1179 332 1179
483 1148 512 1148 512 1178 483 1178
387 841 417 841 417 871 387 871
482 863 512 863 512 893 482 893
110 1197 141 1197 141 1227 110 1227
112 1252 143 1252 143 1282 112 1282
109 1284 141 1284 141 1314 109 1314
110 1315 144 1315 144 1345 110 1345
112 603 122 603 122 633 112 633
671 1391 686 1391 686 1421 671 1421
186 1003 201 1003 201 1033 186 1033
603 723 620 723 620 753 603 753
197 318 221 318 221 348 197 348
480 1383 508 1383 508 1413 480 1413
389 1178 421 1178 421 1208 389 1208
175 1032 209 1032 209 1062 175 1062
527 560 562 560 562 590 527 590
871 1240 913 1240 913 1270 871 1270
462 406 475 406 475 437 462 437
877 390 894 390 894 421 877 421
667 770 694 770 694 801 667 801
444 956 472 956 472 987 444 987
527 1062 557 1062 557 1093 527 1093
595 752 626 752 626 783 595 783
319 369 353 369 353 400 319 400
658 367 693 367 693 398 658 398
385 1023 420 1023 420 1054 385 1054
867 1363 905 1363 905 1394 867 1394
383 1054 428 1054 428 1085 383 1085
254 876 271 876 271 907 254 907
305 1265 328 1265 328 1296 305 1296
747 461 774 461 774 492 747 492
478 986 508 986 508 1017 478 1017
874 895 908 895 908 926 874 926
110 1170 143 1170 143 1202 110 1202
658 1119 700 1119 700 1151 658 1151
486 892 501 892 501 924 486 924
791 1147 808 1147 808 1179 791 1179
250 486 275 486 275 518 250 518
595 587 623 587 623 619 595 619
796 652 827 652 827 684 796 684
451 310 485 310 485 342 451 342
523 1193 559 1193 559 1225 523 1225
522 890 558 890 558 922 522 922
175 581 213 581 213 613 175 613
753 403 773 403 773 435 753 435
247 810 275 810 275 842 247 842
319 849 347 849 347 881 319 881
800 747 830 747 830 779 800 779
332 1338 362 1338 362 1370 332 1370
313 1168 320 1168 320 1201 313 1201
115 1138 136 1138 136 1171 115 1171
872 505 896 505 896 538 872 538
661 926 695 926 695 959 661 959
522 920 557 920 557 953 522 953
113 1073 149 1073 149 1106 113 1106
869 1055 911 1055 911 1088 869 1088
384 1380 428 1380 428 1413 384 1413
523 507 561 507 561 540 523 540
870 805 909 805 909 838 870 838
870 770 910 770 910 803 870 803
123 969 157 969 157 1003 123 1003
332 1371 367 1371 367 1405 332 1405
384 587 420 587 420 621 384 621
794 358 833 358 833 392 794 392
863 700 905 700 905 734 863 734
172 854 222 854 222 888 172 888
449 827 465 827 465 861 449 861
111 735 144 735 144 769 111 769
452 501 490 501 490 535 452 535
870 1389 908 1389 908 1423 870 1423
872 866 908 866 908 900 872 900
828 1387 843 1387 843 1422 828 1422
273 1276 297 1276 297 1311 273 1311
818 1285 848 1285 848 1320 818 1320
597 1064 628 1064 628 1099 597 1099
595 899 627 899 627 934 595 934
743 495 777 495 777 530 743 530
662 1273 699 1273 699 1308 662 1308
176 924 215 924 215 959 176 959
598 959 623 959 623 994 598 994
269 1172 295 1172 295 1207 269 1207
596 996 623 996 623 1031 596 1031
456 590 486 590 486 625 456 625
870 420 903 420 903 455 870 455
385 696 426 696 426 731 385 731
660 1150 702 1150 702 1185 660 1185
796 887 843 887 843 922 796 922
188 670 203 670 203 706 188 706
749 589 778 589 778 625 749 625
595 418 626 418 626 454 595 454
384 811 416 811 416 847 384 847
317 903 351 903 351 939 317 939
664 1187 699 1187 699 1223 664 1223
590 1253 627 1253 627 1289 590 1289
865 732 911 732 911 768 865 768
446 738 469 738 469 774 446 774
595 314 625 314 625 350 595 350
317 819 349 819 349 855 317 855
660 635 694 635 694 671 660 671
109 848 144 848 144 884 109 884
665 1213 701 1213 701 1249 665 1249
667 439 689 439 689 475 667 475
247 752 279 752 279 788 247 788
315 399 349 399 349 435 315 435
864 314 907 314 907 350 864 350
517 818 561 818 561 854 517 854
874 835 898 835 898 872 874 872
320 464 348 464 348 501 320 501
873 1205 904 1205 904 1242 873 1242
876 1086 912 1086 912 1123 876 1123
593 1183 629 1183 629 1220 593 1220
790 1002 837 1002 837 1039 790 1039
330 695 363 695 363 732 330 732
588 1222 626 1222 626 1259 588 1259
324 502 339 502 339 540 324 540
321 535 341 535 341 573 321 573
529 1296 554 1296 554 1334 529 1334
245 721 281 721 281 759 245 759
594 865 631 865 631 903 594 903
381 1081 425 1081 425 1119 381 1119
175 1240 222 1240 222 1278 175 1278
791 1041 811 1041 811 1079 791 1079
110 1107 145 1107 145 1145 110 1145
381 1116 428 1116 428 1154 381 1154
863 577 914 577 914 615 863 615
236 1002 260 1002 260 1040 236 1040
594 785 625 785 625 823 594 823
247 362 283 362 283 400 247 400
865 609 903 609 903 647 865 647
451 435 486 435 486 474 451 474
178 815 218 815 218 854 178 854
751 363 778 363 778 402 751 402
523 973 556 973 556 1012 523 1012
245 636 286 636 286 675 245 675
386 1230 428 1230 428 1269 386 1269
523 441 569 441 569 480 523 480
141 584 155 584 155 624 141 624
525 1138 561 1138 561 1178 525 1178
176 781 214 781 214 821 176 821
383 433 428 433 428 473 383 473
186 1378 201 1378 201 1418 186 1418
805 710 822 710 822 750 805 750
881 995 900 995 900 1035 881 1035
808 822 827 822 827 862 808 862
721 371 750 371 750 411 721 411
661 569 696 569 696 609 661 609
520 852 557 852 557 892 520 892
241 559 284 559 284 599 241 599
659 230 707 230 707 270 659 270
235 1116 259 1116 259 1156 235 1156
313 1011 360 1011 360 1051 313 1051
175 963 210 963 210 1004 175 1004
311 969 356 969 356 1010 311 1010
243 320 289 320 289 361 243 361
592 665 632 665 632 706 592 706
176 518 218 518 218 559 176 559
243 594 288 594 288 635 243 635
601 352 617 352 617 394 601 394
658 477 703 477 703 519 658 519
796 551 836 551 836 593 796 593
869 1271 909 1271 909 1313 869 1313
865 536 908 536 908 578 865 578
878 1143 895 1143 895 1185 878 1185
269 1091 296 1091 296 1133 269 1133
382 522 420 522 420 565 382 565
110 693 148 693 148 736 110 736
382 364 421 364 421 407 382 407
802 421 841 421 841 464 802 464
311 778 357 778 357 821 311 821
173 884 214 884 214 927 173 927
313 587 357 587 357 630 313 630
240 519 288 519 288 562 240 562
528 1094 556 1094 556 1138 528 1138
242 402 288 402 288 446 242 446
451 371 487 371 487 415 451 415
519 398 569 398 569 442 519 442
391 912 418 912 418 956 391 956
388 1320 417 1320 417 1364 388 1364
793 586 832 586 832 631 793 631
865 953 915 953 915 998 865 998
177 736 206 736 206 781 177 781
315 735 357 735 357 780 315 780
587 825 641 825 641 870 587 870
375 227 421 227 421 273 375 273
756 312 771 312 771 358 756 358
661 984 700 984 700 1030 661 1030
384 475 420 475 420 522 384 522
243 245 285 245 285 292 243 292
663 392 704 392 704 440 663 440
243 673 288 673 288 721 243 721
590 514 634 514 634 563 590 563
799 465 841 465 841 514 799 514
868 341 906 341 906 391 868 391
796 513 836 513 836 563 796 563
661 800 701 800 701 850 661 850
813 912 823 912 823 963 813 963
328 926 336 926 336 977 328 977
381 759 419 759 419 810 381 810
662 521 700 521 700 573 662 573
589 1132 635 1132 635 1184 589 1184
660 849 696 849 696 903 660 903
732 411 741 411 741 466 732 466
594 454 634 454 634 509 594 509
176 467 213 467 213 524 176 524
315 310 350 310 350 370 315 370
