713 873 736 873 736 880 713 880
685 873 703 873 703 884 685 884
573 1112 591 1112 591 1124 573 1124
497 471 520 471 520 483 497 483
890 740 913 740 913 753 890 753
422 1170 433 1170 433 1183 422 1183
714 541 736 541 736 554 714 554
786 900 810 900 810 913 786 913
891 758 920 758 920 771 891 771
901 810 908 810 908 824 901 824
581 1202 594 1202 594 1216 581 1216
714 1027 736 1027 736 1041 714 1041
219 1061 246 1061 246 1076 219 1076
719 1116 730 1116 730 1131 719 1131
900 850 911 850 911 865 900 865
772 757 790 757 790 772 772 772
575 419 594 419 594 434 575 434
913 1089 932 1089 932 1104 913 1104
643 571 664 571 664 586 643 586
897 794 910 794 910 810 897 810
699 303 718 303 718 319 699 319
720 625 733 625 733 641 720 641
416 1107 434 1107 434 1123 416 1123
417 658 435 658 435 674 417 674
539 1375 567 1375 567 1391 539 1391
552 554 563 554 563 571 552 571
686 1041 702 1041 702 1058 686 1058
842 443 859 443 859 460 842 460
777 1369 791 1369 791 1386 777 1386
205 829 222 829 222 846 205 846
718 958 737 958 737 975 718 975
684 892 707 892 707 909 684 909
615 572 625 572 625 589 615 589
914 529 933 529 933 546 914 546
274 884 294 884 294 901 274 901
344 367 365 367 365 384 344 384
923 853 948 853 948 870 923 870
649 764 659 764 659 782 649 782
343 1133 364 1133 364 1151 343 1151
344 1345 371 1345 371 1363 344 1363
504 413 516 413 516 431 504 431
199 1195 212 1195 212 1213 199 1213
647 1265 660 1265 660 1283 647 1283
913 474 928 474 928 492 913 492
771 1122 788 1122 788 1140 771 1140
841 383 860 383 860 401 841 401
627 994 646 994 646 1012 627 1012
223 1360 246 1360 246 1378 223 1378
609 592 634 592 634 610 609 610
697 777 717 777 717 796 697 796
272 1074 299 1074 299 1093 272 1093
625 1162 654 1162 654 1181 625 1181
229 1132 242 1132 242 1151 229 1151
234 1276 247 1276 247 1295 234 1295
542 1267 561 1267 561 1286 542 1286
556 730 575 730 575 749 556 749
190 1100 215 1100 215 1119 190 1119
221 1336 246 1336 246 1355 221 1355
341 925 366 925 366 944 341 944
538 1323 565 1323 565 1342 538 1342
906 680 934 680 934 699 906 699
691 1021 702 1021 702 1040 691 1040
205 777 223 777 223 796 205 796
194 1247 213 1247 213 1266 194 1266
349 1081 363 1081 363 1101 349 1101
345 712 365 712 365 732 345 732
685 1001 705 1001 705 1021 685 1021
225 1228 246 1228 246 1248 225 1248
925 831 948 831 948 851 925 851
203 946 227 946 227 966 203 966
763 379 807 379 807 399 763 399
550 484 563 484 563 504 550 504
896 772 912 772 912 792 896 792
925 780 942 780 942 800 925 800
714 1135 731 1135 731 1155 714 1155
611 1255 630 1255 630 1275 611 1275
470 300 493 300 493 320 470 320
537 1216 564 1216 564 1236 537 1236
608 548 639 548 639 568 608 568
689 908 701 908 701 929 689 929
136 733 151 733 151 754 136 754
714 647 737 647 737 668 714 668
695 417 724 417 724 438 695 438
544 300 557 300 557 321 544 321
279 1049 292 1049 292 1070 279 1070
645 660 660 660 660 681 645 681
344 655 361 655 361 676 344 676
577 552 600 552 600 573 577 573
570 1157 594 1157 594 1178 570 1178
642 714 667 714 667 735 642 735
539 463 566 463 566 484 539 484
764 874 774 874 774 895 764 895
417 600 433 600 433 621 417 621
224 1154 243 1154 243 1175 224 1175
575 1247 595 1247 595 1268 575 1268
786 448 808 448 808 469 786 469
539 1160 562 1160 562 1181 539 1181
578 596 601 596 601 617 578 617
683 477 712 477 712 498 683 498
222 1250 251 1250 251 1271 222 1271
410 906 441 906 441 927 410 927
707 1043 738 1043 738 1064 707 1064
544 793 585 793 585 814 544 814
787 848 807 848 807 870 787 870
225 1312 246 1312 246 1334 225 1334
758 849 781 849 781 871 758 871
681 1061 704 1061 704 1083 681 1083
133 787 157 787 157 809 133 809
540 350 565 350 565 372 540 372
716 1003 741 1003 741 1025 716 1025
769 1238 796 1238 796 1260 769 1260
410 789 439 789 439 811 410 811
199 968 233 968 233 990 199 990
209 922 222 922 222 944 209 944
198 1076 211 1076 211 1098 198 1098
771 1063 787 1063 787 1085 771 1085
646 782 663 782 663 804 646 804
417 883 434 883 434 905 417 905
786 472 804 472 804 494 786 494
274 629 293 629 293 651 274 651
685 501 707 501 707 523 685 523
191 1219 216 1219 216 1241 191 1241
710 1067 737 1067 737 1089 710 1089
642 545 673 545 673 567 642 567
495 331 534 331 534 353 495 353
792 525 802 525 802 548 792 548
200 1027 211 1027 211 1050 200 1050
229 1108 240 1108 240 1131 229 1131
585 575 597 575 597 598 585 598
548 375 561 375 561 398 548 398
351 1320 366 1320 366 1343 351 1343
685 599 701 599 701 622 685 622
788 549 807 549 807 572 788 572
574 462 597 462 597 485 574 485
790 872 814 872 814 895 790 895
713 478 738 478 738 501 713 501
540 1348 565 1348 565 1371 540 1371
423 765 452 765 452 788 423 788
618 705 627 705 627 728 618 728
708 391 722 391 722 414 708 414
579 392 594 392 594 415 579 415
417 1056 434 1056 434 1079 417 1079
348 900 365 900 365 923 348 923
840 608 869 608 869 631 840 631
129 970 158 970 158 993 129 993
267 764 298 764 298 787 267 787
337 1156 378 1156 378 1179 337 1179
914 1231 926 1231 926 1254 914 1254
231 1294 244 1294 244 1317 231 1317
931 899 944 899 944 922 931 922
504 386 518 386 518 409 504 409
548 504 564 504 564 527 548 527
575 1271 597 1271 597 1294 575 1294
192 999 217 999 217 1022 192 1022
222 1205 249 1205 249 1228 222 1228
905 1255 935 1255 935 1278 905 1278
637 739 669 739 669 762 637 762
579 1220 592 1220 592 1244 579 1244
631 369 645 369 645 393 631 393
630 938 647 938 647 962 630 962
196 1051 215 1051 215 1075 196 1075
641 1285 663 1285 663 1309 641 1309
544 530 567 530 567 554 544 554
573 1366 598 1366 598 1390 573 1390
609 735 638 735 638 759 609 759
140 417 169 417 169 441 140 441
765 818 798 818 798 842 765 842
272 384 295 384 295 408 272 408
339 1106 364 1106 364 1130 339 1130
609 1275 634 1275 634 1299 609 1299
266 462 300 462 300 486 266 486
622 1014 656 1014 656 1038 622 1038
128 1232 164 1232 164 1256 128 1256
700 722 718 722 718 747 700 747
559 946 579 946 579 971 559 971
750 450 777 450 777 475 750 475
570 1179 597 1179 597 1204 570 1204
689 836 720 836 720 861 689 861
845 672 858 672 858 697 845 697
762 899 780 899 780 924 762 924
714 1090 732 1090 732 1115 714 1115
838 520 858 520 858 545 838 545
754 476 775 476 775 501 754 501
642 1394 665 1394 665 1419 642 1419
639 1240 665 1240 665 1265 639 1265
129 1206 162 1206 162 1231 129 1231
620 396 655 396 655 421 620 421
615 677 628 677 628 702 615 702
571 438 594 438 594 463 571 463
415 1311 438 1311 438 1336 415 1336
129 804 156 804 156 829 129 829
577 523 604 523 604 548 577 548
410 435 438 435 438 460 410 460
769 1181 801 1181 801 1206 769 1206
568 1020 601 1020 601 1045 568 1045
268 1098 303 1098 303 1123 268 1123
834 547 869 547 869 572 834 572
576 301 588 301 588 327 576 327
418 1225 433 1225 433 1251 418 1251
418 404 433 404 433 430 418 430
350 1214 369 1214 369 1240 350 1240
895 823 916 823 916 849 895 849
643 516 664 516 664 542 643 542
710 977 745 977 745 1003 710 1003
617 1181 657 1181 657 1207 617 1207
228 1178 241 1178 241 1204 228 1204
573 364 596 364 596 390 573 390
415 1251 438 1251 438 1277 415 1277
639 683 668 683 668 709 639 709
638 1213 667 1213 667 1239 638 1239
569 1393 598 1393 598 1419 569 1419
494 439 526 439 526 465 494 465
689 442 728 442 728 468 689 468
912 1028 930 1028 930 1055 912 1055
686 932 705 932 705 959 686 959
841 463 861 463 861 490 841 490
219 1033 246 1033 246 1060 219 1060
924 800 953 800 953 827 924 827
189 1267 222 1267 222 1294 189 1294
339 1364 378 1364 378 1391 339 1391
898 1280 940 1280 940 1307 898 1307
546 398 558 398 558 425 546 425
417 1282 435 1282 435 1309 417 1309
467 329 495 329 495 356 467 356
199 800 228 800 228 827 199 827
569 1051 598 1051 598 1078 569 1078
407 341 449 341 449 368 407 368
472 398 492 398 492 425 472 425
610 516 630 516 630 543 610 543
783 496 811 496 811 523 783 523
128 699 157 699 157 726 128 726
895 703 939 703 939 730 895 730
234 1380 240 1380 240 1408 234 1408
914 652 927 652 927 680 914 680
630 1132 650 1132 650 1160 630 1160
613 761 636 761 636 789 613 789
410 1078 442 1078 442 1106 410 1106
781 413 815 413 815 441 781 441
403 852 438 852 438 880 403 880
339 433 375 433 375 461 339 461
405 930 443 930 443 958 405 958
333 948 373 948 373 976 333 976
559 665 576 665 576 693 559 693
540 1185 560 1185 560 1213 540 1213
545 579 568 579 568 607 545 607
629 1065 660 1065 660 1093 629 1093
191 1304 222 1304 222 1332 191 1332
130 1385 164 1385 164 1413 130 1413
139 916 153 916 153 945 139 945
776 1207 792 1207 792 1236 776 1236
788 945 805 945 805 974 788 974
343 301 360 301 360 330 343 330
683 568 707 568 707 597 683 597
713 510 740 510 740 539 713 539
712 594 739 594 739 623 712 623
891 869 920 869 920 898 891 898
570 1129 602 1129 602 1158 570 1158
268 851 304 851 304 880 268 880
127 992 163 992 163 1021 127 1021
936 872 945 872 945 901 936 901
543 428 562 428 562 457 543 457
411 375 434 375 434 404 411 404
575 490 598 490 598 519 575 519
334 333 365 333 365 362 334 362
350 496 364 496 364 525 350 525
718 926 735 926 735 955 718 955
772 694 790 694 790 723 772 723
557 851 575 851 575 880 557 880
223 1000 243 1000 243 1029 223 1029
538 1090 558 1090 558 1119 538 1119
141 373 168 373 168 402 141 402
222 1078 249 1078 249 1107 222 1107
270 653 299 653 299 682 270 682
409 1344 441 1344 441 1373 409 1373
688 747 723 747 723 776 688 776
758 238 800 238 800 267 758 267
900 368 943 368 943 397 900 397
547 882 591 882 591 911 547 911
761 1262 805 1262 805 1291 761 1291
648 588 658 588 658 618 648 618
689 966 703 966 703 996 689 996
133 634 158 634 158 664 133 664
131 569 157 569 157 599 131 599
762 724 793 724 793 754 762 754
125 754 160 754 160 784 125 784
133 946 156 946 156 976 133 976
622 962 648 962 648 992 622 992
540 319 570 319 570 349 540 349
342 527 373 527 373 557 342 557
337 682 368 682 368 712 337 712
538 1234 569 1234 569 1264 538 1264
198 849 238 849 238 879 198 879
504 300 517 300 517 331 504 331
787 915 808 915 808 946 787 946
141 341 166 341 166 372 141 372
190 1162 218 1162 218 1193 190 1193
833 408 863 408 863 439 833 439
553 973 584 973 584 1004 553 1004
766 1388 797 1388 797 1419 766 1419
194 301 235 301 235 332 194 332
833 488 879 488 879 519 833 519
545 1393 556 1393 556 1424 545 1424
835 699 867 699 867 730 835 730
265 728 303 728 303 759 265 759
548 754 587 754 587 785 548 785
197 1380 215 1380 215 1412 197 1412
575 1297 598 1297 598 1329 575 1329
906 495 937 495 937 527 906 527
762 1086 796 1086 796 1118 762 1118
617 644 631 644 631 676 617 676
207 408 223 408 223 440 207 440
689 800 728 800 728 832 689 832
337 979 377 979 377 1011 337 1011
760 929 787 929 787 961 760 961
569 1080 599 1080 599 1112 569 1112
637 204 671 204 671 236 637 236
336 742 371 742 371 774 336 774
613 611 623 611 623 644 613 644
412 816 428 816 428 849 412 849
541 1288 565 1288 565 1321 541 1321
904 1197 935 1197 935 1230 904 1230
764 305 799 305 799 338 764 338
405 1383 444 1383 444 1416 405 1416
268 787 313 787 313 820 268 820
904 1057 935 1057 935 1090 904 1090
338 389 370 389 370 422 338 422
534 1122 567 1122 567 1155 534 1155
904 444 938 444 938 477 904 477
902 331 936 331 936 364 902 364
266 214 304 214 304 247 266 247
906 587 947 587 947 620 906 620
900 1306 947 1306 947 1339 900 1339
508 350 514 350 514 384 508 384
542 1019 558 1019 558 1053 542 1053
748 412 777 412 777 446 748 446
548 693 584 693 584 727 548 727
196 376 233 376 233 410 196 410
557 820 572 820 572 854 557 854
575 331 592 331 592 365 575 365
466 360 492 360 492 394 466 394
270 817 302 817 302 851 270 851
689 527 701 527 701 561 689 561
411 1189 438 1189 438 1223 411 1223
139 305 168 305 168 339 139 339
621 305 658 305 658 339 621 339
693 360 732 360 732 394 693 394
621 1035 664 1035 664 1069 621 1069
902 1384 937 1384 937 1419 902 1419
268 589 304 589 304 624 268 624
335 1010 373 1010 373 1045 335 1045
124 600 167 600 167 635 124 635
403 563 447 563 447 598 403 598
546 1053 552 1053 552 1088 546 1088
841 573 861 573 861 608 841 608
192 1121 216 1121 216 1156 192 1156
270 1004 300 1004 300 1039 270 1039
761 618 795 618 795 653 761 653
340 1286 374 1286 374 1321 340 1321
124 665 170 665 170 700 124 700
627 422 644 422 644 458 627 458
405 621 440 621 440 657 405 657
694 320 730 320 730 356 694 356
645 1309 668 1309 668 1345 645 1345
130 532 168 532 168 568 130 568
343 860 364 860 364 896 343 896
204 882 231 882 231 918 204 918
197 656 230 656 230 692 197 692
265 245 301 245 301 281 265 281
904 549 946 549 946 585 904 585
139 881 153 881 153 918 139 918
714 553 738 553 738 590 714 590
200 621 230 621 230 658 200 658
761 1292 804 1292 804 1329 761 1329
350 1174 371 1174 371 1211 350 1211
627 1099 655 1099 655 1137 627 1137
194 208 232 208 232 246 194 246
194 535 240 535 240 573 194 573
356 463 364 463 364 501 356 501
476 430 491 430 491 468 476 468
715 886 736 886 736 924 715 924
333 775 369 775 369 813 333 813
839 637 861 637 861 675 839 675
345 1248 369 1248 369 1286 345 1286
773 339 794 339 794 378 773 378
202 334 224 334 224 373 202 373
614 1211 631 1211 631 1250 614 1250
763 1141 800 1141 800 1180 763 1180
638 242 670 242 670 282 638 282
263 684 308 684 308 724 263 724
126 1118 172 1118 172 1158 126 1158
618 336 670 336 670 376 618 376
768 1328 803 1328 803 1368 768 1368
607 202 636 202 636 242 607 242
266 341 302 341 302 382 266 382
914 618 927 618 927 659 914 659
641 1349 665 1349 665 1390 641 1390
193 735 234 735 234 776 193 776
193 1330 217 1330 217 1372 193 1372
264 489 309 489 309 531 264 531
406 461 452 461 452 503 406 503
406 305 444 305 444 347 406 347
900 1338 940 1338 940 1380 900 1380
760 1025 805 1025 805 1067 760 1067
754 572 802 572 802 614 754 614
276 299 290 299 290 342 276 342
760 774 797 774 797 817 760 817
619 900 658 900 658 943 619 943
192 444 239 444 239 487 192 487
268 905 305 905 305 949 268 949
336 1044 375 1044 375 1088 336 1088
259 412 307 412 307 456 259 456
200 488 228 488 228 532 200 532
328 559 376 559 376 603 328 603
193 690 235 690 235 734 193 734
759 656 803 656 803 700 759 700
128 1073 175 1073 175 1117 128 1117
647 613 661 613 661 658 647 658
613 1364 634 1364 634 1409 613 1409
335 606 369 606 369 651 335 651
697 625 704 625 704 670 697 670
200 576 231 576 231 621 200 621
615 802 663 802 663 848 615 848
564 899 572 899 572 945 564 945
410 1125 440 1125 440 1171 410 1171
690 674 731 674 731 720 690 720
402 957 450 957 450 1003 402 1003
763 505 771 505 771 552 763 552
134 832 161 832 161 879 134 879
901 1152 939 1152 939 1199 901 1199
831 338 871 338 871 385 831 385
407 678 453 678 453 726 407 726
895 395 943 395 943 443 895 443
548 616 586 616 586 664 548 664
406 1002 446 1002 446 1052 406 1052
760 978 806 978 806 1028 760 1028
335 815 372 815 372 866 335 866
902 976 942 976 942 1027 902 1027
265 533 301 533 301 585 265 585
616 848 660 848 660 901 616 901
406 508 443 508 443 561 406 561
124 1318 166 1318 166 1373 124 1373
124 1261 163 1261 163 1318 124 1318
630 441 648 441 648 500 630 500
900 921 937 921 937 981 900 981
