193 439 219 439 219 453 193 453
545 887 557 887 557 903 545 903
548 1218 561 1218 561 1234 548 1234
464 918 495 918 495 935 464 935
467 434 497 434 497 452 467 452
129 1083 147 1083 147 1101 129 1101
254 762 289 762 289 780 254 780
892 681 912 681 912 700 892 700
542 583 569 583 569 602 542 602
397 1221 428 1221 428 1240 397 1240
679 487 709 487 709 507 679 507
400 616 433 616 433 636 400 636
265 836 280 836 280 856 265 856
823 1215 843 1215 843 1235 823 1235
820 646 840 646 840 666 820 666
132 671 153 671 153 691 132 691
327 768 363 768 363 788 327 788
405 1350 423 1350 423 1370 405 1370
840 1382 858 1382 858 1402 840 1402
885 657 916 657 916 677 885 677
328 625 365 625 365 645 328 645
199 1177 208 1177 208 1198 199 1198
618 657 629 657 629 678 618 678
684 1054 696 1054 696 1075 684 1075
199 815 216 815 216 836 199 836
193 766 226 766 226 787 193 787
323 333 370 333 370 354 323 354
201 981 213 981 213 1003 201 1003
197 616 215 616 215 638 197 638
471 840 497 840 497 862 471 862
472 734 488 734 488 756 472 756
891 858 909 858 909 880 891 880
200 838 222 838 222 860 200 860
394 1070 427 1070 427 1092 394 1092
254 1095 299 1095 299 1117 254 1117
815 983 848 983 848 1006 815 1006
120 1123 163 1123 163 1146 120 1146
881 884 916 884 916 908 881 908
183 328 219 328 219 352 183 352
126 331 156 331 156 355 126 355
533 1038 568 1038 568 1062 533 1062
892 392 909 392 909 416 892 416
820 878 846 878 846 902 820 902
401 679 430 679 430 703 401 703
187 790 224 790 224 814 187 814
196 1150 214 1150 214 1175 196 1175
476 560 495 560 495 585 476 585
183 908 235 908 235 933 183 933
543 724 558 724 558 750 543 750
268 551 297 551 297 577 268 577
126 746 163 746 163 772 126 772
548 1278 561 1278 561 1304 548 1304
189 506 224 506 224 532 189 532
265 1372 285 1372 285 1399 265 1399
616 909 640 909 640 936 616 936
324 698 361 698 361 725 324 725
748 964 769 964 769 992 748 992
813 1350 848 1350 848 1378 813 1378
815 1289 850 1289 850 1317 815 1317
120 1343 157 1343 157 1371 120 1371
333 1140 357 1140 357 1168 333 1168
404 1372 433 1372 433 1400 404 1400
530 1370 573 1370 573 1398 530 1398
888 588 910 588 910 617 888 617
758 555 791 555 791 584 758 584
680 611 704 611 704 640 680 640
742 807 777 807 777 836 742 836
536 600 572 600 572 629 536 629
253 490 289 490 289 519 253 519
810 1012 854 1012 854 1041 810 1041
617 713 631 713 631 743 617 743
617 455 636 455 636 485 617 485
409 584 428 584 428 614 409 614
677 805 710 805 710 835 677 835
882 1052 916 1052 916 1082 882 1082
461 1246 498 1246 498 1276 461 1276
756 1127 771 1127 771 1158 756 1158
745 1088 777 1088 777 1119 745 1119
329 1214 366 1214 366 1245 329 1245
751 382 788 382 788 413 751 413
183 356 222 356 222 387 183 387
325 885 365 885 365 916 325 916
685 843 704 843 704 874 685 874
539 1305 568 1305 568 1336 539 1336
605 626 638 626 638 657 605 657
259 1233 299 1233 299 1264 259 1264
673 682 714 682 714 713 673 713
322 1103 365 1103 365 1134 322 1134
116 1310 161 1310 161 1341 116 1341
397 512 432 512 432 543 397 543
476 493 487 493 487 525 476 525
266 943 286 943 286 975 266 975
264 911 288 911 288 943 264 943
824 765 858 765 858 797 824 797
880 460 921 460 921 492 880 492
876 909 922 909 922 941 876 941
820 566 839 566 839 598 820 598
335 356 355 356 355 388 335 388
464 759 495 759 495 791 464 791
609 870 640 870 640 902 609 902
680 1166 715 1166 715 1198 680 1198
253 984 298 984 298 1016 253 1016
821 1147 842 1147 842 1180 821 1180
817 1051 850 1051 850 1084 817 1084
394 1139 427 1139 427 1172 394 1172
121 1369 157 1369 157 1402 121 1402
751 1166 770 1166 770 1199 751 1199
124 1012 144 1012 144 1045 124 1045
532 940 570 940 570 973 532 973
183 1202 228 1202 228 1235 183 1235
469 1035 485 1035 485 1068 469 1068
274 1163 298 1163 298 1196 274 1196
532 1339 568 1339 568 1372 532 1372
739 842 782 842 782 875 739 875
202 644 216 644 216 678 202 678
617 826 635 826 635 860 617 860
823 1316 843 1316 843 1350 823 1350
752 999 775 999 775 1033 752 1033
465 1330 496 1330 496 1364 465 1364
188 577 220 577 220 611 188 611
890 1181 907 1181 907 1215 890 1215
333 923 357 923 357 957 333 957
126 627 152 627 152 661 126 661
336 1370 362 1370 362 1404 336 1404
809 528 853 528 853 562 809 562
389 1032 433 1032 433 1066 389 1066
823 950 838 950 838 985 823 985
604 554 631 554 631 589 604 589
744 683 779 683 779 718 744 718
881 419 921 419 921 454 881 454
682 878 703 878 703 913 682 913
671 407 715 407 715 442 671 442
671 567 718 567 718 602 671 602
672 915 720 915 720 950 672 950
261 392 284 392 284 427 261 427
883 617 914 617 914 652 883 652
459 1067 490 1067 490 1102 459 1102
812 840 846 840 846 876 812 876
676 447 711 447 711 483 676 483
743 417 786 417 786 453 743 453
126 1228 160 1228 160 1264 126 1264
533 496 568 496 568 532 533 532
742 341 777 341 777 377 742 377
256 521 293 521 293 557 256 557
398 849 441 849 441 885 398 885
115 1271 158 1271 158 1307 115 1307
680 644 713 644 713 681 680 681
883 1005 920 1005 920 1042 883 1042
328 729 368 729 368 766 328 766
254 1195 295 1195 295 1232 254 1232
755 771 773 771 773 808 755 808
682 763 701 763 701 800 682 800
749 299 771 299 771 336 749 336
467 1364 496 1364 496 1401 467 1401
121 361 154 361 154 398 121 398
813 719 847 719 847 756 813 756
256 1051 291 1051 291 1088 256 1088
116 1045 152 1045 152 1082 116 1082
258 1121 297 1121 297 1158 258 1158
393 943 436 943 436 980 393 980
116 1088 161 1088 161 1125 116 1125
614 1007 628 1007 628 1044 614 1044
262 1017 282 1017 282 1054 262 1054
398 638 432 638 432 675 398 675
821 388 838 388 838 426 821 426
330 584 361 584 361 622 330 622
814 1180 845 1180 845 1218 814 1218
608 589 643 589 643 627 608 627
748 1047 768 1047 768 1085 748 1085
120 238 161 238 161 276 120 276
736 1199 789 1199 789 1237 736 1237
124 1190 146 1190 146 1229 124 1229
814 597 844 597 844 636 814 636
676 368 713 368 713 407 676 407
393 1311 436 1311 436 1350 393 1350
193 682 221 682 221 721 193 721
680 1122 715 1122 715 1161 680 1161
744 455 779 455 779 494 744 494
326 1245 364 1245 364 1284 326 1284
326 1175 365 1175 365 1214 326 1214
129 291 146 291 146 330 129 330
193 934 217 934 217 973 193 973
130 1148 145 1148 145 1188 130 1188
890 1259 907 1259 907 1299 890 1299
540 903 568 903 568 943 540 943
341 1007 372 1007 372 1047 341 1047
464 1204 495 1204 495 1244 464 1244
122 433 156 433 156 473 122 473
257 580 296 580 296 620 257 620
462 450 502 450 502 490 462 490
130 813 149 813 149 853 130 853
402 983 432 983 432 1023 402 1023
882 1217 915 1217 915 1257 882 1257
120 588 160 588 160 628 120 628
397 427 442 427 442 467 397 467
120 778 154 778 154 819 120 819
262 613 283 613 283 654 262 654
607 677 646 677 646 718 607 718
126 390 144 390 144 431 126 431
187 723 229 723 229 764 187 764
464 524 517 524 517 565 464 565
811 343 856 343 856 385 811 385
809 300 856 300 856 342 809 342
325 838 364 838 364 880 325 880
185 1005 228 1005 228 1047 185 1047
321 391 366 391 366 433 321 433
120 485 165 485 165 527 120 527
816 797 839 797 839 840 816 840
812 430 854 430 854 473 812 473
330 960 364 960 364 1003 330 1003
394 807 438 807 438 850 394 850
393 543 442 543 442 586 393 586
131 702 146 702 146 745 131 745
538 750 560 750 560 793 538 793
815 676 840 676 840 719 815 719
884 1088 922 1088 922 1131 884 1131
466 1156 504 1156 504 1199 466 1199
537 1112 576 1112 576 1155 537 1155
462 986 511 986 511 1029 462 1029
261 858 293 858 293 902 261 902
743 587 784 587 784 631 743 631
409 1093 417 1093 417 1137 409 1137
397 1173 422 1173 422 1217 397 1217
324 650 369 650 369 694 324 694
185 1051 232 1051 232 1095 185 1095
252 708 293 708 293 753 252 753
741 874 782 874 782 919 741 919
395 386 449 386 449 431 395 431
192 535 221 535 221 580 192 580
330 1326 362 1326 362 1371 330 1371
884 543 919 543 919 588 884 588
674 1077 715 1077 715 1122 674 1122
743 1239 785 1239 785 1284 743 1284
880 1135 931 1135 931 1180 880 1180
181 1240 232 1240 232 1285 181 1285
333 431 367 431 367 477 333 477
605 736 644 736 644 782 605 782
328 479 369 479 369 525 328 525
527 847 575 847 575 893 527 893
461 384 512 384 512 430 461 430
540 1060 563 1060 563 1106 540 1106
470 339 503 339 503 385 470 385
326 1279 367 1279 367 1325 326 1325
532 455 583 455 583 501 532 501
680 1004 709 1004 709 1051 680 1051
878 811 926 811 926 858 878 858
531 1169 584 1169 584 1216 531 1216
323 1054 370 1054 370 1101 323 1101
254 659 307 659 307 706 254 706
746 722 779 722 779 769 746 769
752 496 767 496 767 544 752 544
185 864 218 864 218 912 185 912
740 917 783 917 783 965 740 965
195 1092 219 1092 219 1140 195 1140
193 455 222 455 222 503 193 503
811 1240 852 1240 852 1288 811 1288
603 406 648 406 648 454 603 454
388 339 439 339 439 387 388 387
457 936 511 936 511 985 457 985
687 709 704 709 704 758 687 758
886 948 913 948 913 997 886 997
473 588 513 588 513 637 473 637
629 772 640 772 640 821 629 821
676 950 713 950 713 999 676 999
881 760 922 760 922 809 881 809
393 757 441 757 441 806 393 806
470 1281 489 1281 489 1331 470 1331
747 630 767 630 767 680 747 680
126 852 157 852 157 902 126 902
743 1287 775 1287 775 1337 743 1337
884 710 917 710 917 760 884 760
812 906 847 906 847 956 812 956
533 533 571 533 571 583 533 583
812 475 851 475 851 525 812 525
186 387 227 387 227 437 186 437
529 677 578 677 578 727 529 727
198 1286 220 1286 220 1337 198 1337
464 865 497 865 497 916 464 916
257 1315 309 1315 309 1366 257 1366
454 1104 499 1104 499 1156 454 1156
119 963 165 963 165 1015 119 1015
254 1262 303 1262 303 1314 254 1314
609 939 632 939 632 991 609 991
677 512 712 512 712 564 677 564
884 488 922 488 922 540 884 540
120 534 159 534 159 586 120 586
399 458 438 458 438 510 399 510
255 779 304 779 304 832 255 832
535 1236 574 1236 574 1289 535 1289
328 785 361 785 361 839 328 839
533 795 567 795 567 849 533 849
119 905 154 905 154 959 119 959
458 640 509 640 509 694 458 694
814 226 856 226 856 281 814 281
400 705 430 705 430 760 400 760
255 333 302 333 302 388 255 388
877 334 920 334 920 389 877 389
532 980 584 980 584 1035 532 1035
251 432 295 432 295 488 251 488
602 492 645 492 645 551 602 551
391 1246 436 1246 436 1305 391 1305
672 299 718 299 718 359 672 359
759 1335 766 1335 766 1396 759 1396
813 1090 858 1090 858 1153 813 1153
