460 412 493 412 493 418 460 418
599 490 635 490 635 496 599 496
529 475 564 475 564 483 529 483
666 850 699 850 699 860 666 860
269 711 290 711 290 721 269 721
176 1148 204 1148 204 1160 176 1160
244 646 256 646 256 660 244 660
328 411 344 411 344 425 328 425
396 789 414 789 414 804 396 804
43 804 60 804 60 819 43 819
392 1139 409 1139 409 1155 392 1155
164 1130 213 1130 213 1146 164 1146
257 346 272 346 272 363 257 363
179 858 197 858 197 875 179 875
742 1318 758 1318 758 1335 742 1335
324 906 342 906 342 923 324 923
610 465 632 465 632 482 610 482
175 1407 192 1407 192 1425 175 1425
114 852 132 852 132 870 114 870
672 1197 690 1197 690 1215 672 1215
382 1252 415 1252 415 1270 382 1270
268 404 287 404 287 423 268 423
463 710 485 710 485 729 463 729
180 504 213 504 213 523 180 523
172 984 207 984 207 1003 172 1003
614 741 626 741 626 760 614 760
327 949 338 949 338 969 327 969
744 1059 763 1059 763 1079 744 1079
813 1236 827 1236 827 1256 813 1256
109 352 140 352 140 372 109 372
120 1396 144 1396 144 1417 120 1417
674 1216 692 1216 692 1238 674 1238
468 383 486 383 486 405 468 405
396 456 418 456 418 478 396 478
247 429 278 429 278 451 247 451
741 389 775 389 775 411 741 411
395 1277 411 1277 411 1299 395 1299
268 618 288 618 288 640 268 640
742 810 766 810 766 832 742 832
35 1000 64 1000 64 1022 35 1022
242 664 254 664 254 687 242 687
248 515 275 515 275 538 248 538
594 1035 628 1035 628 1058 594 1058
524 848 561 848 561 871 524 871
602 943 636 943 636 966 602 966
521 1133 560 1133 560 1157 521 1157
47 495 65 495 65 519 47 519
746 703 773 703 773 727 746 727
804 419 843 419 843 443 804 443
92 1357 107 1357 107 1382 92 1382
324 842 340 842 340 867 324 867
317 1398 350 1398 350 1423 317 1423
172 584 212 584 212 609 172 609
737 1360 768 1360 768 1385 737 1385
314 929 348 929 348 954 314 954
390 478 417 478 417 503 390 503
312 1372 344 1372 344 1397 312 1397
667 775 702 775 702 800 667 800
318 1144 341 1144 341 1170 318 1170
171 882 207 882 207 908 171 908
110 998 131 998 131 1024 110 1024
736 733 774 733 774 759 736 759
394 1080 409 1080 409 1107 394 1107
99 1286 144 1286 144 1313 99 1313
330 570 344 570 344 597 330 597
101 720 136 720 136 747 101 747
803 1166 838 1166 838 1193 803 1193
387 504 424 504 424 531 387 531
267 760 286 760 286 787 267 787
37 971 61 971 61 998 37 998
105 876 135 876 135 903 105 903
32 388 66 388 66 415 32 415
43 739 59 739 59 767 43 767
183 555 210 555 210 583 183 583
453 892 489 892 489 920 453 920
529 702 568 702 568 730 529 730
804 350 845 350 845 378 804 378
733 1156 774 1156 774 1184 733 1184
667 445 710 445 710 473 667 473
186 1002 203 1002 203 1030 186 1030
468 861 486 861 486 889 468 889
237 614 261 614 261 642 237 642
669 670 700 670 700 698 669 698
106 373 147 373 147 401 106 401
190 527 205 527 205 556 190 556
269 729 285 729 285 758 269 758
324 429 343 429 343 458 324 458
602 840 624 840 624 869 602 869
232 687 257 687 257 716 232 716
598 1000 633 1000 633 1029 598 1029
522 342 561 342 561 371 522 371
326 348 341 348 341 377 326 377
185 794 201 794 201 823 185 823
745 986 768 986 768 1015 745 1015
265 641 292 641 292 670 265 670
522 1224 555 1224 555 1253 522 1253
310 1004 344 1004 344 1033 310 1033
734 1334 773 1334 773 1363 734 1363
100 1142 140 1142 140 1171 100 1171
401 1225 410 1225 410 1254 401 1254
530 440 569 440 569 469 530 469
395 722 413 722 413 752 395 752
87 1319 111 1319 111 1349 87 1349
391 885 416 885 416 915 391 915
665 1162 696 1162 696 1192 665 1192
31 1022 69 1022 69 1052 31 1052
95 1381 106 1381 106 1411 95 1411
818 874 832 874 832 904 818 904
319 1216 338 1216 338 1246 319 1246
808 908 839 908 839 938 808 938
239 538 281 538 281 568 239 568
120 1212 126 1212 126 1243 120 1243
468 622 483 622 483 653 468 653
122 1322 145 1322 145 1353 122 1353
810 650 837 650 837 681 810 681
168 1294 200 1294 200 1325 168 1325
523 1154 556 1154 556 1185 523 1185
805 384 844 384 844 415 805 415
384 1199 427 1199 427 1230 384 1230
117 788 133 788 133 819 117 819
320 971 336 971 336 1002 320 1002
394 950 413 950 413 981 394 981
741 416 774 416 774 447 741 447
32 827 65 827 65 858 32 858
744 832 765 832 765 863 744 863
186 389 210 389 210 420 186 420
534 605 560 605 560 636 534 636
542 568 555 568 555 600 542 600
322 1074 338 1074 338 1106 322 1106
235 716 253 716 253 748 235 748
806 768 840 768 840 800 806 800
35 658 80 658 80 690 35 690
389 1298 416 1298 416 1330 389 1330
663 911 694 911 694 943 663 943
800 1260 831 1260 831 1292 800 1292
385 1107 418 1107 418 1139 385 1139
172 1069 207 1069 207 1101 172 1101
184 1098 199 1098 199 1131 184 1131
266 675 286 675 286 708 266 708
603 807 629 807 629 840 603 840
603 376 630 376 630 409 603 409
37 521 68 521 68 554 37 554
315 373 347 373 347 406 315 406
314 1107 346 1107 346 1140 314 1140
806 533 839 533 839 566 806 566
666 1129 699 1129 699 1162 666 1162
309 1246 343 1246 343 1279 309 1279
612 967 624 967 624 1000 612 1000
739 952 765 952 765 985 739 985
105 1025 136 1025 136 1058 105 1058
174 1031 205 1031 205 1064 174 1064
180 356 214 356 214 389 180 389
524 999 558 999 558 1032 524 1032
311 809 348 809 348 842 311 842
453 427 491 427 491 460 453 460
468 588 483 588 483 621 468 621
268 577 290 577 290 610 268 610
528 374 567 374 567 407 528 407
471 507 489 507 489 541 471 541
176 822 205 822 205 856 176 856
116 1358 149 1358 149 1392 116 1392
804 683 838 683 838 717 804 717
248 451 284 451 284 485 248 485
40 861 61 861 61 895 40 895
319 597 352 597 352 631 319 631
525 1038 560 1038 560 1072 525 1072
743 448 772 448 772 483 743 483
533 801 563 801 563 836 533 836
521 1345 553 1345 553 1380 521 1380
37 767 70 767 70 802 37 802
528 765 568 765 568 800 528 800
259 480 279 480 279 515 259 515
604 905 625 905 625 940 604 940
804 1389 848 1389 848 1424 804 1424
318 503 363 503 363 538 318 538
31 418 78 418 78 453 31 453
265 785 294 785 294 820 265 820
745 1120 760 1120 760 1156 745 1156
392 1159 410 1159 410 1195 392 1195
532 404 555 404 555 440 532 440
742 624 775 624 775 660 742 660
384 981 419 981 419 1017 384 1017
43 930 60 930 60 966 43 966
317 541 350 541 350 577 317 577
107 815 141 815 141 851 107 851
809 451 845 451 845 487 809 487
33 614 78 614 78 650 33 650
103 410 152 410 152 446 103 446
462 969 489 969 489 1006 462 1006
168 1364 200 1364 200 1401 168 1401
526 488 563 488 563 525 526 525
591 867 630 867 630 904 591 904
804 800 848 800 848 837 804 837
467 1006 483 1006 483 1043 467 1043
241 577 262 577 262 614 241 614
316 865 348 865 348 902 316 902
106 1172 140 1172 140 1209 106 1209
807 563 843 563 843 600 807 600
595 504 631 504 631 541 595 541
518 1185 562 1185 562 1222 518 1222
401 917 411 917 411 954 401 954
594 1205 630 1205 630 1242 594 1242
317 771 356 771 356 808 317 808
106 591 146 591 146 628 106 628
191 419 216 419 216 457 191 457
732 1276 769 1276 769 1314 732 1314
735 1080 773 1080 773 1118 735 1118
728 1021 774 1021 774 1059 728 1059
111 1058 132 1058 132 1096 111 1096
535 732 557 732 557 770 535 770
170 911 204 911 204 949 170 949
668 403 706 403 706 441 668 441
174 709 216 709 216 747 174 747
458 341 500 341 500 379 458 379
44 352 58 352 58 391 44 391
393 806 416 806 416 845 393 845
106 749 139 749 139 788 106 788
663 1043 702 1043 702 1082 663 1082
457 467 500 467 500 506 457 506
800 1127 848 1127 848 1166 800 1166
165 1325 201 1325 201 1364 165 1364
743 540 780 540 780 579 743 579
804 839 843 839 843 878 804 878
800 1087 840 1087 840 1126 800 1126
737 582 782 582 782 621 737 621
109 629 139 629 139 669 109 669
102 904 137 904 137 944 102 944
600 705 637 705 637 745 600 745
248 369 288 369 288 409 248 409
665 701 706 701 706 741 665 741
47 453 63 453 63 493 47 493
673 737 696 737 696 777 673 777
388 1047 413 1047 413 1087 388 1087
308 1283 348 1283 348 1323 308 1323
315 727 358 727 358 767 315 767
741 1184 763 1184 763 1225 741 1225
598 1065 629 1065 629 1106 598 1106
385 409 422 409 422 450 385 450
168 1166 205 1166 205 1207 168 1207
387 748 425 748 425 789 387 789
802 1349 842 1349 842 1390 802 1390
458 820 493 820 493 861 458 861
99 1244 140 1244 140 1285 99 1285
391 841 432 841 432 882 391 882
739 347 781 347 781 388 739 388
386 311 429 311 429 352 386 352
451 729 496 729 496 770 451 770
736 909 769 909 769 950 736 950
382 1333 418 1333 418 1374 382 1374
383 1015 420 1015 420 1056 383 1056
176 309 217 309 217 350 176 350
597 1105 618 1105 618 1147 597 1147
742 867 769 867 769 909 742 909
525 1380 553 1380 553 1422 525 1422
809 603 842 603 842 645 809 645
189 937 196 937 196 979 189 979
333 458 352 458 352 500 333 500
800 1198 840 1198 840 1241 800 1241
516 1302 559 1302 559 1345 516 1345
310 1029 344 1029 344 1072 310 1072
461 544 495 544 495 587 461 587
457 771 493 771 493 814 457 814
168 1248 207 1248 207 1291 168 1291
394 590 434 590 434 633 394 633
664 998 698 998 698 1041 664 1041
526 523 570 523 570 566 526 566
385 1377 416 1377 416 1421 385 1421
601 596 635 596 635 640 601 640
733 1232 768 1232 768 1276 733 1276
387 680 425 680 425 724 387 724
176 662 215 662 215 706 176 706
513 1258 560 1258 560 1302 513 1302
672 1082 697 1082 697 1126 672 1126
673 803 699 803 699 847 673 847
597 761 632 761 632 805 597 805
525 961 564 961 564 1005 525 1005
314 681 356 681 356 725 314 725
35 305 77 305 77 349 35 349
103 948 135 948 135 993 103 993
109 447 148 447 148 492 109 492
310 1170 350 1170 350 1215 310 1215
733 760 776 760 776 805 733 805
667 865 696 865 696 910 667 910
103 1095 141 1095 141 1140 103 1140
667 623 708 623 708 668 667 668
124 666 144 666 144 712 124 712
453 923 493 923 493 969 453 969
750 660 769 660 769 706 750 706
805 939 840 939 840 985 805 985
168 748 213 748 213 794 168 794
391 635 423 635 423 682 391 682
527 917 561 917 561 964 527 964
813 986 836 986 836 1033 813 1033
322 633 350 633 350 680 322 680
669 527 711 527 711 574 669 574
587 1299 638 1299 638 1346 587 1346
523 873 566 873 566 920 523 920
33 891 78 891 78 938 33 938
463 653 490 653 490 701 463 701
668 479 704 479 704 527 668 527
525 637 562 637 562 685 525 685
107 493 148 493 148 541 107 541
192 459 198 459 198 507 192 507
802 721 848 721 848 769 802 769
33 690 72 690 72 739 33 739
804 1037 841 1037 841 1086 804 1086
596 1148 618 1148 618 1199 596 1199
308 1319 340 1319 340 1370 308 1370
659 945 708 945 708 997 659 997
794 1296 837 1296 837 1349 794 1349
598 648 636 648 636 701 598 701
589 1243 635 1243 635 1296 589 1296
601 542 635 542 635 596 601 596
525 1073 568 1073 568 1128 525 1128
667 346 710 346 710 402 667 402
387 533 424 533 424 592 387 592
41 554 66 554 66 613 41 613
178 604 214 604 214 666 178 666
102 535 145 535 145 601 102 601
