317 1374 332 1374 332 1383 317 1383
177 1326 193 1326 193 1335 177 1335
821 1124 844 1124 844 1134 821 1134
754 1058 771 1058 771 1070 754 1070
652 805 664 805 664 817 652 817
828 1134 834 1134 834 1147 828 1147
295 1138 314 1138 314 1151 295 1151
705 468 716 468 716 481 705 481
782 1091 804 1091 804 1105 782 1105
439 916 455 916 455 930 439 930
218 1157 255 1157 255 1171 218 1171
758 1012 765 1012 765 1027 758 1027
426 1124 454 1124 454 1139 426 1139
904 437 914 437 914 453 904 453
635 1328 655 1328 655 1345 635 1345
291 959 315 959 315 976 291 976
290 316 318 316 318 333 290 333
899 372 932 372 932 389 899 389
149 1146 195 1146 195 1163 149 1163
703 318 724 318 724 336 703 336
217 819 260 819 260 837 217 837
429 649 448 649 448 667 429 667
569 1162 588 1162 588 1180 569 1180
423 345 452 345 452 363 423 363
642 1098 655 1098 655 1117 642 1117
840 372 859 372 859 391 840 391
905 1072 925 1072 925 1091 905 1091
155 895 185 895 185 914 155 914
841 534 851 534 851 553 841 553
162 1199 176 1199 176 1218 162 1218
362 807 380 807 380 826 362 826
704 793 723 793 723 812 704 812
907 652 927 652 927 671 907 671
296 479 317 479 317 498 296 498
237 592 269 592 269 611 237 611
431 1069 450 1069 450 1088 431 1088
636 952 656 952 656 971 636 971
837 861 857 861 857 880 837 880
292 916 320 916 320 935 292 935
497 522 517 522 517 542 497 542
363 1224 384 1224 384 1244 363 1244
783 1152 807 1152 807 1172 783 1172
832 1043 861 1043 861 1063 832 1063
635 586 655 586 655 606 635 606
768 797 789 797 789 817 768 817
768 372 789 372 789 392 768 392
289 1052 319 1052 319 1072 289 1072
694 816 728 816 728 836 694 836
758 987 772 987 772 1008 758 1008
569 762 591 762 591 783 569 783
828 1150 839 1150 839 1171 828 1171
428 761 449 761 449 782 428 782
627 1167 658 1167 658 1188 627 1188
635 900 653 900 653 921 635 921
698 976 724 976 724 997 698 997
780 1105 807 1105 807 1126 780 1126
697 411 728 411 728 432 697 432
287 596 319 596 319 617 287 617
762 399 796 399 796 421 762 421
896 390 930 390 930 412 896 412
558 1042 595 1042 595 1064 558 1064
290 1181 328 1181 328 1203 290 1203
895 350 935 350 935 372 895 372
555 1220 599 1220 599 1242 555 1242
768 852 782 852 782 874 768 874
786 1130 801 1130 801 1152 786 1152
490 694 524 694 524 716 490 716
559 345 595 345 595 367 559 367
503 314 514 314 514 337 503 337
701 735 718 735 718 758 701 758
901 413 921 413 921 436 901 436
782 1066 803 1066 803 1089 782 1089
293 1314 317 1314 317 1337 293 1337
779 986 804 986 804 1009 779 1009
699 570 725 570 725 593 699 593
360 386 387 386 387 409 360 409
286 1070 322 1070 322 1093 286 1093
561 871 598 871 598 894 561 894
839 319 856 319 856 342 839 342
237 442 258 442 258 465 237 465
237 755 265 755 265 778 237 778
898 856 930 856 930 879 898 879
217 882 257 882 257 905 217 905
896 762 931 762 931 786 896 786
628 643 666 643 666 667 628 667
556 1332 594 1332 594 1356 556 1356
222 1256 267 1256 267 1280 222 1280
787 1043 802 1043 802 1067 787 1067
228 1310 246 1310 246 1334 228 1334
898 1254 925 1254 925 1278 898 1278
846 1192 881 1192 881 1216 846 1216
827 1062 862 1062 862 1086 827 1086
695 365 733 365 733 389 695 389
624 1002 663 1002 663 1026 624 1026
626 1214 665 1214 665 1238 626 1238
164 570 174 570 174 594 164 594
635 1280 648 1280 648 1304 635 1304
497 751 514 751 514 775 497 775
636 1145 654 1145 654 1169 636 1169
834 463 861 463 861 487 834 487
284 936 323 936 323 960 284 960
224 962 251 962 251 987 224 987
560 782 593 782 593 807 560 807
825 1096 838 1096 838 1121 825 1121
432 1016 447 1016 447 1041 432 1041
296 423 312 423 312 448 296 448
161 980 179 980 179 1005 161 1005
846 1097 869 1097 869 1122 846 1122
832 990 861 990 861 1015 832 1015
421 704 459 704 459 729 421 729
834 509 855 509 855 535 834 535
372 526 397 526 397 552 372 552
357 959 385 959 385 985 357 985
903 599 919 599 919 625 903 625
567 1107 584 1107 584 1133 567 1133
701 338 724 338 724 364 701 364
831 928 855 928 855 954 831 954
157 1088 189 1088 189 1114 157 1114
226 937 259 937 259 963 226 963
624 1187 662 1187 662 1213 624 1213
906 1016 919 1016 919 1042 906 1042
906 1228 920 1228 920 1254 906 1254
431 674 449 674 449 700 431 700
568 703 587 703 587 729 568 729
294 571 315 571 315 597 294 597
822 1168 847 1168 847 1194 822 1194
629 1303 662 1303 662 1329 629 1329
896 707 931 707 931 733 896 733
695 1000 730 1000 730 1026 695 1026
351 1123 391 1123 391 1149 351 1149
300 891 312 891 312 918 300 918
572 401 585 401 585 428 572 428
838 583 854 583 854 610 838 610
906 878 922 878 922 905 906 905
495 338 521 338 521 365 495 365
631 736 660 736 660 763 631 763
232 415 261 415 261 442 232 442
765 317 795 317 795 344 765 344
896 322 928 322 928 349 896 349
750 1115 783 1115 783 1142 750 1142
150 1005 186 1005 186 1032 150 1032
707 951 722 951 722 978 707 978
430 589 446 589 446 616 430 616
849 1126 870 1126 870 1153 849 1153
899 1200 931 1200 931 1227 899 1227
288 331 321 331 321 358 288 358
235 724 268 724 268 751 235 751
893 1278 930 1278 930 1305 893 1305
830 484 869 484 869 511 830 511
420 1138 462 1138 462 1165 420 1165
164 349 176 349 176 377 164 377
839 1016 853 1016 853 1044 839 1044
366 935 382 935 382 963 366 963
834 392 860 392 860 420 834 420
497 461 525 461 525 489 497 489
356 1256 393 1256 393 1284 356 1284
351 983 390 983 390 1011 351 1011
150 915 189 915 189 943 150 943
286 1339 326 1339 326 1367 286 1367
221 1357 261 1357 261 1385 221 1385
296 1027 310 1027 310 1055 296 1055
434 1197 448 1197 448 1225 434 1225
639 707 654 707 654 735 639 735
374 496 391 496 391 524 374 524
780 1014 807 1014 807 1042 780 1042
899 907 930 907 930 935 899 935
354 1094 388 1094 388 1122 354 1122
155 627 189 627 189 655 155 655
285 1286 320 1286 320 1314 285 1314
288 804 324 804 324 832 288 832
566 428 593 428 593 456 566 456
829 340 861 340 861 368 829 368
560 637 593 637 593 665 560 665
896 1039 929 1039 929 1067 896 1067
424 731 453 731 453 760 424 760
764 943 795 943 795 972 764 972
765 343 796 343 796 372 765 372
357 357 389 357 389 386 357 386
289 772 322 772 322 801 289 801
764 624 800 624 800 653 764 653
894 734 932 734 932 763 894 763
282 618 321 618 321 647 282 647
163 791 177 791 177 820 163 820
223 1130 252 1130 252 1159 223 1159
158 448 189 448 189 477 158 477
765 1351 796 1351 796 1380 765 1380
287 1153 321 1153 321 1182 287 1182
894 990 929 990 929 1019 894 1019
627 1117 663 1117 663 1146 627 1146
224 906 260 906 260 935 224 935
556 809 595 809 595 838 556 838
294 501 313 501 313 530 294 530
697 665 721 665 721 694 697 694
701 383 728 383 728 412 701 412
697 759 729 759 729 788 697 788
289 446 321 446 321 475 289 475
493 491 527 491 527 520 493 520
693 924 729 924 729 953 693 953
154 508 192 508 192 537 154 537
296 832 310 832 310 862 296 862
765 821 788 821 788 851 765 851
162 480 188 480 188 510 162 510
490 777 523 777 523 807 490 807
559 1130 593 1130 593 1160 559 1160
356 1195 392 1195 392 1225 356 1225
692 593 730 593 730 623 692 623
705 542 722 542 722 572 705 572
429 392 451 392 451 422 429 422
425 314 449 314 449 344 425 344
426 848 452 848 452 878 426 878
896 269 927 269 927 299 896 299
896 572 929 572 929 602 896 602
153 1060 187 1060 187 1090 153 1090
288 395 323 395 323 425 288 425
158 696 193 696 193 726 158 726
625 554 661 554 661 584 625 584
366 1351 382 1351 382 1382 366 1382
564 963 592 963 592 994 564 994
431 818 447 818 447 849 431 849
771 912 787 912 787 943 771 943
362 1286 378 1286 378 1317 362 1317
566 1279 588 1279 588 1310 566 1310
163 537 187 537 187 568 163 568
374 551 400 551 400 582 374 582
753 1027 780 1027 780 1058 753 1058
629 919 662 919 662 950 629 950
897 1305 931 1305 931 1336 897 1336
562 727 597 727 597 758 562 758
895 621 931 621 931 652 895 652
427 1092 455 1092 455 1123 427 1123
225 1222 253 1222 253 1253 225 1253
227 1279 258 1279 258 1310 227 1310
494 402 526 402 526 433 494 433
766 763 799 763 799 794 766 794
158 418 193 418 193 449 158 449
905 674 921 674 921 706 905 706
850 1155 868 1155 868 1187 850 1187
230 1331 249 1331 249 1363 230 1363
699 893 721 893 721 925 699 925
775 425 799 425 799 457 775 457
766 545 798 545 798 577 766 577
283 739 327 739 327 771 283 771
423 1036 460 1036 460 1068 423 1068
153 762 193 762 193 794 153 794
569 930 584 930 584 963 569 963
362 739 382 739 382 772 362 772
833 957 854 957 854 990 833 990
833 727 856 727 856 760 833 760
835 609 861 609 861 642 835 642
769 456 796 456 796 489 769 489
426 1225 457 1225 457 1258 426 1258
830 825 863 825 863 858 830 858
423 615 459 615 459 648 423 648
893 1097 931 1097 931 1130 893 1130
774 513 789 513 789 546 774 546
497 429 518 429 518 462 497 462
356 866 388 866 388 899 356 899
765 734 798 734 798 767 765 767
225 838 258 838 258 871 225 871
422 264 457 264 457 297 422 297
355 677 390 677 390 710 355 710
359 269 386 269 386 302 359 302
765 1324 796 1324 796 1357 765 1357
630 1066 663 1066 663 1099 630 1099
569 1355 582 1355 582 1389 569 1389
631 1349 658 1349 658 1383 631 1383
827 796 862 796 862 830 827 830
901 824 922 824 922 858 901 858
768 1174 790 1174 790 1208 768 1208
749 1079 773 1079 773 1113 749 1113
774 489 791 489 791 524 774 524
159 728 188 728 188 763 159 763
561 506 594 506 594 541 561 541
898 453 938 453 938 488 898 488
690 697 733 697 733 732 690 732
287 1214 324 1214 324 1249 287 1249
498 631 516 631 516 666 498 666
903 1165 923 1165 923 1200 903 1200
831 763 855 763 855 798 831 798
625 524 658 524 658 559 625 559
562 316 599 316 599 351 562 351
761 1243 800 1243 800 1278 761 1278
356 774 389 774 389 810 356 810
626 320 661 320 661 356 626 356
490 662 523 662 523 698 490 698
827 1222 865 1222 865 1258 827 1258
285 360 323 360 323 396 285 396
360 830 381 830 381 866 360 866
157 1162 181 1162 181 1198 157 1198
564 1182 595 1182 595 1218 564 1218
896 533 927 533 927 569 896 569
560 841 593 841 593 877 560 877
898 1130 931 1130 931 1166 898 1166
356 1315 391 1315 391 1351 356 1351
288 702 323 702 323 738 288 738
155 594 192 594 192 630 155 630
219 511 258 511 258 547 219 547
701 432 721 432 721 469 701 469
629 973 662 973 662 1010 629 1010
626 610 662 610 662 647 626 647
421 359 465 359 465 396 421 396
221 548 257 548 257 585 221 585
696 480 734 480 734 517 696 517
492 366 532 366 532 403 492 403
420 884 467 884 467 921 420 921
356 898 388 898 388 936 356 936
357 1053 391 1053 391 1091 357 1091
758 1204 805 1204 805 1242 758 1242
567 896 583 896 583 934 567 934
232 989 248 989 248 1027 232 1027
360 410 382 410 382 448 360 448
429 1161 452 1161 452 1199 429 1199
830 887 862 887 862 925 830 925
154 1114 188 1114 188 1152 154 1152
831 547 873 547 873 585 831 585
829 1343 864 1343 864 1381 829 1381
431 782 447 782 447 821 431 821
423 225 458 225 458 264 423 264
624 448 659 448 659 487 624 487
421 556 456 556 456 595 421 595
559 1302 596 1302 596 1341 559 1341
623 861 668 861 668 900 623 900
149 942 191 942 191 981 149 981
289 857 335 857 335 896 289 896
830 1258 861 1258 861 1298 830 1298
222 468 256 468 256 508 222 508
161 1022 182 1022 182 1062 161 1062
768 650 796 650 796 690 768 690
627 1242 662 1242 662 1282 627 1282
557 545 594 545 594 585 557 585
558 665 599 665 599 705 558 705
903 786 917 786 917 826 903 826
360 316 381 316 381 356 360 356
162 855 183 855 183 895 162 895
356 705 380 705 380 745 356 745
420 979 452 979 452 1019 420 1019
289 532 330 532 330 572 289 572
570 367 584 367 584 408 570 408
158 818 193 818 193 859 158 859
625 484 661 484 661 525 625 525
498 716 514 716 514 757 498 757
351 1152 388 1152 388 1193 351 1193
283 1097 331 1097 331 1138 283 1138
498 543 516 543 516 584 498 584
557 1067 593 1067 593 1108 557 1108
418 515 460 515 460 556 418 556
635 667 649 667 649 709 635 709
152 1340 185 1340 185 1382 152 1382
894 488 937 488 937 530 894 530
624 402 667 402 667 444 624 444
559 1237 595 1237 595 1279 559 1279
692 623 730 623 730 665 692 665
559 459 600 459 600 501 559 501
152 1229 185 1229 185 1272 152 1272
152 375 190 375 190 418 152 418
422 468 464 468 464 511 422 511
557 997 600 997 600 1040 557 1040
431 423 445 423 445 466 431 466
830 647 861 647 861 690 830 690
829 690 864 690 864 733 829 733
355 583 397 583 397 626 355 626
156 653 184 653 184 696 156 696
763 869 805 869 805 912 763 912
223 671 255 671 255 715 223 715
492 586 531 586 531 630 492 630
223 1174 253 1174 253 1218 223 1218
628 765 659 765 659 809 628 809
625 818 665 818 665 862 625 862
636 1027 652 1027 652 1072 636 1072
360 1010 393 1010 393 1055 360 1055
895 1341 931 1341 931 1386 895 1386
151 1271 189 1271 189 1316 151 1316
758 1278 798 1278 798 1323 758 1323
829 1298 867 1298 867 1343 829 1343
630 354 662 354 662 400 630 400
765 693 802 693 802 739 765 739
838 421 856 421 856 467 838 467
353 629 391 629 391 676 353 676
358 447 392 447 392 494 358 494
764 578 795 578 795 625 764 625
224 1079 257 1079 257 1126 224 1126
284 977 320 977 320 1025 284 1025
418 932 458 932 458 981 418 981
217 1028 262 1028 262 1081 217 1081
694 839 737 839 737 893 694 893
895 937 930 937 930 991 895 991
219 616 265 616 265 672 219 672
215 347 262 347 262 403 215 403
