614 592 630 592 630 600 614 600
426 1125 441 1125 441 1135 426 1135
433 1381 450 1381 450 1391 433 1391
436 1204 450 1204 450 1215 436 1215
705 637 726 637 726 649 705 649
679 711 687 711 687 724 679 724
420 839 433 839 433 852 420 852
437 1218 447 1218 447 1232 437 1232
272 889 290 889 290 904 272 904
275 1204 286 1204 286 1220 275 1220
135 1181 158 1181 158 1197 135 1197
138 424 159 424 159 440 138 440
601 729 615 729 615 746 601 746
749 913 768 913 768 930 749 930
223 434 240 434 240 451 223 451
597 626 625 626 625 643 597 643
704 583 730 583 730 600 704 600
682 356 703 356 703 374 682 374
755 560 776 560 776 578 755 578
597 482 623 482 623 500 597 500
403 360 435 360 435 378 403 378
265 683 299 683 299 701 265 701
488 1373 499 1373 499 1391 488 1391
701 821 720 821 720 839 701 839
404 737 430 737 430 755 404 755
674 690 692 690 692 709 674 709
541 976 560 976 560 995 541 995
272 555 292 555 292 574 272 574
824 384 845 384 845 403 824 403
205 846 224 846 224 865 205 865
629 786 655 786 655 805 629 805
743 721 775 721 775 740 743 740
888 1189 909 1189 909 1209 888 1209
885 869 910 869 910 889 885 889
536 1134 566 1134 566 1154 536 1154
707 798 719 798 719 818 707 818
222 409 239 409 239 429 222 429
682 1009 701 1009 701 1029 682 1029
207 283 228 283 228 303 207 303
679 1357 700 1357 700 1377 679 1377
546 697 569 697 569 717 546 717
743 1008 776 1008 776 1028 743 1028
633 674 649 674 649 695 633 695
890 604 911 604 911 625 890 625
705 841 722 841 722 862 705 862
344 410 364 410 364 431 344 431
629 838 651 838 651 859 629 859
598 772 623 772 623 794 598 794
631 523 656 523 656 545 631 545
541 1111 563 1111 563 1133 541 1133
818 611 849 611 849 633 818 633
468 647 501 647 501 669 468 669
533 893 571 893 571 916 533 916
464 904 502 904 502 927 464 927
635 579 651 579 651 602 635 602
668 1193 703 1193 703 1216 668 1216
393 1278 435 1278 435 1301 393 1301
611 383 642 383 642 406 611 406
603 455 618 455 618 479 603 479
752 700 771 700 771 724 752 724
205 381 225 381 225 405 205 405
273 658 293 658 293 682 273 682
408 422 429 422 429 446 408 446
599 645 620 645 620 669 599 669
398 1246 432 1246 432 1270 398 1270
678 1145 697 1145 697 1169 678 1169
545 873 566 873 566 897 545 897
133 517 156 517 156 541 133 541
259 1363 297 1363 297 1387 259 1387
688 510 706 510 706 535 688 535
267 740 296 740 296 765 267 765
194 967 226 967 226 992 194 992
468 1310 500 1310 500 1335 468 1335
740 1154 777 1154 777 1179 740 1179
191 563 232 563 232 588 191 588
187 447 215 447 215 472 187 472
403 776 436 776 436 801 403 801
543 948 580 948 580 973 543 973
400 627 438 627 438 652 400 652
199 1321 219 1321 219 1346 199 1346
126 934 161 934 161 959 126 959
269 494 289 494 289 520 269 520
673 725 693 725 693 751 673 751
597 672 625 672 625 698 597 698
470 586 503 586 503 612 470 612
130 450 166 450 166 476 130 476
343 751 367 751 367 777 343 777
673 1165 701 1165 701 1191 673 1191
671 1220 703 1220 703 1246 671 1246
331 572 368 572 368 598 331 598
676 379 714 379 714 405 676 405
395 1216 434 1216 434 1242 395 1242
267 1338 283 1338 283 1365 267 1365
633 549 653 549 653 576 633 576
705 687 733 687 733 714 705 714
264 315 297 315 297 342 264 342
825 326 840 326 840 353 825 353
754 496 771 496 771 523 754 523
601 597 624 597 624 624 601 624
541 1003 573 1003 573 1030 541 1030
335 510 373 510 373 537 335 537
741 742 782 742 782 769 741 769
136 365 153 365 153 392 136 392
341 540 361 540 361 567 341 567
198 1189 223 1189 223 1216 198 1216
130 713 157 713 157 740 130 740
265 1218 293 1218 293 1245 265 1245
545 363 575 363 575 390 545 390
597 565 627 565 627 592 597 592
471 415 506 415 506 442 471 442
226 452 238 452 238 480 226 480
822 583 842 583 842 611 822 611
600 532 623 532 623 560 600 560
675 617 698 617 698 645 675 645
617 361 641 361 641 389 617 389
270 284 295 284 295 312 270 312
127 1319 161 1319 161 1347 127 1347
537 521 571 521 571 549 537 549
128 580 168 580 168 608 128 608
256 1291 296 1291 296 1319 256 1319
535 803 577 803 577 831 535 831
527 1157 573 1157 573 1185 527 1185
606 745 616 745 616 773 606 773
605 504 616 504 616 532 605 532
205 939 218 939 218 967 205 967
707 607 725 607 725 635 707 635
605 696 615 696 615 724 605 724
622 327 641 327 641 355 622 355
264 827 295 827 295 855 264 855
126 613 162 613 162 641 126 641
738 1032 781 1032 781 1060 738 1060
887 808 906 808 906 837 887 837
475 979 494 979 494 1008 475 1008
881 1159 912 1159 912 1188 881 1188
129 789 166 789 166 818 129 818
532 914 571 914 571 943 532 943
397 559 441 559 441 588 397 588
137 681 150 681 150 710 137 710
679 1283 697 1283 697 1312 679 1312
753 976 773 976 773 1005 753 1005
200 532 228 532 228 561 200 561
334 698 372 698 372 727 334 727
264 956 307 956 307 985 264 985
187 989 231 989 231 1018 187 1018
411 705 425 705 425 735 411 735
209 504 224 504 224 534 209 534
751 849 768 849 768 879 751 879
195 1094 220 1094 220 1124 195 1124
334 602 367 602 367 632 334 632
467 704 501 704 501 734 467 734
626 492 661 492 661 522 626 522
809 639 849 639 849 669 809 669
262 702 303 702 303 732 262 732
606 410 648 410 648 440 606 440
129 391 163 391 163 421 129 421
194 714 233 714 233 744 194 744
126 344 169 344 169 374 126 374
221 483 243 483 243 513 221 513
273 430 295 430 295 460 273 460
671 751 695 751 695 781 671 781
265 1138 294 1138 294 1168 265 1168
887 970 917 970 917 1000 887 1000
882 1360 913 1360 913 1390 882 1390
338 778 372 778 372 808 338 808
263 1313 284 1313 284 1344 263 1344
197 784 230 784 230 815 197 815
682 441 715 441 715 472 682 472
264 764 297 764 297 795 264 795
127 1281 165 1281 165 1312 127 1312
884 204 923 204 923 235 884 235
259 795 304 795 304 826 259 826
276 1168 294 1168 294 1199 276 1199
206 349 235 349 235 380 206 380
402 329 442 329 442 360 402 360
468 774 508 774 508 805 468 805
736 1362 776 1362 776 1393 736 1393
635 606 648 606 648 638 635 638
129 1353 159 1353 159 1385 129 1385
192 1126 227 1126 227 1158 192 1158
536 634 573 634 573 666 536 666
880 1128 918 1128 918 1160 880 1160
121 964 167 964 167 996 121 996
885 533 917 533 917 565 885 565
189 1159 223 1159 223 1191 189 1191
533 443 579 443 579 475 533 475
358 720 370 720 370 752 358 752
541 662 570 662 570 694 541 694
674 945 706 945 706 977 674 977
891 335 923 335 923 367 891 367
193 872 229 872 229 904 193 904
742 1290 780 1290 780 1322 742 1322
634 806 644 806 644 839 634 839
471 609 500 609 500 642 471 642
883 1284 915 1284 915 1317 883 1317
403 480 436 480 436 513 403 513
264 855 300 855 300 888 264 888
399 805 440 805 440 838 399 838
744 428 785 428 785 461 744 461
681 536 709 536 709 569 681 569
880 833 912 833 912 866 880 866
876 1213 917 1213 917 1246 876 1246
186 1218 228 1218 228 1251 186 1251
683 322 710 322 710 356 683 356
126 1109 164 1109 164 1143 126 1143
467 670 508 670 508 704 467 704
674 580 695 580 695 614 674 614
342 668 369 668 369 702 342 702
748 774 778 774 778 808 748 808
402 587 433 587 433 621 402 621
626 452 662 452 662 486 626 486
815 352 853 352 853 386 815 386
886 1248 902 1248 902 1282 886 1282
204 1255 223 1255 223 1289 204 1289
824 498 855 498 855 532 824 532
263 1102 297 1102 297 1136 263 1136
127 867 164 867 164 901 127 901
882 462 922 462 922 496 882 496
745 522 776 522 776 557 745 557
746 878 778 878 778 913 746 913
195 814 231 814 231 849 195 849
398 960 437 960 437 995 398 995
605 801 620 801 620 837 605 837
133 1198 153 1198 153 1234 133 1234
134 1072 158 1072 158 1108 134 1108
132 996 157 996 157 1032 132 1032
743 1213 770 1213 770 1249 743 1249
186 410 215 410 215 446 186 446
673 974 704 974 704 1010 673 1010
265 619 297 619 297 655 265 655
468 735 502 735 502 771 468 771
128 544 165 544 165 580 128 580
877 892 915 892 915 928 877 928
394 1350 439 1350 439 1386 394 1386
681 288 710 288 710 324 681 324
196 1285 226 1285 226 1321 196 1321
673 1032 704 1032 704 1068 673 1068
679 409 713 409 713 445 679 445
263 1063 305 1063 305 1099 263 1099
127 1145 169 1145 169 1181 127 1181
127 1033 171 1033 171 1069 127 1069
263 459 308 459 308 495 263 495
214 906 237 906 237 942 214 942
469 497 514 497 514 533 469 533
541 1033 564 1033 564 1070 541 1070
629 640 659 640 659 677 629 677
739 1182 783 1182 783 1219 739 1219
465 378 511 378 511 415 465 415
266 519 298 519 298 556 266 556
131 477 164 477 164 514 131 514
537 1073 573 1073 573 1110 537 1110
537 719 578 719 578 756 537 756
737 1324 779 1324 779 1361 737 1361
460 1230 513 1230 513 1267 460 1267
813 288 855 288 855 326 813 326
663 1248 716 1248 716 1286 663 1286
467 1008 497 1008 497 1046 467 1046
671 1308 701 1308 701 1346 671 1346
882 563 914 563 914 601 882 601
197 587 236 587 236 625 197 625
743 459 783 459 783 497 743 497
331 473 371 473 371 511 331 511
746 659 786 659 786 697 746 697
258 913 305 913 305 951 258 951
881 1317 913 1317 913 1355 881 1355
883 1001 915 1001 915 1039 883 1039
190 1350 232 1350 232 1388 190 1388
540 288 579 288 579 327 540 327
188 1017 233 1017 233 1056 188 1056
257 1028 304 1028 304 1067 257 1067
127 898 174 898 174 937 127 937
334 325 370 325 370 364 334 364
882 672 927 672 927 711 882 711
417 447 424 447 424 487 417 487
562 324 575 324 575 364 562 364
617 286 642 286 642 326 617 326
338 432 367 432 367 472 338 472
408 382 438 382 438 422 408 422
738 809 789 809 789 849 738 849
272 344 295 344 295 384 272 384
750 625 780 625 780 665 750 665
465 1051 501 1051 501 1091 465 1091
672 904 710 904 710 944 672 944
397 1129 437 1129 437 1169 397 1169
744 935 786 935 786 975 744 975
667 1104 714 1104 714 1144 667 1144
887 291 915 291 915 331 887 331
467 856 505 856 505 896 467 896
876 1088 916 1088 916 1128 876 1128
396 1169 438 1169 438 1209 396 1209
192 1059 234 1059 234 1099 192 1099
884 924 910 924 910 965 884 965
752 284 779 284 779 325 752 325
265 985 294 985 294 1026 265 1026
198 308 235 308 235 349 198 349
398 1041 437 1041 437 1082 398 1082
462 1273 502 1273 502 1314 462 1314
265 575 307 575 307 616 265 616
629 742 655 742 655 783 629 783
885 371 916 371 916 412 885 412
677 1062 713 1062 713 1103 677 1103
756 582 773 582 773 624 756 624
192 674 235 674 235 716 192 716
746 376 791 376 791 418 746 418
741 1063 786 1063 786 1105 741 1105
393 1306 439 1306 439 1348 393 1348
683 644 691 644 691 686 683 686
820 410 844 410 844 452 820 452
819 457 856 457 856 499 819 499
398 515 440 515 440 557 398 557
882 415 927 415 927 457 882 457
336 366 373 366 373 408 336 408
397 997 438 997 438 1039 397 1039
461 1094 503 1094 503 1136 461 1136
333 632 375 632 375 674 333 674
254 1248 300 1248 300 1290 254 1290
467 538 509 538 509 581 467 581
541 393 585 393 585 436 541 436
888 497 910 497 910 540 888 540
467 1134 497 1134 497 1177 467 1177
125 742 169 742 169 785 125 785
398 911 444 911 444 954 398 954
262 384 309 384 309 428 262 428
546 831 563 831 563 875 546 875
883 711 917 711 917 755 883 755
675 469 712 469 712 513 675 513
399 854 437 854 437 898 399 898
532 592 578 592 578 636 532 636
546 757 563 757 563 802 546 802
747 218 789 218 789 263 747 263
732 1108 785 1108 785 1153 732 1153
537 476 574 476 574 521 537 521
127 640 165 640 165 685 127 685
884 627 911 627 911 672 884 672
200 625 232 625 232 670 200 670
817 533 849 533 849 580 817 580
127 1236 161 1236 161 1283 127 1283
879 1041 925 1041 925 1088 879 1088
194 740 237 740 237 788 194 788
674 854 706 854 706 902 674 902
880 756 916 756 916 805 880 805
533 549 573 549 573 598 533 598
746 327 787 327 787 376 746 376
737 1245 783 1245 783 1294 737 1294
471 326 510 326 510 376 471 376
131 289 165 289 165 340 131 340
466 804 507 804 507 855 466 855
468 442 502 442 502 494 468 494
461 1179 503 1179 503 1233 461 1233
395 654 444 654 444 710 395 710
