421 435 438 435 438 447 421 447
140 666 164 666 164 679 140 679
492 1251 519 1251 519 1264 492 1264
474 811 484 811 484 824 474 824
606 328 631 328 631 342 606 342
282 433 297 433 297 448 282 448
468 776 485 776 485 791 468 791
144 1075 161 1075 161 1090 144 1090
427 364 440 364 440 380 427 380
808 927 834 927 834 943 808 943
82 370 94 370 94 386 82 386
275 535 301 535 301 552 275 552
491 1270 519 1270 519 1287 491 1287
206 1028 232 1028 232 1045 206 1045
470 1125 501 1125 501 1142 470 1142
144 1313 161 1313 161 1331 144 1331
269 1116 300 1116 300 1134 269 1134
471 322 496 322 496 340 471 340
212 847 232 847 232 866 212 866
744 1016 765 1016 765 1035 744 1035
738 732 775 732 775 751 738 751
276 1098 291 1098 291 1117 276 1117
468 1313 485 1313 485 1332 468 1332
345 658 364 658 364 677 345 677
476 487 496 487 496 506 476 506
807 639 827 639 827 658 807 658
467 825 491 825 491 844 467 844
466 1332 492 1332 492 1351 466 1351
341 718 367 718 367 737 341 737
545 1197 564 1197 564 1216 545 1216
743 689 764 689 764 708 743 708
736 843 767 843 767 862 736 862
737 1105 772 1105 772 1124 737 1124
802 836 831 836 831 856 802 856
468 1292 481 1292 481 1313 468 1313
480 978 499 978 499 999 480 999
420 413 440 413 440 434 420 434
466 752 486 752 486 773 466 773
545 860 565 860 565 881 545 881
277 906 297 906 297 927 277 927
343 340 356 340 356 361 343 361
81 1037 101 1037 101 1058 81 1058
393 304 414 304 414 325 393 325
465 735 487 735 487 756 465 756
462 1270 491 1270 491 1291 462 1291
667 966 706 966 706 987 667 987
800 1180 845 1180 845 1201 800 1201
746 1165 772 1165 772 1186 746 1186
744 1213 773 1213 773 1234 744 1234
276 650 297 650 297 672 276 672
477 547 503 547 503 569 477 569
808 690 834 690 834 712 808 712
735 709 770 709 770 731 735 731
424 335 443 335 443 358 424 358
736 297 770 297 770 320 736 320
198 376 235 376 235 399 198 399
468 1144 507 1144 507 1167 468 1167
81 1012 100 1012 100 1035 81 1035
463 713 491 713 491 736 463 736
464 342 498 342 498 366 464 366
796 387 830 387 830 411 796 411
480 1102 498 1102 498 1126 480 1126
805 713 831 713 831 737 805 737
606 784 633 784 633 808 606 808
333 361 369 361 369 385 333 385
63 653 103 653 103 677 63 677
689 553 704 553 704 577 689 577
466 792 493 792 493 816 466 816
669 941 701 941 701 965 669 965
71 1136 105 1136 105 1160 71 1160
67 498 105 498 105 522 67 522
800 856 839 856 839 880 800 880
475 1005 511 1005 511 1030 475 1030
477 435 492 435 492 460 477 460
396 362 414 362 414 387 396 387
492 817 514 817 514 842 492 842
474 369 497 369 497 394 474 394
274 879 297 879 297 904 274 904
135 942 166 942 166 967 135 967
752 1190 765 1190 765 1216 752 1216
342 607 358 607 358 633 342 633
345 762 363 762 363 788 345 788
335 1119 367 1119 367 1145 335 1145
605 808 638 808 638 834 605 834
532 295 574 295 574 321 532 321
465 1245 487 1245 487 1271 465 1271
335 1149 365 1149 365 1175 335 1175
482 644 498 644 498 670 482 670
347 826 364 826 364 852 347 852
743 962 761 962 761 988 743 988
208 903 231 903 231 929 208 929
803 1021 832 1021 832 1047 803 1047
605 938 637 938 637 964 605 964
601 1012 636 1012 636 1038 601 1038
198 1047 236 1047 236 1073 198 1073
664 846 705 846 705 872 664 872
809 1161 831 1161 831 1188 809 1188
541 1220 573 1220 573 1247 541 1247
797 293 832 293 832 320 797 320
667 664 706 664 706 691 667 691
211 1002 227 1002 227 1029 211 1029
498 1322 517 1322 517 1349 498 1349
268 1030 300 1030 300 1057 268 1057
203 929 240 929 240 956 203 956
477 295 492 295 492 322 477 322
548 1284 566 1284 566 1311 548 1311
219 1153 245 1153 245 1180 219 1180
336 549 370 549 370 576 336 576
69 951 106 951 106 978 69 978
211 787 227 787 227 815 211 815
479 926 497 926 497 954 479 954
340 852 367 852 367 880 340 880
673 1011 708 1011 708 1039 673 1039
334 1088 375 1088 375 1116 334 1116
680 985 698 985 698 1013 680 1013
392 334 421 334 421 362 392 362
804 1131 833 1131 833 1159 804 1159
137 810 168 810 168 838 137 838
670 878 705 878 705 906 670 906
667 598 704 598 704 626 667 626
66 982 108 982 108 1010 66 1010
424 385 440 385 440 414 424 414
676 453 695 453 695 482 676 482
743 1077 774 1077 774 1106 743 1106
669 479 703 479 703 508 669 508
743 629 761 629 761 658 743 658
808 579 827 579 827 608 808 608
474 949 509 949 509 978 474 978
70 1059 107 1059 107 1088 70 1088
731 863 769 863 769 892 731 892
202 980 240 980 240 1009 202 1009
145 535 158 535 158 564 145 564
547 985 563 985 563 1014 547 1014
743 819 760 819 760 848 743 848
495 781 516 781 516 810 495 810
140 1331 163 1331 163 1360 140 1360
492 1179 518 1179 518 1208 492 1208
492 752 524 752 524 781 492 781
269 806 302 806 302 835 269 835
339 967 372 967 372 996 339 996
132 1122 167 1122 167 1151 132 1151
338 1220 376 1220 376 1249 338 1249
666 569 704 569 704 598 666 598
139 564 166 564 166 594 139 594
138 374 170 374 170 404 138 404
675 1037 708 1037 708 1067 675 1067
662 359 709 359 709 389 662 389
681 1290 698 1290 698 1320 681 1320
805 322 826 322 826 352 805 352
540 1013 569 1013 569 1043 540 1043
780 197 814 197 814 227 780 227
335 629 370 629 370 659 335 659
332 208 368 208 368 238 332 238
337 934 375 934 375 964 337 964
465 1176 480 1176 480 1207 465 1207
743 323 771 323 771 354 743 354
735 655 770 655 770 686 735 686
337 734 372 734 372 765 337 765
606 913 642 913 642 944 606 944
736 890 775 890 775 921 736 921
735 984 774 984 774 1015 735 1015
205 950 241 950 241 981 205 981
337 577 374 577 374 608 337 608
134 883 173 883 173 914 134 914
74 711 92 711 92 742 74 742
472 457 503 457 503 488 472 488
205 814 239 814 239 845 205 845
342 684 365 684 365 716 342 716
489 1290 516 1290 516 1322 489 1322
539 829 569 829 569 861 539 861
215 1119 249 1119 249 1151 215 1151
69 782 105 782 105 814 69 814
668 421 704 421 704 453 668 453
601 470 643 470 643 502 601 502
735 1235 778 1235 778 1267 735 1267
538 393 586 393 586 425 538 425
806 806 825 806 825 838 806 838
273 720 298 720 298 752 273 752
474 671 505 671 505 703 474 703
669 388 705 388 705 420 669 420
70 1234 107 1234 107 1266 70 1266
200 247 242 247 242 279 200 279
471 852 513 852 513 884 471 884
271 398 300 398 300 430 271 430
603 1080 634 1080 634 1112 603 1112
139 1006 170 1006 170 1038 139 1038
671 777 707 777 707 809 671 809
204 870 240 870 240 902 204 902
548 319 562 319 562 352 548 352
545 883 560 883 560 916 545 916
397 389 413 389 413 422 397 422
219 1081 248 1081 248 1114 219 1114
675 1319 710 1319 710 1352 675 1352
734 601 771 601 771 634 734 634
479 1032 494 1032 494 1065 479 1065
276 1134 292 1134 292 1167 276 1167
70 333 105 333 105 366 70 366
602 1116 637 1116 637 1149 602 1149
802 990 846 990 846 1023 802 1023
331 245 370 245 370 279 331 279
345 900 368 900 368 934 345 934
671 1174 703 1174 703 1208 671 1208
67 461 108 461 108 495 67 495
536 590 579 590 579 624 536 624
279 591 296 591 296 625 279 625
805 771 829 771 829 805 805 805
272 556 301 556 301 590 272 590
735 753 767 753 767 787 735 787
537 1136 571 1136 571 1170 537 1170
539 1164 574 1164 574 1198 539 1198
66 1201 119 1201 119 1235 66 1235
77 676 95 676 95 711 77 711
548 1308 570 1308 570 1343 548 1343
672 907 706 907 706 942 672 942
269 620 306 620 306 655 269 655
67 819 106 819 106 854 67 854
663 809 703 809 703 844 663 844
131 337 178 337 178 372 131 372
138 908 164 908 164 943 138 943
740 353 771 353 771 388 740 388
799 604 835 604 835 639 799 639
666 624 703 624 703 659 666 659
548 1247 565 1247 565 1283 548 1283
142 1088 161 1088 161 1124 142 1124
201 532 233 532 233 568 201 568
609 618 636 618 636 654 609 654
666 325 700 325 700 361 666 361
537 798 574 798 574 834 537 834
598 876 644 876 644 912 598 912
426 299 438 299 438 336 426 336
808 737 821 737 821 774 808 774
138 446 168 446 168 483 138 483
134 631 179 631 179 668 134 668
492 1212 517 1212 517 1249 492 1249
476 1065 504 1065 504 1102 476 1102
742 1127 771 1127 771 1164 742 1164
672 1206 703 1206 703 1243 672 1243
738 524 772 524 772 561 738 561
801 658 837 658 837 695 801 695
334 481 372 481 372 518 334 518
749 789 757 789 757 826 749 826
614 580 627 580 627 617 614 617
79 745 93 745 93 782 79 782
604 501 636 501 636 538 604 538
537 551 573 551 573 588 537 588
200 566 239 566 239 603 200 603
70 1164 112 1164 112 1201 70 1201
76 386 91 386 91 424 76 424
743 1037 764 1037 764 1075 743 1075
136 1036 167 1036 167 1074 136 1074
201 211 235 211 235 249 201 249
794 350 840 350 840 388 794 388
733 561 767 561 767 599 733 599
747 1270 768 1270 768 1309 747 1309
804 502 829 502 829 541 804 541
336 516 370 516 370 555 336 555
335 995 370 995 370 1034 335 1034
203 299 241 299 241 338 203 338
130 1154 176 1154 176 1193 130 1193
497 711 510 711 510 750 497 750
347 789 361 789 361 828 347 828
542 914 562 914 562 953 542 953
818 195 846 195 846 234 818 234
605 836 637 836 637 875 605 875
336 1037 371 1037 371 1076 336 1076
195 1075 216 1075 216 1114 195 1114
271 1057 298 1057 298 1096 271 1096
68 422 104 422 104 461 68 461
134 730 172 730 172 769 134 769
801 1048 839 1048 839 1087 801 1087
475 505 499 505 499 545 475 545
668 688 698 688 698 728 668 728
737 1311 774 1311 774 1351 737 1351
603 431 642 431 642 471 603 471
535 624 575 624 575 664 535 664
266 357 306 357 306 397 266 397
544 351 564 351 564 391 544 391
270 839 305 839 305 879 270 879
800 1092 842 1092 842 1132 800 1132
684 1106 694 1106 694 1146 684 1146
478 569 494 569 494 609 478 609
146 840 163 840 163 880 146 880
199 746 236 746 236 786 199 786
537 468 575 468 575 508 537 508
338 298 363 298 363 339 338 339
70 524 97 524 97 565 70 565
204 490 237 490 237 531 204 531
132 1192 170 1192 170 1233 132 1233
738 441 779 441 779 482 738 482
668 1144 712 1144 712 1185 668 1185
278 448 295 448 295 489 278 489
469 394 504 394 504 435 469 435
602 1040 641 1040 641 1081 602 1081
533 946 581 946 581 987 533 987
468 885 506 885 506 927 468 927
532 665 574 665 574 707 532 707
667 1066 713 1066 713 1108 667 1108
601 389 635 389 635 431 601 431
198 445 241 445 241 487 198 487
329 434 373 434 373 476 329 476
68 566 97 566 97 608 68 608
539 756 569 756 569 798 539 798
537 508 571 508 571 550 537 550
540 1096 577 1096 577 1138 540 1138
535 425 578 425 578 467 535 467
130 1230 173 1230 173 1272 130 1272
84 1264 102 1264 102 1307 84 1307
606 745 640 745 640 788 606 788
135 967 171 967 171 1010 135 1010
796 942 835 942 835 985 796 985
135 769 179 769 179 812 135 812
199 661 239 661 239 704 199 704
735 921 775 921 775 964 735 964
601 1151 647 1151 647 1194 601 1194
66 608 101 608 101 652 66 652
802 884 838 884 838 928 802 928
798 537 844 537 844 581 798 581
209 330 226 330 226 374 209 374
271 492 305 492 305 536 271 536
68 1093 105 1093 105 1137 68 1137
134 1269 176 1269 176 1313 134 1313
798 455 842 455 842 499 798 499
134 591 168 591 168 635 134 635
604 536 641 536 641 581 604 581
603 701 638 701 638 746 603 746
200 701 240 701 240 746 200 746
735 482 774 482 774 527 735 527
278 674 296 674 296 720 278 720
603 344 635 344 635 390 603 390
134 680 173 680 173 726 134 726
135 399 175 399 175 445 135 445
534 1050 581 1050 581 1096 534 1096
674 1245 704 1245 704 1291 674 1291
335 1175 369 1175 369 1222 335 1222
68 855 105 855 105 902 68 902
210 398 225 398 225 446 210 446
270 983 301 983 301 1031 270 1031
536 706 569 706 569 754 536 754
342 385 359 385 359 434 342 434
671 506 708 506 708 556 671 556
606 961 632 961 632 1012 606 1012
668 724 702 724 702 775 668 775
480 592 502 592 502 644 480 644
137 484 165 484 165 536 137 536
273 929 299 929 299 982 273 982
273 753 308 753 308 806 273 806
748 386 758 386 758 441 748 441
614 649 622 649 622 705 614 705
817 1196 827 1196 827 1252 817 1252
200 604 242 604 242 660 200 660
811 402 822 402 822 459 811 459
269 1167 306 1167 306 1228 269 1228
