821 449 857 449 857 457 821 457
434 1331 444 1331 444 1341 434 1341
397 1223 410 1223 410 1234 397 1234
845 458 857 458 857 470 845 470
328 439 345 439 345 451 328 451
323 315 348 315 348 327 323 327
359 600 374 600 374 613 359 613
750 1363 778 1363 778 1376 750 1376
891 573 920 573 920 586 891 586
194 428 226 428 226 441 194 441
353 313 375 313 375 327 353 327
424 1292 447 1292 447 1306 424 1306
352 473 381 473 381 487 352 487
331 421 343 421 343 436 331 436
914 926 927 926 927 941 914 941
275 1366 288 1366 288 1381 275 1381
396 1312 411 1312 411 1327 396 1327
882 926 895 926 895 941 882 941
481 1374 496 1374 496 1389 481 1389
613 1254 643 1254 643 1269 613 1269
618 380 637 380 637 396 618 396
134 745 163 745 163 761 134 761
743 1222 792 1222 792 1238 743 1238
196 584 228 584 228 600 196 600
810 769 856 769 856 785 810 785
551 1227 563 1227 563 1244 551 1244
427 1211 448 1211 448 1228 427 1228
896 765 917 765 917 782 896 782
488 380 512 380 512 397 488 397
341 783 361 783 361 801 341 801
907 902 932 902 932 920 907 920
879 942 906 942 906 960 879 960
399 1236 409 1236 409 1255 399 1255
756 1146 774 1146 774 1165 756 1165
269 452 291 452 291 471 269 471
193 1050 236 1050 236 1069 193 1069
760 590 773 590 773 609 760 609
480 1249 499 1249 499 1268 480 1268
412 340 432 340 432 359 412 359
393 1289 418 1289 418 1308 393 1308
427 1394 444 1394 444 1413 427 1413
412 792 430 792 430 811 412 811
910 942 932 942 932 961 910 961
686 1162 708 1162 708 1181 686 1181
351 331 379 331 379 350 351 350
385 1176 414 1176 414 1195 385 1195
818 600 859 600 859 619 818 619
431 1310 446 1310 446 1330 431 1330
606 676 623 676 623 696 606 696
275 747 293 747 293 767 275 767
613 480 644 480 644 500 613 500
484 403 497 403 497 423 484 423
754 1338 773 1338 773 1358 754 1358
882 960 904 960 904 980 882 980
358 576 372 576 372 597 358 597
399 1393 416 1393 416 1414 399 1414
618 888 638 888 638 909 618 909
478 886 502 886 502 907 478 907
621 572 638 572 638 593 621 593
130 608 161 608 161 629 130 629
912 1051 939 1051 939 1072 912 1072
353 613 381 613 381 634 353 634
199 770 229 770 229 791 199 791
682 742 718 742 718 763 682 763
195 317 235 317 235 338 195 338
758 925 780 925 780 947 758 947
425 1188 450 1188 450 1210 425 1210
410 430 437 430 437 452 410 452
676 1246 716 1246 716 1268 676 1268
330 836 377 836 377 858 330 858
478 768 497 768 497 790 478 790
391 1196 414 1196 414 1218 391 1218
879 1033 903 1033 903 1055 879 1055
199 941 228 941 228 963 199 963
208 1364 224 1364 224 1387 208 1387
760 1196 777 1196 777 1219 760 1219
879 1015 904 1015 904 1038 879 1038
355 446 380 446 380 469 355 469
613 1399 651 1399 651 1422 613 1422
468 1071 507 1071 507 1094 468 1094
411 736 426 736 426 759 411 759
878 1054 899 1054 899 1077 878 1077
606 737 631 737 631 760 606 760
906 1025 935 1025 935 1048 906 1048
320 454 349 454 349 477 320 477
199 486 230 486 230 509 199 509
746 1287 784 1287 784 1310 746 1310
610 433 652 433 652 456 610 456
331 362 344 362 344 385 331 385
618 833 635 833 635 856 618 856
614 1204 634 1204 634 1227 614 1227
358 489 378 489 378 512 358 512
616 774 639 774 639 797 616 797
880 900 903 900 903 923 880 923
420 314 450 314 450 337 420 337
749 568 782 568 782 591 749 591
678 424 717 424 717 447 678 447
682 663 722 663 722 686 682 686
413 912 431 912 431 936 413 936
205 748 226 748 226 772 205 772
609 993 646 993 646 1017 609 1017
332 1136 371 1136 371 1160 332 1160
541 314 581 314 581 338 541 338
394 1330 410 1330 410 1354 394 1354
828 986 847 986 847 1010 828 1010
135 583 158 583 158 607 135 607
612 1093 641 1093 641 1117 612 1117
261 653 293 653 293 677 261 677
472 360 509 360 509 384 472 384
207 856 227 856 227 881 207 881
912 963 933 963 933 988 912 988
613 1144 642 1144 642 1169 613 1169
264 1186 303 1186 303 1211 264 1211
897 516 915 516 915 541 897 541
895 840 913 840 913 865 895 865
481 1041 501 1041 501 1066 481 1066
202 366 223 366 223 391 202 391
885 789 923 789 923 814 885 814
607 1117 647 1117 647 1142 607 1142
546 697 562 697 562 722 546 722
637 753 653 753 653 778 637 778
619 451 649 451 649 476 619 476
891 710 921 710 921 735 891 735
351 418 383 418 383 443 351 443
193 963 232 963 232 988 193 988
404 454 444 454 444 479 404 479
480 1196 498 1196 498 1222 480 1222
340 1077 359 1077 359 1103 340 1103
392 1259 419 1259 419 1285 392 1285
423 1342 450 1342 450 1368 423 1368
751 1050 778 1050 778 1076 751 1076
388 1147 416 1147 416 1173 388 1173
887 319 927 319 927 345 887 345
609 942 649 942 649 968 609 968
279 1316 292 1316 292 1342 279 1342
269 628 287 628 287 654 269 654
681 1043 709 1043 709 1069 681 1069
889 865 919 865 919 891 889 891
888 543 918 543 918 569 888 569
194 914 231 914 231 940 194 940
610 1343 648 1343 648 1369 610 1369
472 663 514 663 514 689 472 689
888 345 932 345 932 371 888 371
483 858 497 858 497 885 483 885
687 1105 704 1105 704 1132 687 1132
201 1389 231 1389 231 1416 201 1416
469 909 508 909 508 936 469 936
265 348 308 348 308 375 265 375
624 1067 639 1067 639 1094 624 1094
209 1185 225 1185 225 1212 209 1212
825 853 842 853 842 880 825 880
756 700 775 700 775 727 756 727
201 991 222 991 222 1018 201 1018
203 1251 225 1251 225 1278 203 1278
888 735 923 735 923 762 888 762
609 1272 644 1272 644 1299 609 1299
129 553 165 553 165 580 129 580
681 685 722 685 722 712 681 712
341 723 356 723 356 750 341 750
264 1213 296 1213 296 1240 264 1240
675 481 712 481 712 508 675 508
193 792 235 792 235 819 193 819
889 982 895 982 895 1010 889 1010
343 939 356 939 356 967 343 967
205 553 222 553 222 581 205 581
755 1118 774 1118 774 1146 755 1146
613 966 645 966 645 994 613 994
813 1166 855 1166 855 1194 813 1194
552 1322 565 1322 565 1350 552 1350
137 364 155 364 155 392 137 392
896 398 915 398 915 426 896 426
548 462 567 462 567 490 548 490
688 712 716 712 716 740 688 740
470 1090 506 1090 506 1118 470 1118
748 607 793 607 793 635 748 635
683 1010 714 1010 714 1038 683 1038
470 546 503 546 503 574 470 574
819 415 855 415 855 443 819 443
402 363 439 363 439 391 402 391
900 370 915 370 915 399 900 399
756 1017 772 1017 772 1046 756 1046
329 331 348 331 348 360 329 360
133 524 154 524 154 553 133 553
611 1225 639 1225 639 1254 611 1254
544 339 573 339 573 368 544 368
204 677 234 677 234 706 204 706
405 882 442 882 442 911 405 911
825 1346 842 1346 842 1375 825 1375
275 1126 292 1126 292 1155 275 1155
760 947 780 947 780 976 760 976
341 1160 362 1160 362 1189 341 1189
682 1217 705 1217 705 1246 682 1246
408 758 434 758 434 787 408 787
475 973 502 973 502 1002 475 1002
612 855 642 855 642 884 612 884
753 1166 785 1166 785 1195 753 1195
406 938 439 938 439 967 406 967
619 502 637 502 637 532 619 532
412 477 432 477 432 507 412 507
269 1383 292 1383 292 1413 269 1413
357 546 385 546 385 576 357 576
474 1220 506 1220 506 1250 474 1250
819 738 851 738 851 768 819 768
265 903 298 903 298 933 265 933
753 633 788 633 788 663 753 663
533 829 578 829 578 859 533 859
330 392 347 392 347 422 330 422
426 1263 450 1263 450 1293 426 1293
615 345 643 345 643 375 615 375
552 1195 581 1195 581 1225 552 1225
262 795 294 795 294 825 262 825
683 1128 715 1128 715 1158 683 1158
476 1306 509 1306 509 1336 476 1336
614 401 650 401 650 431 614 431
609 912 647 912 647 942 609 942
678 1350 718 1350 718 1380 678 1380
676 1185 720 1185 720 1215 676 1215
392 1113 407 1113 407 1143 392 1143
755 728 774 728 774 758 755 758
265 929 296 929 296 959 265 959
129 394 161 394 161 424 129 424
476 1341 511 1341 511 1371 476 1371
474 827 512 827 512 857 474 857
690 502 704 502 704 533 690 533
620 314 638 314 638 345 620 345
551 1384 570 1384 570 1415 551 1415
342 1311 365 1311 365 1342 342 1342
614 595 641 595 641 626 614 626
408 508 436 508 436 539 408 539
353 353 382 353 382 384 353 384
748 389 780 389 780 420 748 420
388 1354 421 1354 421 1385 388 1385
888 457 923 457 923 488 888 488
886 1127 922 1127 922 1158 886 1158
748 1310 788 1310 788 1341 748 1341
344 859 361 859 361 890 344 890
212 882 235 882 235 913 212 913
892 424 919 424 919 455 892 455
401 815 439 815 439 846 401 846
541 485 581 485 581 516 541 516
543 1004 584 1004 584 1035 543 1035
207 338 224 338 224 370 207 370
337 1100 366 1100 366 1132 337 1132
820 781 853 781 853 813 820 813
677 887 716 887 716 919 677 919
613 700 621 700 621 732 613 732
268 530 287 530 287 562 268 562
908 992 934 992 934 1024 908 1024
263 1154 295 1154 295 1186 263 1186
419 1152 451 1152 451 1184 419 1184
679 981 718 981 718 1013 679 1013
542 750 571 750 571 782 542 782
336 748 369 748 369 780 336 780
470 1387 510 1387 510 1419 470 1419
748 360 791 360 791 392 748 392
273 1241 290 1241 290 1274 273 1274
754 793 782 793 782 826 754 826
334 967 365 967 365 1000 334 1000
190 390 228 390 228 423 190 423
887 1246 925 1246 925 1279 887 1279
127 429 167 429 167 462 127 462
827 319 848 319 848 352 827 352
333 1338 365 1338 365 1371 333 1371
333 1380 366 1380 366 1413 333 1413
326 1042 370 1042 370 1075 326 1075
356 511 379 511 379 545 356 545
684 315 716 315 716 349 684 349
330 1275 368 1275 368 1309 330 1309
405 617 443 617 443 651 405 651
688 448 707 448 707 482 688 482
205 1022 232 1022 232 1056 205 1056
543 1349 570 1349 570 1383 543 1383
266 377 295 377 295 411 266 411
543 1163 573 1163 573 1197 543 1197
678 1307 712 1307 712 1341 678 1341
818 1380 856 1380 856 1414 818 1414
331 1236 373 1236 373 1270 331 1270
814 385 863 385 863 419 814 419
411 844 427 844 427 878 411 878
827 923 844 923 844 957 827 957
266 713 298 713 298 747 266 747
333 804 369 804 369 838 333 838
267 1047 303 1047 303 1081 267 1081
816 1280 860 1280 860 1314 816 1314
823 352 851 352 851 387 823 387
628 637 659 637 659 672 628 672
264 1333 297 1333 297 1368 264 1368
417 1113 451 1113 451 1148 417 1148
543 717 578 717 578 752 543 752
473 506 510 506 510 541 473 541
818 621 856 621 856 656 818 656
610 801 648 801 648 836 610 836
768 663 778 663 778 698 768 698
410 394 425 394 425 429 410 429
690 349 709 349 709 384 690 384
479 1273 501 1273 501 1308 479 1308
196 821 232 821 232 856 196 856
820 523 858 523 858 558 820 558
888 805 926 805 926 840 888 840
542 659 580 659 580 694 542 694
123 670 166 670 166 705 123 705
605 1368 652 1368 652 1403 605 1403
893 634 920 634 920 670 893 670
601 634 629 634 629 670 601 670
632 673 660 673 660 709 632 709
680 945 708 945 708 981 680 981
472 733 500 733 500 769 472 769
196 602 233 602 233 638 196 638
472 1120 510 1120 510 1156 472 1156
468 1160 510 1160 510 1196 468 1196
465 792 510 792 510 828 465 828
682 387 710 387 710 423 682 423
541 430 582 430 582 466 541 466
673 1071 720 1071 720 1107 673 1107
269 825 291 825 291 861 269 861
684 804 715 804 715 840 684 840
630 712 661 712 661 748 630 748
261 409 298 409 298 445 261 445
537 1249 581 1249 581 1285 537 1285
258 678 304 678 304 715 258 715
546 1285 567 1285 567 1322 546 1322
617 532 645 532 645 569 617 569
193 638 231 638 231 675 193 675
471 469 513 469 513 506 471 506
821 813 851 813 851 851 821 851
268 314 298 314 298 352 268 352
540 912 576 912 576 950 540 950
258 488 299 488 299 526 258 526
190 1069 241 1069 241 1107 190 1107
484 1003 501 1003 501 1041 484 1041
891 1208 917 1208 917 1246 891 1246
818 1308 853 1308 853 1346 818 1346
469 935 505 935 505 973 469 973
401 651 442 651 442 689 401 689
827 699 846 699 846 737 827 737
196 443 237 443 237 481 196 481
540 578 586 578 586 616 540 616
889 668 926 668 926 707 889 707
274 864 292 864 292 903 274 903
203 1213 227 1213 227 1252 203 1252
200 1148 236 1148 236 1187 200 1187
403 540 450 540 450 579 403 579
334 1001 370 1001 370 1041 334 1041
675 1380 712 1380 712 1420 675 1420
405 578 443 578 443 618 405 618
889 486 913 486 913 526 889 526
682 1267 707 1267 707 1307 682 1307
261 1275 297 1275 297 1315 261 1315
127 630 163 630 163 670 127 670
884 590 922 590 922 630 884 630
745 1080 788 1080 788 1120 745 1120
611 1300 641 1300 641 1341 611 1341
607 1170 645 1170 645 1211 607 1211
748 419 792 419 792 460 748 460
123 704 170 704 170 745 123 745
259 963 306 963 306 1004 259 1004
398 1017 449 1017 449 1058 398 1058
690 763 707 763 707 804 690 804
818 1077 849 1077 849 1118 818 1118
887 1328 921 1328 921 1369 887 1369
264 1086 302 1086 302 1127 264 1127
748 976 777 976 777 1018 748 1018
467 691 509 691 509 733 467 733
677 618 721 618 721 660 677 660
533 1083 580 1083 580 1125 533 1125
744 888 787 888 787 930 744 930
818 879 847 879 847 921 818 921
541 1118 579 1118 579 1160 541 1160
195 509 236 509 236 551 195 551
469 424 515 424 515 466 469 466
398 970 444 970 444 1012 398 1012
472 314 515 314 515 357 472 357
329 1191 376 1191 376 1234 329 1234
691 572 718 572 718 615 691 615
474 576 510 576 510 619 474 619
815 655 857 655 857 698 815 698
261 1005 307 1005 307 1048 261 1048
258 760 310 760 310 803 258 803
678 842 716 842 716 886 678 886
537 1036 577 1036 577 1080 537 1080
676 533 716 533 716 577 676 577
330 680 371 680 371 724 330 724
814 1195 858 1195 858 1239 814 1239
466 620 512 620 512 664 466 664
213 703 224 703 224 747 213 747
817 944 851 944 851 988 817 988
887 1285 924 1285 924 1329 887 1329
400 689 444 689 444 734 400 734
332 638 375 638 375 683 332 683
536 785 586 785 586 830 536 830
752 316 786 316 786 362 752 362
330 891 373 891 373 937 330 937
678 907 706 907 706 953 678 953
397 1058 443 1058 443 1105 397 1105
755 514 785 514 785 561 755 561
540 952 576 952 576 1000 540 1000
824 1235 849 1235 849 1283 824 1283
746 750 788 750 788 799 746 799
886 1367 928 1367 928 1416 886 1416
192 1109 240 1109 240 1159 192 1159
539 863 577 863 577 913 539 913
889 1076 920 1076 920 1127 889 1127
250 566 303 566 303 617 250 617
764 1230 772 1230 772 1281 764 1281
831 1114 839 1114 839 1166 831 1166
881 1160 929 1160 929 1212 881 1212
751 459 786 459 786 512 751 512
606 1014 646 1014 646 1071 606 1071
128 460 161 460 161 519 128 519
748 827 784 827 784 886 748 886
542 517 576 517 576 577 542 577
819 1011 855 1011 855 1076 819 1076
