689 447 700 447 700 456 689 456
666 1256 695 1256 695 1265 666 1265
678 1062 688 1062 688 1075 678 1075
411 967 431 967 431 981 411 981
531 588 574 588 574 603 531 603
199 777 246 777 246 792 199 792
676 524 695 524 695 540 676 540
738 1113 757 1113 757 1129 738 1129
745 470 764 470 764 486 745 486
278 577 298 577 298 593 278 593
798 1109 818 1109 818 1125 798 1125
274 1326 293 1326 293 1343 274 1343
141 428 171 428 171 445 141 445
348 1037 364 1037 364 1054 348 1054
742 790 760 790 760 807 742 807
674 978 694 978 694 995 674 995
667 1309 691 1309 691 1328 667 1328
602 1197 629 1197 629 1216 602 1216
794 643 829 643 829 662 794 662
345 1124 366 1124 366 1143 345 1143
413 1330 438 1330 438 1349 413 1349
278 921 297 921 297 940 278 940
412 584 434 584 434 603 412 603
269 1136 298 1136 298 1155 269 1155
206 828 236 828 236 847 206 847
138 328 170 328 170 348 138 348
276 596 311 596 311 616 276 616
402 1129 435 1129 435 1150 402 1150
402 1225 441 1225 441 1246 402 1246
205 703 237 703 237 724 205 724
137 1331 171 1331 171 1352 137 1352
602 886 637 886 637 907 602 907
344 1183 361 1183 361 1205 344 1205
800 1230 820 1230 820 1252 800 1252
605 475 636 475 636 497 605 497
530 895 566 895 566 917 530 917
545 951 563 951 563 973 545 973
477 900 496 900 496 922 477 922
204 1327 229 1327 229 1349 204 1349
730 1137 765 1137 765 1159 730 1159
275 1276 289 1276 289 1298 275 1298
78 362 94 362 94 384 78 384
408 1107 429 1107 429 1129 408 1129
738 1261 759 1261 759 1283 738 1283
76 497 106 497 106 519 76 519
398 1021 436 1021 436 1043 398 1043
745 591 761 591 761 614 745 614
412 499 430 499 430 522 412 522
210 466 237 466 237 489 210 489
606 673 638 673 638 696 606 696
71 721 108 721 108 744 71 744
82 474 99 474 99 497 82 497
674 1120 694 1120 694 1143 674 1143
603 1141 636 1141 636 1164 603 1164
537 738 571 738 571 761 537 761
478 795 496 795 496 819 478 819
143 973 175 973 175 997 143 997
79 1127 99 1127 99 1151 79 1151
70 922 105 922 105 946 70 946
202 851 240 851 240 875 202 875
745 291 764 291 764 315 745 315
276 1109 295 1109 295 1133 276 1133
542 830 562 830 562 854 542 854
205 1189 236 1189 236 1213 205 1213
602 1113 634 1113 634 1137 602 1137
140 352 173 352 173 376 140 376
668 458 703 458 703 482 668 482
278 520 295 520 295 545 278 545
411 320 430 320 430 345 411 345
673 786 694 786 694 811 673 811
81 687 102 687 102 712 81 712
206 725 236 725 236 750 206 750
70 791 103 791 103 816 70 816
67 1326 109 1326 109 1351 67 1351
214 751 230 751 230 776 214 776
212 913 229 913 229 938 212 938
214 442 232 442 232 467 214 467
399 1151 432 1151 432 1176 399 1176
673 921 689 921 689 946 673 946
740 1058 757 1058 757 1083 740 1083
146 575 165 575 165 600 146 600
139 946 171 946 171 971 139 971
533 803 568 803 568 828 533 828
411 912 429 912 429 938 411 938
799 1323 818 1323 818 1349 799 1349
348 619 369 619 369 645 348 645
347 738 369 738 369 764 347 764
797 1294 826 1294 826 1320 797 1320
600 1245 637 1245 637 1271 600 1271
739 731 756 731 756 757 739 757
611 448 630 448 630 474 611 474
480 687 501 687 501 713 480 713
530 1323 562 1323 562 1349 530 1349
334 1272 371 1272 371 1298 334 1298
468 404 509 404 509 430 468 430
65 587 107 587 107 613 65 613
803 338 819 338 819 365 803 365
280 865 297 865 297 892 280 892
348 484 369 484 369 511 348 511
737 1189 763 1189 763 1216 737 1216
68 1061 101 1061 101 1088 68 1088
270 979 307 979 307 1006 270 1006
275 289 312 289 312 316 275 316
529 1162 566 1162 566 1189 529 1189
792 1202 830 1202 830 1229 792 1229
743 531 759 531 759 558 743 558
676 1005 692 1005 692 1032 676 1032
668 1328 693 1328 693 1355 668 1355
664 1032 696 1032 696 1059 664 1059
594 1321 626 1321 626 1348 594 1348
602 501 637 501 637 528 602 528
468 660 505 660 505 687 468 687
726 885 764 885 764 912 726 912
198 1214 242 1214 242 1241 198 1241
349 1243 364 1243 364 1270 349 1270
478 525 497 525 497 552 478 552
411 555 432 555 432 582 411 582
605 1165 626 1165 626 1192 605 1192
736 913 764 913 764 940 736 940
738 617 767 617 767 644 738 644
202 1300 232 1300 232 1327 202 1327
732 1081 766 1081 766 1108 732 1108
265 1157 300 1157 300 1184 265 1184
399 350 443 350 443 377 399 377
541 1189 558 1189 558 1217 541 1217
343 556 364 556 364 584 343 584
608 1218 631 1218 631 1246 608 1246
203 1272 233 1272 233 1300 203 1300
669 324 701 324 701 352 669 352
69 658 105 658 105 686 69 686
401 989 438 989 438 1017 401 1017
332 586 370 586 370 614 332 614
336 1100 380 1100 380 1128 336 1128
278 742 299 742 299 770 278 770
792 1078 827 1078 827 1106 792 1106
264 1297 303 1297 303 1325 264 1325
80 1298 96 1298 96 1327 80 1327
550 556 575 556 575 585 550 585
665 948 702 948 702 977 665 977
408 648 437 648 437 677 408 677
275 891 305 891 305 920 275 920
793 797 831 797 831 826 793 826
743 409 760 409 760 438 743 438
409 1045 430 1045 430 1074 409 1074
603 1031 636 1031 636 1060 603 1060
402 426 437 426 437 455 402 455
203 670 241 670 241 699 203 699
71 555 110 555 110 584 71 584
68 523 107 523 107 552 68 552
471 1283 495 1283 495 1313 471 1313
602 851 631 851 631 881 602 881
667 663 703 663 703 693 667 693
403 524 446 524 446 554 403 554
150 1302 156 1302 156 1332 150 1332
146 996 165 996 165 1026 146 1026
479 627 499 627 499 657 479 657
475 1217 496 1217 496 1247 475 1247
543 677 565 677 565 707 543 707
277 678 304 678 304 708 277 708
737 318 765 318 765 348 737 348
73 1152 102 1152 102 1182 73 1182
667 1146 696 1146 696 1176 667 1176
202 491 236 491 236 521 202 521
404 934 439 934 439 964 404 964
205 790 243 790 243 820 205 820
360 854 369 854 369 884 360 884
800 1170 817 1170 817 1200 800 1200
74 1268 99 1268 99 1298 74 1298
735 1284 760 1284 760 1314 735 1314
269 771 302 771 302 801 269 801
663 848 702 848 702 878 663 878
739 854 758 854 758 885 739 885
273 946 299 946 299 977 273 977
735 649 765 649 765 680 735 680
667 812 697 812 697 843 667 843
139 491 172 491 172 522 139 522
131 1177 164 1177 164 1208 131 1208
540 705 574 705 574 736 540 736
537 1053 573 1053 573 1084 537 1084
530 1019 575 1019 575 1050 530 1050
406 1074 428 1074 428 1105 406 1105
466 1187 498 1187 498 1218 466 1218
469 1248 504 1248 504 1279 469 1279
402 726 437 726 437 757 402 757
800 1256 818 1256 818 1288 800 1288
539 1130 561 1130 561 1162 539 1162
537 1287 560 1287 560 1319 537 1319
603 995 632 995 632 1027 603 1027
286 238 318 238 318 270 286 270
273 317 310 317 310 349 273 349
481 714 498 714 498 746 481 746
604 579 634 579 634 611 604 611
141 637 173 637 173 669 141 669
274 710 304 710 304 742 274 742
729 1317 764 1317 764 1349 729 1349
475 1154 492 1154 492 1187 475 1187
270 543 301 543 301 576 270 576
206 1068 238 1068 238 1101 206 1101
732 1155 765 1155 765 1188 732 1188
344 448 378 448 378 481 344 481
797 532 832 532 832 565 797 565
728 983 770 983 770 1016 728 1016
127 1105 180 1105 180 1138 127 1138
336 1209 369 1209 369 1242 336 1242
471 551 508 551 508 584 471 584
270 617 308 617 308 650 270 650
335 1004 375 1004 375 1037 335 1037
273 648 305 648 305 681 273 681
536 366 569 366 569 399 536 399
667 548 705 548 705 581 667 581
198 1238 241 1238 241 1271 198 1271
275 1035 294 1035 294 1069 275 1069
739 493 769 493 769 527 739 527
736 437 771 437 771 471 736 471
732 757 768 757 768 791 732 791
407 761 443 761 443 795 407 795
272 490 309 490 309 524 272 524
537 439 574 439 574 473 537 473
353 1057 361 1057 361 1091 353 1091
540 858 562 858 562 892 540 892
69 1233 105 1233 105 1267 69 1267
666 293 709 293 709 327 666 327
533 1218 563 1218 563 1253 533 1253
667 1081 704 1081 704 1116 667 1116
727 1222 764 1222 764 1257 727 1257
136 603 177 603 177 638 136 638
79 948 94 948 94 983 79 983
345 360 373 360 373 395 345 395
534 1252 562 1252 562 1287 534 1287
469 1042 506 1042 506 1077 469 1077
733 558 774 558 774 593 733 593
348 963 365 963 365 998 348 998
545 521 565 521 565 556 545 556
797 914 827 914 827 949 797 949
603 327 637 327 637 362 603 362
340 926 374 926 374 961 340 961
69 388 107 388 107 423 69 423
664 625 707 625 707 660 664 660
349 647 366 647 366 683 349 683
794 565 826 565 826 601 794 601
338 815 372 815 372 851 338 851
794 602 830 602 830 638 794 638
595 1282 634 1282 634 1318 595 1318
270 1004 310 1004 310 1040 270 1040
401 460 443 460 443 496 401 496
198 937 241 937 241 973 198 973
541 975 563 975 563 1011 541 1011
799 496 831 496 831 532 799 532
264 1073 305 1073 305 1109 264 1109
204 631 246 631 246 667 204 667
476 1315 492 1315 492 1352 476 1352
800 1002 819 1002 819 1039 800 1039
540 401 569 401 569 438 540 438
799 459 831 459 831 496 799 496
663 1270 694 1270 694 1307 663 1307
735 346 772 346 772 383 735 383
270 802 307 802 307 839 270 839
535 606 574 606 574 643 535 643
345 1145 362 1145 362 1182 345 1182
606 360 631 360 631 397 606 397
67 1088 101 1088 101 1125 67 1125
729 941 769 941 769 978 729 978
401 797 444 797 444 834 401 834
474 862 496 862 496 900 474 900
792 368 831 368 831 406 792 406
211 1102 231 1102 231 1140 211 1140
534 643 568 643 568 681 534 681
468 319 506 319 506 357 468 357
210 875 232 875 232 913 210 913
795 712 832 712 832 750 795 750
397 1286 439 1286 439 1324 397 1324
64 1020 107 1020 107 1058 64 1058
479 586 502 586 502 625 479 625
540 1088 564 1088 564 1127 540 1127
607 953 632 953 632 992 607 992
73 983 104 983 104 1022 73 1022
663 743 706 743 706 782 663 782
465 823 511 823 511 862 465 862
800 1131 820 1131 820 1170 800 1170
737 377 760 377 760 416 737 416
472 1003 501 1003 501 1042 472 1042
794 1039 831 1039 831 1078 794 1078
665 486 704 486 704 525 665 525
465 1116 508 1116 508 1155 465 1155
64 1190 118 1190 118 1229 64 1229
795 413 835 413 835 453 795 453
335 888 378 888 378 928 335 928
268 403 312 403 312 443 268 443
738 813 761 813 761 853 738 853
346 514 369 514 369 554 346 554
275 832 300 832 300 872 275 872
793 665 829 665 829 705 793 705
537 322 575 322 575 362 537 362
131 1216 174 1216 174 1256 131 1256
76 322 97 322 97 362 76 362
338 319 376 319 376 359 338 359
469 484 512 484 512 524 469 524
276 448 307 448 307 489 276 489
259 195 292 195 292 236 259 236
468 925 505 925 505 966 468 966
535 763 573 763 573 804 535 804
151 1027 159 1027 159 1068 151 1068
143 766 173 766 173 807 143 807
136 811 176 811 176 852 136 852
598 755 641 755 641 796 598 796
71 615 101 615 101 656 71 656
403 1245 438 1245 438 1286 403 1286
664 881 699 881 699 922 664 922
790 876 834 876 834 917 790 917
532 915 576 915 576 957 532 957
205 397 241 397 241 439 205 439
132 1137 172 1137 172 1179 132 1179
467 965 508 965 508 1007 467 1007
68 750 111 750 111 792 68 792
465 358 505 358 505 401 465 401
401 1180 442 1180 442 1223 401 1223
401 603 442 603 442 646 401 646
202 1145 242 1145 242 1188 202 1188
402 879 443 879 443 922 402 922
670 583 704 583 704 626 670 626
668 697 703 697 703 741 668 741
603 908 641 908 641 952 603 952
602 530 640 530 640 574 602 574
400 837 449 837 449 881 400 881
468 1072 500 1072 500 1116 468 1116
792 749 831 749 831 793 792 793
142 379 173 379 173 424 142 424
401 678 444 678 444 723 401 723
263 1186 308 1186 308 1231 263 1231
674 401 700 401 700 447 674 447
138 904 173 904 173 950 138 950
133 1067 176 1067 176 1113 133 1113
539 475 576 475 576 521 539 521
800 290 824 290 824 337 800 337
474 746 499 746 499 793 474 793
265 1227 303 1227 303 1274 265 1274
202 587 248 587 248 634 202 634
609 397 635 397 635 445 609 445
671 352 701 352 701 400 671 400
140 854 170 854 170 902 140 902
599 798 637 798 637 846 599 846
339 768 372 768 372 816 339 816
794 952 829 952 829 1000 794 1000
729 1008 768 1008 768 1056 729 1056
203 1019 242 1019 242 1067 203 1067
138 670 178 670 178 719 138 719
406 378 436 378 436 427 406 427
129 1255 166 1255 166 1304 129 1304
140 715 177 715 177 764 140 764
137 523 175 523 175 572 137 572
272 349 313 349 313 398 272 398
136 446 180 446 180 495 136 495
790 827 825 827 825 877 790 877
75 423 102 423 102 474 75 474
598 1061 632 1061 632 1112 598 1112
204 967 234 967 234 1018 204 1018
598 695 641 695 641 746 598 746
342 397 371 397 371 449 342 449
71 818 106 818 106 870 71 870
341 683 371 683 371 736 341 736
469 430 505 430 505 483 469 483
732 683 773 683 773 738 732 738
205 289 241 289 241 345 205 345
