821 1305 832 1305 832 1314 821 1314
670 744 700 744 700 756 670 756
670 980 698 980 698 993 670 993
741 636 770 636 770 650 741 650
735 949 762 949 762 964 735 964
334 602 361 602 361 618 334 618
328 1291 358 1291 358 1307 328 1307
394 1327 431 1327 431 1343 394 1343
684 473 696 473 696 489 684 489
661 1083 703 1083 703 1099 661 1099
464 1329 493 1329 493 1346 464 1346
674 1064 699 1064 699 1081 674 1081
612 361 636 361 636 378 612 378
664 1331 694 1331 694 1349 664 1349
802 832 832 832 832 850 802 850
604 462 644 462 644 480 604 480
538 506 580 506 580 524 538 524
198 787 218 787 218 805 198 805
806 1099 827 1099 827 1118 806 1118
64 693 85 693 85 712 64 712
66 331 90 331 90 350 66 350
67 1354 81 1354 81 1374 67 1374
199 328 221 328 221 348 199 348
336 548 359 548 359 568 336 568
134 328 158 328 158 348 134 348
674 554 707 554 707 575 674 575
729 1164 765 1164 765 1185 729 1185
135 746 157 746 157 767 135 767
331 1231 353 1231 353 1252 331 1252
127 913 157 913 157 934 127 934
607 382 644 382 644 403 607 403
322 963 367 963 367 984 322 984
604 1055 625 1055 625 1076 604 1076
269 753 284 753 284 775 269 775
63 911 84 911 84 933 63 933
63 1188 84 1188 84 1210 63 1210
667 643 705 643 705 665 667 665
658 1208 700 1208 700 1230 658 1230
735 592 780 592 780 614 735 614
529 958 565 958 565 980 529 980
727 1310 770 1310 770 1332 727 1332
796 983 841 983 841 1005 796 1005
333 749 355 749 355 772 333 772
191 943 219 943 219 966 191 966
802 1353 827 1353 827 1376 802 1376
394 732 430 732 430 755 394 755
731 999 769 999 769 1022 731 1022
401 892 423 892 423 916 401 916
215 417 238 417 238 441 215 441
600 703 634 703 634 727 600 727
259 1189 296 1189 296 1213 259 1213
265 625 288 625 288 649 265 649
397 1243 425 1243 425 1267 397 1267
465 1086 499 1086 499 1110 465 1110
750 535 766 535 766 559 750 559
808 960 831 960 831 984 808 984
191 413 215 413 215 437 191 437
669 686 703 686 703 710 669 710
664 806 698 806 698 830 664 830
263 1008 286 1008 286 1033 263 1033
129 855 160 855 160 880 129 880
262 1232 285 1232 285 1257 262 1257
538 592 572 592 572 617 538 617
263 1105 300 1105 300 1130 263 1130
126 778 166 778 166 803 126 803
531 1056 576 1056 576 1081 531 1081
463 884 498 884 498 910 463 910
329 866 358 866 358 892 329 892
736 424 775 424 775 450 736 450
466 716 506 716 506 742 466 742
265 1130 285 1130 285 1156 265 1156
62 1326 84 1326 84 1352 62 1352
467 413 498 413 498 439 467 439
809 437 843 437 843 463 809 463
185 968 225 968 225 994 185 994
659 1349 700 1349 700 1375 659 1375
745 606 768 606 768 633 745 633
528 1208 562 1208 562 1235 528 1235
465 529 503 529 503 556 465 556
658 1179 698 1179 698 1206 658 1206
737 1185 750 1185 750 1212 737 1212
220 443 232 443 232 471 220 471
815 504 829 504 829 532 815 532
395 836 428 836 428 864 395 864
743 369 779 369 779 397 743 397
457 1346 496 1346 496 1374 457 1374
64 1126 77 1126 77 1154 64 1154
674 1306 690 1306 690 1334 674 1334
469 1302 486 1302 486 1330 469 1330
746 397 779 397 779 425 746 425
537 927 558 927 558 955 537 955
470 1135 492 1135 492 1163 470 1163
733 1282 768 1282 768 1310 733 1310
594 1201 631 1201 631 1229 594 1229
534 778 572 778 572 806 534 806
465 1104 493 1104 493 1133 465 1133
604 400 639 400 639 429 604 429
261 561 297 561 297 590 261 590
599 917 636 917 636 946 599 946
328 648 366 648 366 677 328 677
736 796 781 796 781 825 736 825
609 1025 621 1025 621 1054 609 1054
666 882 698 882 698 911 666 911
54 719 90 719 90 748 54 748
405 1037 420 1037 420 1066 405 1066
478 592 494 592 494 621 478 621
676 948 693 948 693 977 676 977
334 620 365 620 365 649 334 649
598 1232 629 1232 629 1261 598 1261
598 1300 630 1300 630 1329 598 1329
396 973 432 973 432 1002 396 1002
799 1162 837 1162 837 1191 799 1191
198 718 214 718 214 748 198 748
263 1257 287 1257 287 1287 263 1287
598 1123 630 1123 630 1153 598 1153
120 935 158 935 158 965 120 965
665 710 708 710 708 740 665 740
605 514 648 514 648 544 605 544
267 815 284 815 284 845 267 845
336 976 356 976 356 1006 336 1006
339 330 363 330 363 360 339 360
686 441 715 441 715 471 686 471
468 622 498 622 498 652 468 652
597 1273 631 1273 631 1303 597 1303
600 954 634 954 634 984 600 984
191 440 207 440 207 471 191 471
743 890 760 890 760 921 743 921
262 978 282 978 282 1009 262 1009
254 1208 297 1208 297 1239 254 1239
408 1341 424 1341 424 1372 408 1372
263 1156 285 1156 285 1187 263 1187
734 917 765 917 765 948 734 948
262 442 296 442 296 473 262 473
674 523 709 523 709 554 674 554
466 944 505 944 505 975 466 975
621 430 635 430 635 461 621 461
208 840 232 840 232 871 208 871
536 1344 564 1344 564 1375 536 1375
805 404 839 404 839 435 805 435
599 779 646 779 646 810 599 810
409 1267 417 1267 417 1299 409 1299
66 833 80 833 80 865 66 865
741 558 771 558 771 590 741 590
467 684 501 684 501 716 467 716
258 879 293 879 293 911 258 911
58 657 95 657 95 689 58 689
256 687 293 687 293 719 256 719
483 653 493 653 493 685 483 685
135 882 152 882 152 914 135 914
539 658 571 658 571 690 539 690
334 477 369 477 369 509 334 509
731 1134 769 1134 769 1166 731 1166
392 1071 440 1071 440 1103 392 1103
807 929 829 929 829 962 807 962
264 946 287 946 287 979 264 979
466 1267 492 1267 492 1300 466 1300
341 361 369 361 369 394 341 394
676 411 707 411 707 444 676 444
667 1033 701 1033 701 1066 667 1066
466 1052 501 1052 501 1085 466 1085
262 590 297 590 297 623 262 623
662 1231 699 1231 699 1264 662 1264
526 1311 567 1311 567 1344 526 1344
398 328 443 328 443 361 398 361
198 912 213 912 213 945 198 945
670 487 704 487 704 520 670 520
396 943 430 943 430 976 396 976
737 968 773 968 773 1001 737 1001
254 844 295 844 295 877 254 877
269 1037 291 1037 291 1070 269 1070
469 327 503 327 503 360 469 360
805 531 839 531 839 564 805 564
799 1198 835 1198 835 1231 799 1231
530 887 573 887 573 920 530 920
602 329 647 329 647 362 602 362
682 658 699 658 699 692 682 692
542 1174 571 1174 571 1208 542 1208
60 626 94 626 94 660 60 660
732 820 775 820 775 854 732 854
259 1339 303 1339 303 1373 259 1373
732 854 779 854 779 888 732 888
807 799 827 799 827 833 807 833
607 670 640 670 640 704 607 704
801 1125 836 1125 836 1159 801 1159
329 679 367 679 367 713 329 713
469 557 511 557 511 591 469 591
738 1023 754 1023 754 1057 738 1057
405 915 423 915 423 949 405 949
132 586 162 586 162 620 132 620
59 867 90 867 90 901 59 901
55 1258 86 1258 86 1292 55 1292
267 354 298 354 298 388 267 388
54 1152 88 1152 88 1186 54 1186
123 707 159 707 159 741 123 741
327 1112 365 1112 365 1146 327 1146
798 1272 837 1272 837 1306 798 1306
399 860 434 860 434 895 399 895
328 569 370 569 370 604 328 604
393 1005 437 1005 437 1040 393 1040
341 893 352 893 352 928 341 928
394 1288 430 1288 430 1323 394 1323
334 395 375 395 375 430 334 430
546 1075 558 1075 558 1111 546 1111
266 910 286 910 286 946 266 946
670 1097 693 1097 693 1133 670 1133
332 926 356 926 356 962 332 962
200 521 229 521 229 557 200 557
533 1273 564 1273 564 1309 533 1309
192 745 225 745 225 781 192 781
125 669 163 669 163 705 125 705
57 543 98 543 98 579 57 579
55 459 104 459 104 495 55 495
404 404 433 404 433 440 404 440
667 995 705 995 705 1031 667 1031
795 1234 836 1234 836 1270 795 1270
807 465 831 465 831 501 807 501
796 729 828 729 828 765 796 765
533 981 565 981 565 1017 533 1017
401 644 437 644 437 680 401 680
799 369 849 369 849 405 799 405
270 651 286 651 286 688 270 688
402 443 427 443 427 480 402 480
473 488 505 488 505 525 473 525
730 1207 762 1207 762 1244 730 1244
801 849 838 849 838 886 801 886
187 809 228 809 228 846 187 846
393 758 435 758 435 795 393 795
461 909 503 909 503 946 461 946
257 1069 299 1069 299 1106 257 1106
528 1239 570 1239 570 1276 528 1276
464 1017 507 1017 507 1054 464 1054
457 1228 502 1228 502 1265 457 1265
340 511 357 511 357 548 340 548
187 555 240 555 240 592 187 592
741 1332 756 1332 756 1370 741 1370
473 795 495 795 495 833 473 833
400 481 440 481 440 519 400 519
321 1252 366 1252 366 1290 321 1290
602 984 631 984 631 1022 602 1022
599 1160 630 1160 630 1198 599 1198
328 1193 361 1193 361 1231 328 1231
260 717 294 717 294 755 260 755
393 1109 432 1109 432 1147 393 1147
191 873 217 873 217 911 191 911
536 621 575 621 575 659 536 659
461 978 504 978 504 1016 461 1016
621 749 636 749 636 788 621 788
601 725 639 725 639 764 601 764
796 1315 837 1315 837 1354 796 1354
728 1241 775 1241 775 1280 728 1280
549 523 562 523 562 562 549 562
682 574 696 574 696 613 682 613
533 1136 563 1136 563 1175 533 1175
675 323 715 323 715 362 675 362
798 684 840 684 840 723 798 723
333 709 355 709 355 749 333 749
675 602 707 602 707 642 675 642
193 594 229 594 229 634 193 634
259 477 304 477 304 517 259 517
603 1074 620 1074 620 1114 603 1114
607 590 633 590 633 630 607 630
128 810 162 810 162 850 128 850
534 378 574 378 574 418 534 418
409 556 427 556 427 596 409 596
816 887 837 887 837 927 816 927
403 796 427 796 427 836 403 836
538 1017 564 1017 564 1057 538 1057
129 545 165 545 165 585 129 585
268 518 293 518 293 559 268 559
61 752 92 752 92 793 61 793
605 630 637 630 637 671 605 671
407 515 436 515 436 556 407 556
742 327 772 327 772 368 742 368
59 497 99 497 99 538 59 538
321 822 372 822 372 863 321 863
533 846 571 846 571 887 533 887
748 450 765 450 765 492 748 492
60 1285 81 1285 81 1327 60 1327
732 1053 767 1053 767 1095 732 1095
533 801 570 801 570 843 533 843
408 360 435 360 435 402 408 402
600 1329 625 1329 625 1372 600 1372
659 1265 701 1265 701 1308 659 1308
726 1091 771 1091 771 1134 726 1134
55 1213 95 1213 95 1256 55 1256
194 472 240 472 240 515 194 515
741 487 780 487 780 530 741 530
255 1293 296 1293 296 1337 255 1337
55 994 100 994 100 1038 55 1038
55 411 100 411 100 455 55 455
189 686 227 686 227 730 189 730
735 751 777 751 777 795 735 795
390 1150 433 1150 433 1194 390 1194
398 595 442 595 442 639 398 639
546 690 563 690 563 735 546 735
56 789 87 789 87 834 56 834
662 908 702 908 702 953 662 953
662 834 707 834 707 879 662 879
329 1009 355 1009 355 1054 329 1054
799 1049 839 1049 839 1094 799 1094
736 656 776 656 776 701 736 701
326 774 367 774 367 819 326 819
197 359 231 359 231 404 197 404
324 1150 360 1150 360 1195 324 1195
128 505 169 505 169 550 128 550
812 999 820 999 820 1045 812 1045
673 362 705 362 705 408 673 408
607 475 640 475 640 521 607 521
55 1090 91 1090 91 1136 55 1136
464 363 511 363 511 409 464 409
126 401 173 401 173 447 126 447
545 545 556 545 556 591 545 591
56 580 97 580 97 626 56 626
659 1132 702 1132 702 1179 659 1179
385 1196 432 1196 432 1243 385 1243
602 540 644 540 644 588 602 588
537 736 579 736 579 784 537 784
800 323 847 323 847 371 800 371
335 429 368 429 368 477 335 477
797 756 835 756 835 804 797 804
664 756 704 756 704 805 664 805
260 765 285 765 285 814 260 814
463 834 505 834 505 883 463 883
536 328 580 328 580 378 536 378
542 1090 551 1090 551 1141 542 1141
58 1040 87 1040 87 1091 58 1091
191 634 226 634 226 686 191 686
467 744 507 744 507 796 467 796
395 680 438 680 438 732 395 732
468 438 501 438 501 491 468 491
125 615 167 615 167 669 125 669
259 388 305 388 305 443 259 443
56 935 90 935 90 991 56 991
733 696 770 696 770 752 733 752
124 454 166 454 166 510 124 510
809 563 845 563 845 623 809 623
459 1166 499 1166 499 1226 459 1226
