373 487 382 487 382 493 373 493
771 424 798 424 798 431 771 431
508 1151 520 1151 520 1158 508 1158
513 840 527 840 527 848 513 848
447 440 459 440 459 449 447 449
510 927 529 927 529 936 510 936
703 1270 717 1270 717 1280 703 1280
377 642 393 642 393 652 377 652
777 1221 795 1221 795 1231 777 1231
436 1356 449 1356 449 1366 436 1366
636 1069 650 1069 650 1080 636 1080
644 1256 654 1256 654 1267 644 1267
514 848 525 848 525 859 514 859
446 981 462 981 462 992 446 992
503 526 523 526 523 537 503 537
770 1166 782 1166 782 1178 770 1178
307 759 324 759 324 772 307 772
314 1365 325 1365 325 1378 314 1378
446 388 457 388 457 402 446 402
683 786 716 786 716 800 683 800
507 1064 524 1064 524 1079 507 1079
688 958 721 958 721 973 688 973
899 633 912 633 912 649 899 649
361 1356 377 1356 377 1372 361 1372
241 365 251 365 251 381 241 381
309 812 325 812 325 829 309 829
310 1318 322 1318 322 1335 310 1335
829 712 849 712 849 729 829 729
761 760 783 760 783 778 761 778
374 1174 388 1174 388 1193 374 1193
485 693 513 693 513 712 485 712
568 468 579 468 579 487 568 487
625 1303 639 1303 639 1322 625 1322
777 523 798 523 798 542 777 542
155 753 176 753 176 772 155 772
278 741 314 741 314 760 278 760
445 1026 459 1026 459 1046 445 1046
212 442 240 442 240 463 212 463
824 912 854 912 854 933 824 933
230 415 252 415 252 436 230 436
479 1004 518 1004 518 1025 479 1025
554 1322 576 1322 576 1343 554 1343
695 1129 710 1129 710 1151 695 1151
627 1117 644 1117 644 1139 627 1139
481 1158 513 1158 513 1180 481 1180
545 596 600 596 600 618 545 618
611 1352 647 1352 647 1374 611 1374
344 1109 384 1109 384 1131 344 1131
695 755 716 755 716 778 695 778
764 967 785 967 785 990 764 990
629 607 650 607 650 630 629 630
692 1171 713 1171 713 1194 692 1194
686 1026 718 1026 718 1049 686 1049
686 902 721 902 721 925 686 925
630 698 649 698 649 721 630 721
691 586 713 586 713 609 691 609
415 328 458 328 458 351 415 351
831 888 850 888 850 912 831 912
829 294 853 294 853 318 829 318
764 851 790 851 790 875 764 875
894 604 915 604 915 628 894 628
348 575 390 575 390 599 348 599
697 842 717 842 717 867 697 867
349 1036 374 1036 374 1061 349 1061
826 735 851 735 851 760 826 760
770 473 801 473 801 498 770 498
552 746 588 746 588 771 552 771
891 650 933 650 933 675 891 675
623 629 657 629 657 654 623 654
208 383 255 383 255 408 208 408
761 705 779 705 779 731 761 731
556 950 574 950 574 976 556 976
749 296 794 296 794 322 749 322
776 544 794 544 794 570 776 570
275 935 322 935 322 961 275 961
780 497 797 497 797 523 780 523
765 358 785 358 785 384 765 384
550 877 583 877 583 903 550 903
619 445 654 445 654 471 619 471
344 1281 382 1281 382 1307 344 1307
819 935 858 935 858 961 819 961
412 956 457 956 457 982 412 982
550 975 580 975 580 1002 550 1002
413 756 456 756 456 783 413 783
769 442 798 442 798 469 769 469
348 950 384 950 384 977 348 977
757 907 799 907 799 934 757 934
750 1304 794 1304 794 1331 750 1331
682 637 715 637 715 665 682 665
552 357 587 357 587 385 552 385
159 652 175 652 175 680 159 680
154 808 175 808 175 836 154 836
623 504 654 504 654 532 623 532
161 203 196 203 196 231 161 231
550 329 589 329 589 357 550 357
276 580 321 580 321 608 276 608
142 905 187 905 187 933 142 933
275 421 322 421 322 449 275 449
343 917 390 917 390 945 343 945
693 330 714 330 714 359 693 359
830 832 857 832 857 861 830 861
619 474 660 474 660 503 619 503
896 421 915 421 915 450 896 450
624 369 653 369 653 398 624 398
413 878 450 878 450 907 413 907
682 609 724 609 724 638 682 638
749 383 793 383 793 412 749 412
830 647 847 647 847 676 830 676
349 834 375 834 375 863 349 863
751 933 791 933 791 962 751 962
751 788 793 788 793 817 751 817
270 1176 320 1176 320 1205 270 1205
686 1238 721 1238 721 1268 686 1268
416 590 454 590 454 620 416 620
275 1259 318 1259 318 1289 275 1289
476 971 524 971 524 1001 476 1001
567 561 583 561 583 591 567 591
754 820 794 820 794 850 754 850
689 924 722 924 722 955 689 955
481 850 516 850 516 881 481 881
823 802 860 802 860 833 823 833
482 662 522 662 522 693 482 693
155 965 176 965 176 996 155 996
487 627 511 627 511 658 487 658
149 998 182 998 182 1029 149 1029
476 813 516 813 516 844 476 844
154 935 173 935 173 966 154 966
349 494 373 494 373 525 349 525
548 1208 582 1208 582 1239 548 1239
889 570 927 570 927 601 889 601
619 1006 663 1006 663 1037 619 1037
284 1008 306 1008 306 1040 284 1040
756 726 793 726 793 758 756 758
684 356 722 356 722 388 684 388
565 1285 574 1285 574 1317 565 1317
760 995 788 995 788 1027 760 1027
348 752 383 752 383 784 348 784
545 1096 581 1096 581 1128 545 1128
345 408 383 408 383 440 345 440
549 1341 592 1341 592 1373 549 1373
690 472 728 472 728 505 690 505
412 1228 452 1228 452 1261 412 1261
759 873 784 873 784 906 759 906
557 535 590 535 590 568 557 568
687 1092 721 1092 721 1125 687 1125
686 389 722 389 722 422 686 422
413 1263 453 1263 453 1296 413 1296
344 371 390 371 390 404 344 404
284 653 306 653 306 686 284 686
285 325 308 325 308 358 285 358
147 871 178 871 178 904 147 904
618 768 658 768 658 801 618 801
885 451 926 451 926 484 885 484
558 430 593 430 593 464 558 464
758 1090 794 1090 794 1124 758 1124
688 1203 724 1203 724 1237 688 1237
156 836 165 836 165 870 156 870
500 366 510 366 510 400 500 400
688 865 722 865 722 899 688 899
754 1123 790 1123 790 1157 754 1157
619 1083 655 1083 655 1117 619 1117
619 1036 657 1036 657 1070 619 1070
412 714 454 714 454 748 412 748
479 1285 525 1285 525 1319 479 1319
680 1335 728 1335 728 1369 680 1369
763 322 788 322 788 357 763 357
627 534 652 534 652 569 627 569
619 1187 652 1187 652 1222 619 1222
150 714 184 714 184 749 150 749
481 417 519 417 519 452 481 452
477 1117 517 1117 517 1152 477 1152
144 591 185 591 185 626 144 626
476 934 518 934 518 969 476 969
885 535 930 535 930 570 885 570
417 626 453 626 453 661 417 661
283 500 321 500 321 535 283 535
822 566 860 566 860 601 822 601
559 606 587 606 587 641 559 641
484 593 519 593 519 628 484 628
618 1224 656 1224 656 1259 618 1259
274 1091 314 1091 314 1126 274 1126
142 777 184 777 184 812 142 812
628 570 645 570 645 606 628 606
133 205 158 205 158 241 133 241
548 1059 581 1059 581 1095 548 1095
484 485 521 485 521 521 484 521
623 657 656 657 656 693 623 693
821 318 855 318 855 354 821 354
414 835 450 835 450 871 414 871
816 203 862 203 862 239 816 239
754 242 795 242 795 279 754 279
824 241 867 241 867 278 824 278
346 1065 393 1065 393 1102 346 1102
149 679 174 679 174 716 149 716
620 330 658 330 658 367 620 367
273 1294 315 1294 315 1331 273 1331
885 491 928 491 928 528 885 528
139 553 185 553 185 590 139 590
274 539 323 539 323 576 274 576
825 764 851 764 851 802 825 802
486 328 518 328 518 366 486 366
685 1053 724 1053 724 1091 685 1091
408 992 450 992 450 1030 408 1030
277 455 324 455 324 493 277 493
541 1128 590 1128 590 1166 541 1166
824 674 851 674 851 712 824 712
615 1264 648 1264 648 1302 615 1302
823 490 861 490 861 528 823 528
481 1030 519 1030 519 1068 481 1068
346 326 389 326 389 364 346 364
549 699 592 699 592 737 549 737
272 1337 320 1337 320 1375 272 1375
342 1231 380 1231 380 1269 342 1269
414 789 453 789 453 827 414 827
145 459 186 459 186 497 145 497
277 889 312 889 312 928 277 928
275 1132 314 1132 314 1171 275 1171
409 1042 451 1042 451 1081 409 1081
750 1183 792 1183 792 1222 750 1222
751 573 794 573 794 612 751 612
894 379 915 379 915 418 894 418
624 888 652 888 652 927 624 927
160 231 191 231 191 270 160 270
481 727 514 727 514 766 481 766
414 448 450 448 450 487 414 487
347 707 385 707 385 746 347 746
752 200 790 200 790 239 752 239
477 770 517 770 517 809 477 809
346 1315 379 1315 379 1355 346 1355
408 1185 452 1185 452 1225 408 1225
140 293 185 293 185 333 140 333
686 800 718 800 718 840 686 840
823 454 860 454 860 494 823 494
144 418 183 418 183 458 144 458
277 610 317 610 317 650 277 650
550 652 592 652 592 692 550 692
345 532 395 532 395 572 345 572
276 696 326 696 326 736 276 736
897 732 918 732 918 772 897 772
481 1236 518 1236 518 1276 481 1276
348 985 383 985 383 1026 348 1026
481 1078 517 1078 517 1119 481 1119
413 912 460 912 460 953 413 953
758 1264 784 1264 784 1305 758 1305
348 602 388 602 388 643 348 643
822 405 864 405 864 446 822 446
750 669 792 669 792 710 750 710
342 1184 388 1184 388 1225 342 1225
757 1329 786 1329 786 1370 757 1370
415 546 451 546 451 587 415 587
348 869 387 869 387 910 348 910
630 723 651 723 651 765 630 765
822 526 860 526 860 568 822 568
748 1225 790 1225 790 1267 748 1267
481 1327 528 1327 528 1369 481 1369
343 1136 391 1136 391 1178 343 1178
149 621 175 621 175 663 149 663
680 662 720 662 720 704 680 704
821 852 862 852 862 894 821 894
616 846 667 846 667 888 616 888
151 380 171 380 171 423 151 423
693 544 713 544 713 587 693 587
146 338 184 338 184 381 146 381
410 1081 448 1081 448 1124 410 1124
414 661 458 661 458 704 414 704
555 384 584 384 584 427 555 427
825 358 861 358 861 401 825 401
684 504 727 504 727 547 684 547
624 802 652 802 652 845 624 845
547 905 585 905 585 948 547 948
274 960 315 960 315 1004 274 1004
555 1161 577 1161 577 1206 555 1206
683 1288 719 1288 719 1333 683 1333
274 1210 318 1210 318 1255 274 1255
483 1185 524 1185 524 1230 483 1230
755 1035 797 1035 797 1080 755 1080
413 495 458 495 458 540 413 540
887 330 925 330 925 376 887 376
689 978 718 978 718 1024 689 1024
893 683 926 683 926 729 893 729
412 1133 450 1133 450 1179 412 1179
486 546 513 546 513 593 486 593
625 397 653 397 653 444 625 444
275 1042 317 1042 317 1089 275 1089
415 1302 447 1302 447 1349 415 1349
550 1239 587 1239 587 1287 550 1287
566 489 575 489 575 537 566 537
210 326 252 326 252 374 210 374
683 421 721 421 721 470 683 470
139 504 181 504 181 554 139 554
344 653 386 653 386 703 344 703
275 362 318 362 318 412 275 412
821 596 861 596 861 648 821 648
277 767 312 767 312 820 277 820
683 700 718 700 718 755 683 755
749 614 791 614 791 671 749 671
552 1003 580 1003 580 1060 552 1060
275 826 318 826 318 883 275 883
