426 1126 436 1126 436 1133 426 1133
80 1013 93 1013 93 1021 80 1021
282 551 300 551 300 562 282 562
273 1331 294 1331 294 1342 273 1342
128 619 142 619 142 631 128 631
612 1180 637 1180 637 1192 612 1192
411 677 427 677 427 690 411 690
55 1263 78 1263 78 1276 55 1276
683 432 708 432 708 446 683 446
269 1019 285 1019 285 1033 269 1033
480 1337 496 1337 496 1351 480 1351
618 838 634 838 634 853 618 853
332 777 358 777 358 792 332 792
819 1166 848 1166 848 1181 819 1181
259 484 267 484 267 499 259 499
254 594 265 594 265 610 254 610
339 483 354 483 354 499 339 499
480 948 497 948 497 965 480 965
259 466 269 466 269 483 259 483
280 1311 292 1311 292 1328 280 1328
837 1360 859 1360 859 1377 837 1377
58 1145 81 1145 81 1162 58 1162
817 1120 849 1120 849 1137 817 1137
195 1359 211 1359 211 1377 195 1377
247 1319 264 1319 264 1337 247 1337
56 715 74 715 74 733 56 733
281 500 305 500 305 518 281 518
827 1379 843 1379 843 1397 827 1397
401 332 442 332 442 351 401 351
53 433 81 433 81 453 53 453
687 517 704 517 704 537 687 537
819 488 846 488 846 508 819 508
398 730 437 730 437 750 398 750
320 945 361 945 361 965 320 965
829 933 843 933 843 954 829 954
476 1355 490 1355 490 1376 476 1376
278 691 299 691 299 712 278 712
280 639 304 639 304 660 280 660
601 1382 640 1382 640 1403 601 1403
265 961 282 961 282 982 265 982
193 1380 211 1380 211 1401 193 1401
679 882 710 882 710 903 679 903
481 404 493 404 493 426 481 426
826 644 844 644 844 666 826 666
61 806 82 806 82 828 61 828
271 1343 296 1343 296 1365 271 1365
330 535 365 535 365 557 330 557
623 461 637 461 637 483 623 483
615 338 650 338 650 360 615 360
293 662 297 662 297 685 293 685
60 657 73 657 73 680 60 680
252 529 267 529 267 552 252 552
277 563 302 563 302 586 277 586
604 1262 637 1262 637 1285 604 1285
552 439 568 439 568 462 552 462
755 1277 773 1277 773 1300 755 1300
617 991 635 991 635 1014 617 1014
614 1358 637 1358 637 1381 614 1381
259 1039 295 1039 295 1062 259 1062
466 1376 502 1376 502 1399 466 1399
409 917 426 917 426 940 409 940
58 381 75 381 75 404 58 404
246 1201 265 1201 265 1224 246 1224
277 1235 293 1235 293 1259 277 1259
244 1295 260 1295 260 1319 244 1319
686 933 703 933 703 957 686 957
265 1140 282 1140 282 1164 265 1164
472 595 502 595 502 619 472 619
330 723 361 723 361 747 330 747
401 357 436 357 436 381 401 381
401 449 439 449 439 473 401 473
416 470 427 470 427 494 416 494
197 1078 213 1078 213 1102 197 1102
684 410 703 410 703 434 684 434
548 368 571 368 571 392 548 392
819 1221 850 1221 850 1245 819 1245
608 926 645 926 645 950 608 950
616 1125 632 1125 632 1150 616 1150
685 762 705 762 705 787 685 787
826 831 847 831 847 856 826 856
612 552 642 552 642 577 612 577
475 1281 488 1281 488 1306 475 1306
64 406 78 406 78 431 64 431
617 776 632 776 632 801 617 801
829 805 846 805 846 830 829 830
407 1289 425 1289 425 1314 407 1314
750 812 781 812 781 837 750 837
400 894 433 894 433 919 400 919
47 454 82 454 82 479 47 479
610 582 647 582 647 607 610 607
258 791 296 791 296 816 258 816
256 617 265 617 265 642 256 642
337 418 355 418 355 443 337 443
339 504 358 504 358 529 339 529
479 1147 499 1147 499 1172 479 1172
280 613 304 613 304 638 280 638
240 1337 267 1337 267 1362 240 1362
52 1377 88 1377 88 1403 52 1403
288 520 299 520 299 546 288 546
413 612 425 612 425 638 413 638
335 920 355 920 355 946 335 946
67 1349 89 1349 89 1375 67 1375
197 1301 211 1301 211 1328 197 1328
826 458 844 458 844 485 826 485
327 668 359 668 359 695 327 695
818 509 852 509 852 536 818 536
468 1124 506 1124 506 1151 468 1151
256 643 269 643 269 670 256 670
761 666 775 666 775 693 761 693
759 447 776 447 776 474 759 474
279 586 304 586 304 613 279 613
260 1164 289 1164 289 1191 260 1191
190 836 224 836 224 863 190 863
132 412 144 412 144 439 132 439
267 817 283 817 283 844 267 844
473 998 498 998 498 1025 473 1025
401 1055 433 1055 433 1082 401 1082
50 1229 83 1229 83 1256 50 1256
408 1231 426 1231 426 1259 408 1259
124 562 143 562 143 590 124 590
610 1150 635 1150 635 1178 610 1178
678 369 712 369 712 397 678 397
815 1138 852 1138 852 1166 815 1166
466 619 503 619 503 647 466 647
48 1201 86 1201 86 1229 48 1229
324 748 363 748 363 776 324 776
830 696 847 696 847 724 830 724
184 1014 215 1014 215 1042 184 1042
64 861 76 861 76 890 64 890
244 1264 265 1264 265 1293 244 1293
191 635 219 635 219 664 191 664
613 427 642 427 642 456 613 456
606 1199 637 1199 637 1228 606 1228
189 532 222 532 222 561 189 561
479 967 497 967 497 996 479 996
330 891 359 891 359 920 330 920
816 1018 848 1018 848 1047 816 1047
674 904 711 904 711 933 674 933
813 954 852 954 852 983 813 983
398 1083 437 1083 437 1112 398 1112
476 426 499 426 499 455 476 455
401 797 431 797 431 826 401 826
121 795 154 795 154 824 121 824
54 1073 88 1073 88 1102 54 1102
607 1092 643 1092 643 1121 607 1121
746 997 783 997 783 1026 746 1026
817 1288 856 1288 856 1317 817 1317
609 896 641 896 641 926 609 926
400 699 437 699 437 729 400 729
401 1020 438 1020 438 1050 401 1050
188 448 230 448 230 478 188 478
677 957 721 957 721 987 677 987
57 776 80 776 80 806 57 806
611 1327 636 1327 636 1357 611 1357
400 1259 428 1259 428 1289 400 1289
195 802 227 802 227 832 195 832
402 497 437 497 437 527 402 527
470 1026 507 1026 507 1056 470 1056
277 1199 291 1199 291 1230 277 1230
624 360 640 360 640 391 624 391
476 882 499 882 499 913 476 913
123 440 152 440 152 471 123 471
750 1300 780 1300 780 1331 750 1331
545 462 576 462 576 493 545 493
692 654 708 654 708 685 692 685
619 608 636 608 636 639 619 639
252 498 271 498 271 529 252 529
823 1087 846 1087 846 1118 823 1118
252 670 279 670 279 701 252 701
53 889 82 889 82 920 53 920
610 1011 639 1011 639 1042 610 1042
189 1046 219 1046 219 1077 189 1077
402 940 433 940 433 971 402 971
401 864 432 864 432 895 401 895
187 1328 219 1328 219 1359 187 1359
397 1369 434 1369 434 1400 397 1400
616 483 644 483 644 514 616 514
612 675 646 675 646 706 612 706
813 609 858 609 858 640 813 640
480 568 494 568 494 600 480 600
481 367 497 367 497 399 481 399
285 467 301 467 301 499 285 499
248 1232 266 1232 266 1264 248 1264
681 540 712 540 712 572 681 572
189 561 220 561 220 593 189 593
469 1306 503 1306 503 1338 469 1338
342 691 354 691 354 723 342 723
129 762 147 762 147 794 129 794
478 1056 497 1056 497 1088 478 1088
53 934 85 934 85 966 53 966
51 1109 86 1109 86 1141 51 1141
194 983 211 983 211 1016 194 1016
753 694 785 694 785 727 753 727
612 859 646 859 646 892 612 892
476 692 511 692 511 725 476 725
192 374 229 374 229 407 192 407
755 1137 769 1137 769 1170 755 1170
757 780 775 780 775 813 757 813
265 332 296 332 296 365 265 365
51 681 82 681 82 714 51 714
819 900 852 900 852 933 819 933
327 361 362 361 362 394 327 394
259 716 294 716 294 749 259 749
470 913 506 913 506 946 470 946
745 1209 781 1209 781 1242 745 1242
476 1209 500 1209 500 1242 476 1242
330 392 358 392 358 425 330 425
470 1173 503 1173 503 1206 470 1206
544 622 571 622 571 656 544 656
612 801 643 801 643 835 612 835
749 1104 779 1104 779 1138 749 1138
545 329 580 329 580 363 545 363
468 771 507 771 507 805 468 805
119 476 160 476 160 510 119 510
324 326 365 326 365 360 324 360
254 556 270 556 270 591 254 591
759 965 776 965 776 1000 759 1000
57 969 89 969 89 1004 57 1004
121 646 156 646 156 681 121 681
259 750 295 750 295 785 259 785
333 633 359 633 359 668 333 668
60 1315 86 1315 86 1350 60 1350
259 983 290 983 290 1018 259 1018
120 586 152 586 152 621 120 621
468 1089 501 1089 501 1124 468 1124
188 1266 222 1266 222 1301 188 1301
472 337 506 337 506 372 472 372
331 562 365 562 365 597 331 597
49 737 86 737 86 772 49 772
328 445 359 445 359 480 328 480
189 336 226 336 226 371 189 371
679 684 716 684 716 719 679 719
400 983 439 983 439 1018 400 1018
813 987 856 987 856 1022 813 1022
742 1030 786 1030 786 1065 742 1065
815 666 861 666 861 701 815 701
409 828 427 828 427 864 409 864
755 367 787 367 787 403 755 403
191 599 226 599 226 635 191 635
191 866 227 866 227 902 191 902
51 828 88 828 88 864 51 864
748 1062 785 1062 785 1098 748 1098
679 842 719 842 719 878 679 878
480 459 496 459 496 495 480 495
687 470 706 470 706 506 687 506
262 1103 288 1103 288 1139 262 1139
406 412 436 412 436 448 406 448
746 1174 777 1174 777 1210 746 1210
745 330 794 330 794 366 745 366
53 1162 88 1162 88 1199 53 1199
546 585 581 585 581 622 546 622
550 495 565 495 565 532 550 532
402 636 433 636 433 673 402 673
753 582 789 582 789 619 753 619
189 408 231 408 231 445 189 445
274 1365 293 1365 293 1402 274 1402
613 637 640 637 640 674 613 674
611 746 642 746 642 783 611 783
468 844 500 844 500 881 468 881
53 522 87 522 87 559 53 559
618 389 639 389 639 427 618 427
192 1228 224 1228 224 1266 192 1266
818 420 856 420 856 458 818 458
815 1320 853 1320 853 1358 815 1358
608 520 647 520 647 558 608 558
617 950 641 950 641 989 617 989
750 926 777 926 777 965 750 965
191 1103 219 1103 219 1142 191 1142
472 496 508 496 508 535 472 535
408 377 426 377 426 416 408 416
817 328 855 328 855 367 817 367
187 1188 220 1188 220 1227 187 1227
264 371 300 371 300 410 264 410
400 578 438 578 438 617 400 617
48 288 87 288 87 327 48 327
766 1238 773 1238 773 1278 766 1278
613 1285 632 1285 632 1325 613 1325
196 902 218 902 218 942 196 942
190 664 221 664 221 704 190 704
818 859 853 859 853 899 818 899
809 1183 854 1183 854 1223 809 1223
687 574 705 574 705 614 687 614
751 404 787 404 787 444 751 444
259 290 300 290 300 330 259 330
266 1062 282 1062 282 1103 266 1103
128 367 152 367 152 408 128 408
749 837 784 837 784 878 749 878
814 766 857 766 857 807 814 807
281 1258 295 1258 295 1299 281 1299
258 880 291 880 291 921 258 921
188 483 231 483 231 524 188 524
117 326 163 326 163 367 117 367
484 531 492 531 492 572 484 572
749 881 784 881 784 922 749 922
191 707 227 707 227 748 191 748
676 615 716 615 716 656 676 656
671 722 712 722 712 763 671 763
610 291 653 291 653 332 610 332
822 1048 838 1048 838 1090 822 1090
335 591 354 591 354 633 335 633
187 1145 228 1145 228 1187 187 1187
470 289 511 289 511 331 470 331
56 479 77 479 77 522 56 522
615 707 642 707 642 750 615 750
821 722 852 722 852 765 821 765
470 805 502 805 502 848 470 848
260 837 297 837 297 880 260 880
259 921 295 921 295 964 259 964
394 1138 432 1138 432 1181 394 1181
131 676 141 676 141 720 131 720
543 395 578 395 578 439 543 439
470 726 505 726 505 770 470 770
269 410 294 410 294 454 269 454
748 621 787 621 787 666 748 666
399 1320 433 1320 433 1365 399 1365
678 326 727 326 727 371 678 371
816 1246 849 1246 849 1291 816 1291
50 614 85 614 85 659 50 659
475 646 499 646 499 692 475 692
326 795 367 795 367 841 326 841
324 842 368 842 368 889 324 889
409 753 425 753 425 800 409 800
609 1045 640 1045 640 1092 609 1092
189 938 220 938 220 985 189 985
49 334 86 334 86 381 49 381
751 732 783 732 783 780 751 780
49 565 89 565 89 614 49 614
396 529 439 529 439 578 396 578
119 511 161 511 161 561 119 561
751 477 783 477 783 527 751 527
542 533 575 533 575 583 542 583
472 1240 510 1240 510 1291 472 1291
561 656 577 656 577 709 561 709
757 527 779 527 779 581 757 581
127 707 151 707 151 761 127 761
53 1277 82 1277 82 1333 53 1333
674 785 711 785 711 841 674 841
343 963 351 963 351 1020 343 1020
