178 1338 192 1338 192 1349 178 1349
661 322 685 322 685 333 661 333
365 586 383 586 383 598 365 598
258 844 279 844 279 857 258 857
673 376 682 376 682 390 673 390
512 425 538 425 538 439 512 439
103 1169 122 1169 122 1185 103 1185
229 858 246 858 246 874 229 874
364 1093 383 1093 383 1109 364 1109
363 1113 383 1113 383 1129 363 1129
231 835 243 835 243 852 231 852
110 324 129 324 129 341 110 341
447 581 467 581 467 598 447 598
366 539 386 539 386 556 366 556
727 595 752 595 752 612 727 612
709 1212 727 1212 727 1229 709 1229
371 963 402 963 402 980 371 980
360 1175 374 1175 374 1192 360 1192
248 349 267 349 267 366 248 366
446 728 466 728 466 745 446 745
427 1022 450 1022 450 1039 427 1039
761 587 787 587 787 604 761 604
575 1300 593 1300 593 1318 575 1318
313 1061 332 1061 332 1079 313 1079
771 568 784 568 784 586 771 586
44 309 63 309 63 327 44 327
579 1161 600 1161 600 1179 579 1179
430 1120 446 1120 446 1139 430 1139
377 906 397 906 397 925 377 925
313 288 335 288 335 307 313 307
578 692 600 692 600 711 578 711
379 352 399 352 399 371 379 371
710 988 730 988 730 1007 710 1007
107 711 128 711 128 730 107 730
239 1070 260 1070 260 1089 239 1089
581 841 603 841 603 860 581 860
33 1224 61 1224 61 1243 33 1243
98 993 127 993 127 1012 98 1012
224 815 254 815 254 834 224 834
237 1321 255 1321 255 1340 237 1340
725 1320 748 1320 748 1339 725 1339
254 859 278 859 278 878 254 878
356 1194 384 1194 384 1213 356 1213
255 804 283 804 283 823 255 823
263 821 276 821 276 841 263 841
718 922 731 922 731 942 718 942
229 628 248 628 248 648 229 648
175 978 195 978 195 998 175 998
564 1319 607 1319 607 1339 564 1339
715 822 734 822 734 842 715 842
310 628 330 628 330 648 310 648
385 1127 408 1127 408 1147 385 1147
257 881 286 881 286 901 257 901
36 573 65 573 65 593 36 593
178 500 199 500 199 521 178 521
389 1178 410 1178 410 1199 389 1199
389 585 419 585 419 606 389 606
567 1218 601 1218 601 1239 567 1239
775 321 811 321 811 342 775 342
461 1027 485 1027 485 1048 461 1048
433 1001 445 1001 445 1022 433 1022
466 1004 478 1004 478 1025 466 1025
377 373 396 373 396 394 377 394
258 700 281 700 281 721 258 721
259 752 282 752 282 773 259 773
455 1197 478 1197 478 1218 455 1218
572 972 603 972 603 993 572 993
233 681 245 681 245 703 233 703
635 293 657 293 657 315 635 315
463 1134 488 1134 488 1156 463 1156
221 876 250 876 250 898 221 898
296 1327 332 1327 332 1349 296 1349
233 728 245 728 245 750 233 750
259 652 272 652 272 674 259 674
390 1197 411 1197 411 1219 390 1219
665 293 687 293 687 315 665 315
259 674 275 674 275 696 259 696
424 1139 452 1139 452 1161 424 1161
103 1306 118 1306 118 1329 103 1329
383 478 398 478 398 501 383 501
315 443 334 443 334 466 315 466
61 633 81 633 81 656 61 656
581 956 601 956 601 979 581 979
100 970 120 970 120 993 100 993
43 545 63 545 63 568 43 568
731 545 753 545 753 568 731 568
41 285 74 285 74 308 41 308
33 396 69 396 69 419 33 419
182 393 194 393 194 416 182 416
246 530 263 530 263 553 246 553
514 332 533 332 533 355 514 355
445 603 464 603 464 626 445 626
460 1079 480 1079 480 1102 460 1102
256 903 282 903 282 926 256 926
166 1350 195 1350 195 1373 166 1373
432 1320 466 1320 466 1343 432 1343
371 1312 384 1312 384 1336 371 1336
429 1094 445 1094 445 1118 429 1118
240 1158 256 1158 256 1182 240 1182
784 372 801 372 801 396 784 396
228 702 247 702 247 726 228 726
448 709 490 709 490 733 448 733
315 573 328 573 328 597 315 597
112 653 126 653 126 677 112 677
313 1124 329 1124 329 1148 313 1148
236 1012 255 1012 255 1036 236 1036
697 1319 716 1319 716 1343 697 1343
61 752 73 752 73 776 61 776
511 505 527 505 527 529 511 529
784 292 803 292 803 316 784 316
429 1040 450 1040 450 1064 429 1064
37 1172 63 1172 63 1196 37 1196
94 1251 130 1251 130 1275 94 1275
703 941 746 941 746 965 703 965
506 735 551 735 551 759 506 759
784 345 801 345 801 370 784 370
664 468 688 468 688 493 664 493
585 1279 613 1279 613 1304 585 1304
107 342 138 342 138 367 107 367
581 819 613 819 613 844 581 844
719 968 754 968 754 993 719 993
363 602 384 602 384 627 363 627
370 848 400 848 400 873 370 873
571 889 602 889 602 914 571 914
735 570 744 570 744 596 735 596
257 772 280 772 280 798 257 798
510 662 538 662 538 688 510 688
713 396 746 396 746 422 713 422
792 660 825 660 825 686 792 686
96 1013 131 1013 131 1039 96 1039
434 751 470 751 470 777 434 777
372 395 412 395 412 421 372 421
465 1050 479 1050 479 1076 465 1076
425 1162 449 1162 449 1188 425 1188
509 635 534 635 534 661 509 661
245 427 277 427 277 453 245 453
368 932 406 932 406 958 368 958
438 652 478 652 478 678 438 678
367 1130 377 1130 377 1156 367 1156
265 723 281 723 281 749 265 749
394 662 412 662 412 688 394 688
310 826 329 826 329 852 310 852
429 975 450 975 450 1001 429 1001
105 868 135 868 135 894 105 894
703 1224 733 1224 733 1250 703 1250
166 475 202 475 202 501 166 501
464 978 477 978 477 1005 464 1005
716 1123 729 1123 729 1150 716 1150
376 799 392 799 392 826 376 826
40 1198 58 1198 58 1225 40 1225
637 358 658 358 658 385 637 385
362 557 387 557 387 584 362 584
711 327 748 327 748 354 711 354
101 626 139 626 139 653 101 653
566 994 606 994 606 1021 566 1021
24 1244 65 1244 65 1271 24 1271
239 406 281 406 281 433 239 433
505 393 547 393 547 420 505 420
570 863 612 863 612 890 570 890
464 1104 481 1104 481 1131 464 1131
166 1184 187 1184 187 1211 166 1211
27 637 55 637 55 664 27 664
789 695 820 695 820 722 789 722
235 1182 269 1182 269 1209 235 1209
364 1249 398 1249 398 1276 364 1276
29 593 66 593 66 620 29 620
300 1148 338 1148 338 1175 300 1175
227 784 243 784 243 812 227 812
59 692 79 692 79 720 59 720
117 466 140 466 140 494 117 494
305 467 336 467 336 495 305 495
97 1041 133 1041 133 1069 97 1069
701 1249 739 1249 739 1277 701 1277
570 561 610 561 610 589 570 589
438 625 481 625 481 653 438 653
111 774 128 774 128 802 111 802
226 651 252 651 252 679 226 679
170 445 201 445 201 473 170 473
104 437 137 437 137 465 104 465
569 745 602 745 602 773 569 773
308 711 341 711 341 739 308 739
301 998 335 998 335 1026 301 1026
447 520 464 520 464 548 447 548
245 290 262 290 262 318 245 318
255 594 281 594 281 622 255 622
170 419 199 419 199 447 170 447
446 869 477 869 477 897 446 897
366 1219 402 1219 402 1247 366 1247
709 248 745 248 745 276 709 276
370 873 407 873 407 901 370 901
96 799 144 799 144 827 96 827
362 1145 374 1145 374 1174 362 1174
59 723 75 723 75 752 59 752
59 657 81 657 81 686 59 686
794 626 818 626 818 655 794 655
373 322 402 322 402 351 373 351
437 842 473 842 473 871 437 871
572 1102 608 1102 608 1131 572 1131
398 633 408 633 408 662 398 662
706 485 724 485 724 514 706 514
385 1095 415 1095 415 1124 385 1124
238 1211 268 1211 268 1240 238 1240
31 884 70 884 70 913 31 913
315 311 330 311 330 340 315 340
733 611 749 611 749 640 733 640
102 1107 120 1107 120 1136 102 1136
769 535 789 535 789 564 769 564
399 604 423 604 423 633 399 633
727 1289 751 1289 751 1318 727 1318
709 1150 734 1150 734 1179 709 1179
731 466 757 466 757 495 731 495
689 1288 720 1288 720 1317 689 1317
431 1343 473 1343 473 1372 431 1372
372 417 415 417 415 446 372 446
234 754 244 754 244 784 234 784
449 780 467 780 467 810 449 810
238 1094 259 1094 259 1124 238 1124
509 529 535 529 535 559 509 559
660 400 692 400 692 430 660 430
178 591 211 591 211 621 178 621
447 293 481 293 481 323 447 323
299 1347 334 1347 334 1377 299 1377
171 524 207 524 207 554 171 554
574 489 613 489 613 519 574 519
644 385 656 385 656 415 644 415
304 854 333 854 333 884 304 884
234 1345 263 1345 263 1375 234 1375
35 1075 66 1075 66 1105 35 1105
34 1304 66 1304 66 1334 34 1334
28 1272 68 1272 68 1302 28 1302
101 368 143 368 143 398 101 398
709 294 755 294 755 324 709 324
260 621 276 621 276 652 260 652
41 1142 64 1142 64 1173 41 1173
171 946 196 946 196 977 171 977
307 596 336 596 336 627 307 627
240 317 271 317 271 348 240 348
169 1078 202 1078 202 1109 169 1109
93 1279 127 1279 127 1310 93 1310
667 339 687 339 687 370 667 370
238 553 267 553 267 584 238 584
377 979 406 979 406 1010 377 1010
38 365 69 365 69 396 38 396
243 1126 265 1126 265 1157 243 1157
512 559 536 559 536 590 512 590
368 1338 394 1338 394 1369 368 1369
102 286 131 286 131 317 102 317
168 916 198 916 198 947 168 947
440 547 473 547 473 578 440 578
304 649 346 649 346 680 304 680
727 1339 746 1339 746 1371 727 1371
32 662 53 662 53 694 32 694
718 1180 746 1180 746 1212 718 1212
38 1108 67 1108 67 1140 38 1140
306 1211 335 1211 335 1243 306 1243
369 822 398 822 398 854 369 854
95 1134 125 1134 125 1166 95 1166
576 623 608 623 608 655 576 655
726 434 758 434 758 466 726 466
437 1289 471 1289 471 1321 437 1321
572 1130 607 1130 607 1162 572 1162
171 328 209 328 209 360 171 360
30 1006 70 1006 70 1038 30 1038
35 336 76 336 76 368 35 368
635 324 657 324 657 357 635 357
711 789 736 789 736 822 711 822
170 704 206 704 206 737 170 737
304 377 341 377 341 410 304 410
508 442 545 442 545 475 508 475
91 1193 134 1193 134 1226 91 1226
164 835 209 835 209 868 164 868
24 851 72 851 72 884 24 884
319 342 331 342 331 375 319 375
575 1339 590 1339 590 1372 575 1372
713 1090 735 1090 735 1123 713 1123
387 1144 408 1144 408 1177 387 1177
375 291 404 291 404 324 375 324
374 500 404 500 404 533 374 533
576 658 607 658 607 691 576 691
230 1038 262 1038 262 1071 230 1071
44 1334 60 1334 60 1368 44 1368
163 1210 190 1210 190 1244 163 1244
105 678 136 678 136 712 105 712
37 1037 69 1037 69 1071 37 1071
439 242 474 242 474 276 439 276
306 961 329 961 329 995 306 995
101 935 125 935 125 969 101 969
302 1026 332 1026 332 1060 302 1060
41 425 72 425 72 459 41 459
790 534 825 534 825 568 790 568
169 1109 183 1109 183 1144 169 1144
305 1088 335 1088 335 1123 305 1123
708 759 742 759 742 794 708 794
302 678 340 678 340 713 302 713
301 929 339 929 339 964 301 964
511 598 550 598 550 633 511 633
446 805 466 805 466 840 446 840
375 765 399 765 399 800 375 800
513 292 538 292 538 327 513 327
240 492 266 492 266 527 240 527
730 503 756 503 756 538 730 538
234 930 265 930 265 965 234 965
225 590 249 590 249 625 225 625
662 432 690 432 690 467 662 467
168 1004 197 1004 197 1039 168 1039
422 1064 457 1064 457 1099 422 1099
440 372 469 372 469 408 440 408
371 732 407 732 407 768 371 768
583 357 613 357 613 393 583 393
578 292 610 292 610 328 578 328
440 455 480 455 480 491 440 491
159 1289 201 1289 201 1325 159 1325
107 1217 115 1217 115 1253 107 1253
445 488 469 488 469 524 445 524
573 588 613 588 613 624 573 624
598 326 607 326 607 363 598 363
105 897 119 897 119 934 105 934
247 371 264 371 264 408 247 408
303 1172 326 1172 326 1209 303 1209
164 1143 190 1143 190 1180 164 1180
507 356 538 356 538 393 507 393
573 712 618 712 618 749 573 749
710 681 740 681 740 718 710 718
437 938 467 938 467 975 437 975
441 205 474 205 474 242 441 242
101 736 136 736 136 773 101 773
301 536 342 536 342 573 301 573
247 455 261 455 261 493 247 493
719 355 735 355 735 393 719 393
234 1282 260 1282 260 1320 234 1320
161 1311 188 1311 188 1349 161 1349
363 1275 399 1275 399 1313 363 1313
182 554 204 554 204 592 182 592
112 396 142 396 142 434 112 434
776 429 807 429 807 467 776 467
306 1248 320 1248 320 1286 306 1286
576 519 609 519 609 557 576 557
111 492 141 492 141 531 111 531
306 495 339 495 339 534 306 534
169 789 204 789 204 828 169 828
95 1070 130 1070 130 1109 95 1109
108 527 144 527 144 566 108 566
568 1021 605 1021 605 1060 568 1060
384 439 398 439 398 479 384 479
578 1238 597 1238 597 1278 578 1278
391 541 416 541 416 581 391 581
39 498 65 498 65 538 39 538
377 1010 391 1010 391 1050 377 1050
371 1047 399 1047 399 1087 371 1087
709 635 751 635 751 675 709 675
445 899 460 899 460 939 445 939
583 915 599 915 599 955 583 955
713 1010 735 1010 735 1050 713 1050
173 359 200 359 200 399 173 399
99 830 131 830 131 870 99 870
437 412 480 412 480 452 437 452
322 403 331 403 331 444 322 444
301 785 334 785 334 826 301 826
92 1329 129 1329 129 1370 92 1370
704 1051 742 1051 742 1092 704 1092
159 1245 199 1245 199 1286 159 1286
370 689 411 689 411 730 370 730
299 885 345 885 345 926 299 926
238 1241 254 1241 254 1282 238 1282
704 888 741 888 741 929 704 929
171 1041 193 1041 193 1082 171 1082
437 1250 471 1250 471 1291 437 1291
568 1060 605 1060 605 1101 568 1101
170 283 212 283 212 324 170 324
575 396 620 396 620 437 575 437
178 621 192 621 192 663 178 663
301 1284 325 1284 325 1326 301 1326
773 396 817 396 817 438 773 438
573 1178 615 1178 615 1220 573 1220
707 515 721 515 721 558 707 558
167 661 201 661 201 704 167 704
41 457 58 457 58 500 41 500
509 471 534 471 534 514 509 514
450 670 464 670 464 713 450 713
228 965 273 965 273 1009 228 1009
445 327 462 327 462 371 445 371
773 605 780 605 780 650 773 650
715 845 734 845 734 890 715 890
580 774 598 774 598 820 580 820
702 436 724 436 724 482 702 482
512 688 535 688 535 735 512 735
372 630 379 630 379 677 372 677
789 472 797 472 797 520 789 520
306 741 322 741 322 789 306 789
171 739 200 739 200 788 171 788
576 439 615 439 615 489 576 489
166 863 204 863 204 914 166 914
104 571 136 571 136 624 104 624
706 713 750 713 750 767 706 767
29 796 74 796 74 851 29 851
