122 1161 171 1161 171 1171 122 1171
334 838 365 838 365 855 334 855
198 1278 228 1278 228 1295 198 1295
346 1094 357 1094 357 1111 346 1111
495 700 520 700 520 717 495 717
129 909 163 909 163 927 129 927
545 1390 576 1390 576 1408 545 1408
138 451 152 451 152 470 138 470
340 1242 364 1242 364 1261 340 1261
758 647 789 647 789 666 758 666
486 301 508 301 508 320 486 320
758 698 791 698 791 717 758 717
555 946 576 946 576 966 555 966
483 631 506 631 506 651 483 651
414 592 436 592 436 612 414 612
902 737 925 737 925 757 902 757
556 614 578 614 578 635 556 635
412 916 434 916 434 937 412 937
481 1313 504 1313 504 1334 481 1334
407 1329 434 1329 434 1350 407 1350
901 381 922 381 922 402 901 402
415 1190 430 1190 430 1211 415 1211
697 304 723 304 723 325 697 325
417 972 429 972 429 994 417 994
340 997 361 997 361 1019 340 1019
412 1246 434 1246 434 1268 412 1268
900 1168 923 1168 923 1190 900 1190
126 617 174 617 174 639 126 639
835 308 857 308 857 330 835 330
764 623 786 623 786 645 764 645
755 1047 799 1047 799 1070 755 1070
480 1336 501 1336 501 1359 480 1359
487 397 510 397 510 420 487 420
485 367 512 367 512 390 485 390
407 683 434 683 434 706 407 706
274 1383 294 1383 294 1407 274 1407
902 920 923 920 923 944 902 944
481 1182 506 1182 506 1206 481 1206
265 534 313 534 313 558 265 558
275 787 296 787 296 811 275 811
407 1350 430 1350 430 1374 407 1374
140 596 161 596 161 621 140 621
481 771 506 771 506 796 481 796
549 339 588 339 588 364 549 364
891 405 936 405 936 430 891 430
489 570 507 570 507 595 489 595
761 943 782 943 782 968 761 968
694 332 716 332 716 357 694 357
407 996 432 996 432 1021 407 1021
824 1263 865 1263 865 1288 824 1288
552 1088 575 1088 575 1113 552 1113
412 336 442 336 442 361 412 361
555 546 575 546 575 572 555 572
903 1344 927 1344 927 1370 903 1370
763 1225 788 1225 788 1251 763 1251
684 596 726 596 726 622 684 622
764 494 788 494 788 520 764 520
756 917 789 917 789 943 756 943
687 743 726 743 726 769 687 769
417 848 432 848 432 875 417 875
197 466 233 466 233 493 197 493
195 712 238 712 238 739 195 739
484 1043 503 1043 503 1070 484 1070
412 943 435 943 435 970 412 970
829 956 854 956 854 983 829 983
133 1055 158 1055 158 1082 133 1082
554 677 583 677 583 704 554 704
556 883 575 883 575 910 556 910
626 1115 646 1115 646 1142 626 1142
902 513 926 513 926 540 902 540
207 876 232 876 232 903 207 903
754 811 792 811 792 838 754 838
268 429 307 429 307 456 268 456
260 1084 306 1084 306 1111 260 1111
676 948 731 948 731 975 676 975
696 530 712 530 712 558 696 558
902 1227 933 1227 933 1255 902 1255
824 1375 864 1375 864 1403 824 1403
752 668 793 668 793 696 752 696
754 1076 798 1076 798 1104 754 1104
399 656 449 656 449 684 399 684
406 1302 438 1302 438 1330 406 1330
407 433 451 433 451 461 407 461
622 726 643 726 643 755 622 755
757 1251 791 1251 791 1280 757 1280
195 527 236 527 236 556 195 556
405 778 447 778 447 807 405 807
628 795 647 795 647 824 628 824
694 1251 716 1251 716 1280 694 1280
833 986 856 986 856 1015 833 1015
900 668 923 668 923 697 900 697
622 1040 645 1040 645 1069 622 1069
403 1375 439 1375 439 1404 403 1404
199 681 238 681 238 710 199 710
895 1372 935 1372 935 1401 895 1401
124 1297 164 1297 164 1326 124 1326
691 713 712 713 712 742 691 742
759 589 787 589 787 618 759 618
133 972 170 972 170 1001 133 1001
548 307 590 307 590 336 548 336
259 1196 307 1196 307 1225 259 1225
831 1057 852 1057 852 1087 831 1087
412 708 434 708 434 738 412 738
415 302 453 302 453 332 415 332
128 422 167 422 167 452 128 452
828 1086 851 1086 851 1116 828 1116
689 844 715 844 715 874 689 874
686 364 730 364 730 394 686 394
121 805 171 805 171 835 121 835
419 364 436 364 436 395 419 395
761 1107 786 1107 786 1138 761 1138
130 1328 155 1328 155 1359 130 1359
827 575 856 575 856 606 827 606
275 715 306 715 306 746 275 746
339 415 378 415 378 446 339 446
683 770 727 770 727 801 683 801
688 1281 718 1281 718 1312 688 1312
757 556 790 556 790 587 757 587
899 543 936 543 936 574 899 574
826 534 867 534 867 565 826 565
278 559 303 559 303 590 278 590
556 370 587 370 587 401 556 401
334 1061 369 1061 369 1092 334 1092
335 616 372 616 372 647 335 647
125 1222 163 1222 163 1253 125 1253
473 1243 512 1243 512 1274 473 1274
139 831 161 831 161 863 139 863
690 881 713 881 713 913 690 913
131 772 162 772 162 804 131 804
892 308 931 308 931 340 892 340
127 390 169 390 169 422 127 422
126 694 170 694 170 726 126 726
274 1223 295 1223 295 1255 274 1255
275 500 298 500 298 532 275 532
900 437 926 437 926 469 900 469
270 1161 297 1161 297 1193 270 1193
826 789 859 789 859 821 826 821
755 971 789 971 789 1003 755 1003
480 594 519 594 519 626 480 626
413 1024 431 1024 431 1057 413 1057
475 797 510 797 510 830 475 830
889 843 940 843 940 876 889 876
549 911 584 911 584 944 549 944
681 1036 725 1036 725 1069 681 1069
125 1263 169 1263 169 1296 125 1296
543 510 588 510 588 543 543 543
130 1186 155 1186 155 1219 130 1219
757 379 791 379 791 412 757 412
547 572 583 572 583 605 547 605
543 1324 582 1324 582 1357 543 1357
758 878 797 878 797 911 758 911
124 472 169 472 169 505 124 505
205 492 229 492 229 526 205 526
622 467 649 467 649 501 622 501
755 521 790 521 790 555 755 555
332 526 378 526 378 560 332 560
754 460 806 460 806 494 754 494
896 947 932 947 932 981 896 981
201 953 238 953 238 987 201 987
405 394 442 394 442 428 405 428
334 708 373 708 373 742 334 742
475 1275 517 1275 517 1309 475 1309
889 1193 937 1193 937 1227 889 1227
333 375 387 375 387 409 333 409
204 329 231 329 231 364 204 364
199 990 229 990 229 1025 199 1025
127 1084 163 1084 163 1119 127 1119
895 1091 933 1091 933 1126 895 1126
757 303 801 303 801 338 757 338
331 446 378 446 378 481 331 481
903 475 922 475 922 510 903 510
136 559 160 559 160 594 136 594
621 433 658 433 658 468 621 468
538 1354 581 1354 581 1389 538 1389
545 640 590 640 590 675 545 675
824 382 872 382 872 417 824 417
539 1195 589 1195 589 1230 539 1230
482 1208 505 1208 505 1243 482 1243
412 466 436 466 436 501 412 501
760 1143 789 1143 789 1178 760 1178
408 739 441 739 441 774 408 774
125 1121 163 1121 163 1156 125 1156
283 750 291 750 291 786 283 786
685 557 722 557 722 593 685 593
403 1208 443 1208 443 1244 403 1244
753 1009 798 1009 798 1045 753 1045
342 961 363 961 363 997 342 997
196 1074 232 1074 232 1110 196 1110
698 397 717 397 717 434 698 434
763 1281 787 1281 787 1318 763 1318
553 748 582 748 582 785 553 785
473 1146 508 1146 508 1183 473 1183
268 816 305 816 305 853 268 853
685 1211 726 1211 726 1248 685 1248
820 1214 864 1214 864 1251 820 1251
400 505 453 505 453 542 400 542
695 621 716 621 716 658 695 658
623 503 652 503 652 540 623 540
625 590 658 590 658 627 625 627
339 1316 372 1316 372 1353 339 1353
341 1204 362 1204 362 1241 341 1241
900 1302 933 1302 933 1339 900 1339
484 424 517 424 517 461 484 461
825 1301 864 1301 864 1338 825 1338
613 907 654 907 654 944 613 944
262 1255 305 1255 305 1292 262 1292
549 1114 583 1114 583 1152 549 1152
199 1111 236 1111 236 1149 199 1149
894 696 932 696 932 734 894 734
891 342 930 342 930 380 891 380
403 1055 443 1055 443 1093 403 1093
893 1125 933 1125 933 1163 893 1163
405 810 449 810 449 848 405 848
266 596 312 596 312 634 266 634
618 392 664 392 664 430 618 430
896 1255 942 1255 942 1293 896 1293
344 1024 367 1024 367 1062 344 1062
548 1047 575 1047 575 1085 548 1085
895 877 929 877 929 915 895 915
474 1071 510 1071 510 1109 474 1109
614 1074 652 1074 652 1112 614 1112
402 1271 442 1271 442 1309 402 1309
749 1320 800 1320 800 1358 749 1358
560 705 578 705 578 744 560 744
693 804 718 804 718 843 693 843
190 644 242 644 242 683 190 683
623 1144 646 1144 646 1183 623 1183
827 865 857 865 857 904 827 904
406 873 444 873 444 912 406 912
894 762 933 762 933 801 894 801
558 969 572 969 572 1008 558 1008
683 1319 724 1319 724 1358 683 1358
685 1067 726 1067 726 1106 685 1106
692 915 709 915 709 955 692 955
477 465 521 465 521 505 477 505
192 740 238 740 238 780 192 780
330 794 376 794 376 834 330 834
764 1184 785 1184 785 1224 764 1224
273 455 299 455 299 495 273 495
829 334 869 334 869 374 829 374
625 826 647 826 647 867 625 867
412 616 435 616 435 657 412 657
760 1365 784 1365 784 1406 760 1406
272 1042 297 1042 297 1083 272 1083
820 1121 854 1121 854 1162 820 1162
618 353 659 353 659 394 618 394
335 485 381 485 381 526 335 526
477 1360 498 1360 498 1401 477 1401
689 667 720 667 720 708 689 708
823 1169 857 1169 857 1210 823 1210
332 922 377 922 377 963 332 963
754 840 800 840 800 881 754 881
476 660 526 660 526 701 476 701
203 1190 225 1190 225 1231 203 1231
194 907 233 907 233 948 194 948
471 1109 513 1109 513 1150 471 1150
124 1360 170 1360 170 1401 124 1401
543 1232 577 1232 577 1274 543 1274
681 1111 718 1111 718 1153 681 1153
626 546 645 546 645 588 626 588
617 862 649 862 649 904 617 904
825 1016 860 1016 860 1058 825 1058
543 1155 582 1155 582 1197 543 1197
130 862 171 862 171 904 130 904
263 896 313 896 313 938 263 938
190 608 243 608 243 650 190 650
277 631 308 631 308 674 277 674
203 784 244 784 244 827 203 827
543 1279 588 1279 588 1322 543 1322
400 1153 445 1153 445 1196 400 1196
202 559 226 559 226 602 202 602
266 1111 295 1111 295 1154 266 1154
824 1339 861 1339 861 1382 824 1382
620 754 661 754 661 797 620 797
540 1003 584 1003 584 1046 540 1046
192 1147 241 1147 241 1190 192 1190
479 323 530 323 530 366 479 366
344 1354 361 1354 361 1398 344 1398
274 674 294 674 294 718 274 718
686 1360 719 1360 719 1404 686 1404
408 541 449 541 449 585 408 585
263 1342 307 1342 307 1386 263 1386
327 1117 374 1117 374 1161 327 1161
131 727 164 727 164 771 131 771
122 927 170 927 170 971 122 971
261 329 312 329 312 373 261 373
899 804 925 804 925 848 899 848
619 630 652 630 652 674 619 674
190 1233 237 1233 237 1277 190 1277
765 419 788 419 788 464 765 464
263 855 312 855 312 900 263 900
680 440 721 440 721 485 680 485
195 419 238 419 238 464 195 464
895 1042 939 1042 939 1087 895 1087
817 909 865 909 865 955 817 955
758 334 795 334 795 380 758 380
892 624 933 624 933 670 892 670
334 330 380 330 380 376 334 376
468 992 518 992 518 1038 468 1038
189 828 243 828 243 874 189 874
817 821 873 821 873 867 817 867
891 578 936 578 936 624 891 624
546 406 594 406 594 452 546 452
685 482 729 482 729 529 685 529
544 790 592 790 592 837 544 837
483 718 501 718 501 765 483 765
265 938 308 938 308 985 265 985
189 1026 237 1026 237 1073 189 1073
139 1004 147 1004 147 1052 139 1052
616 939 656 939 656 987 616 987
753 721 797 721 797 769 753 769
754 763 801 763 801 811 754 811
548 833 588 833 588 882 548 882
622 1188 644 1188 644 1237 622 1237
619 985 651 985 651 1034 619 1034
327 742 373 742 373 791 327 791
618 303 657 303 657 353 618 353
191 1296 232 1296 232 1346 191 1346
475 891 517 891 517 941 475 941
258 1292 313 1292 313 1342 258 1342
680 981 729 981 729 1031 680 1031
618 674 650 674 650 725 618 725
330 561 376 561 376 613 330 613
197 364 237 364 237 416 197 416
472 940 521 940 521 992 472 992
265 374 310 374 310 427 265 427
200 1350 223 1350 223 1403 200 1403
549 454 586 454 586 507 549 507
817 732 865 732 865 785 817 785
266 986 307 986 307 1040 266 1040
334 1271 381 1271 381 1325 334 1325
149 636 155 636 155 691 149 691
329 651 379 651 379 707 329 707
894 983 933 983 933 1041 894 1041
131 329 181 329 181 387 131 387
479 833 515 833 515 891 479 891
474 509 523 509 523 568 474 568
400 1092 445 1092 445 1152 400 1152
547 209 590 209 590 269 547 269
332 857 373 857 373 918 332 918
