60 1200 97 1200 97 1209 60 1209
794 1189 801 1189 801 1202 794 1202
345 959 372 959 372 973 345 973
630 582 640 582 640 598 630 598
213 817 223 817 223 833 213 833
143 1150 156 1150 156 1166 143 1166
493 451 506 451 506 467 493 467
352 468 366 468 366 484 352 484
136 1208 154 1208 154 1225 136 1225
763 981 771 981 771 999 763 999
274 499 305 499 305 517 274 517
493 808 503 808 503 826 493 826
209 702 227 702 227 720 209 720
64 1173 95 1173 95 1192 64 1192
485 687 507 687 507 707 485 707
143 494 156 494 156 514 143 514
615 995 644 995 644 1015 615 1015
140 1062 154 1062 154 1082 140 1082
65 1386 104 1386 104 1406 65 1406
699 1152 721 1152 721 1173 699 1173
350 1042 367 1042 367 1063 350 1063
488 1196 510 1196 510 1217 488 1217
829 539 866 539 866 560 829 560
835 513 854 513 854 535 835 535
419 468 440 468 440 490 419 490
767 656 792 656 792 678 767 678
838 1016 858 1016 858 1038 838 1038
695 680 717 680 717 702 695 702
339 1299 374 1299 374 1321 339 1321
704 394 730 394 730 417 704 417
556 863 578 863 578 887 556 887
789 1299 805 1299 805 1323 789 1323
134 1333 156 1333 156 1357 134 1357
397 775 423 775 423 799 397 799
697 1346 708 1346 708 1370 697 1370
493 1349 510 1349 510 1373 493 1373
140 831 158 831 158 855 140 855
422 661 442 661 442 685 422 685
781 1237 807 1237 807 1261 781 1261
555 477 592 477 592 501 555 501
756 1121 769 1121 769 1146 756 1146
208 878 225 878 225 903 208 903
783 1381 804 1381 804 1406 783 1406
831 989 859 989 859 1014 831 1014
777 1274 811 1274 811 1299 777 1299
633 1310 645 1310 645 1335 633 1335
440 773 454 773 454 798 440 798
770 864 788 864 788 889 770 889
694 865 717 865 717 890 694 890
781 1165 811 1165 811 1190 781 1190
350 848 369 848 369 874 350 874
836 669 862 669 862 695 836 695
830 417 860 417 860 443 830 443
477 1133 514 1133 514 1159 477 1159
421 395 437 395 437 421 421 421
72 556 90 556 90 582 72 582
353 436 371 436 371 462 353 462
491 423 510 423 510 449 491 449
131 1084 156 1084 156 1110 131 1110
442 993 457 993 457 1019 442 1019
615 1171 652 1171 652 1197 615 1197
126 1356 170 1356 170 1382 126 1382
283 466 294 466 294 493 283 493
132 595 167 595 167 622 132 622
830 650 866 650 866 677 830 677
475 1055 517 1055 517 1082 475 1082
627 1011 639 1011 639 1038 627 1038
65 1353 96 1353 96 1380 65 1380
622 817 654 817 654 844 622 844
492 856 507 856 507 884 492 884
132 1264 154 1264 154 1292 132 1292
429 803 461 803 461 831 429 831
788 1205 798 1205 798 1233 788 1233
281 431 303 431 303 459 281 459
67 582 92 582 92 610 67 610
617 1334 657 1334 657 1362 617 1362
750 1196 774 1196 774 1224 750 1224
830 482 857 482 857 510 830 510
485 885 515 885 515 913 485 913
753 1002 768 1002 768 1031 753 1031
698 364 722 364 722 393 698 393
688 1233 723 1233 723 1262 688 1262
693 306 732 306 732 335 693 335
691 334 733 334 733 363 691 363
125 626 170 626 170 655 125 655
398 805 420 805 420 834 398 834
341 973 378 973 378 1002 341 1002
336 1326 375 1326 375 1355 336 1355
751 949 776 949 776 979 751 979
487 1375 515 1375 515 1405 487 1405
128 944 168 944 168 974 128 974
479 392 520 392 520 422 479 422
780 1351 808 1351 808 1382 780 1382
431 830 459 830 459 861 431 861
614 851 651 851 651 882 614 882
61 388 101 388 101 419 61 419
689 1177 732 1177 732 1208 689 1208
631 464 645 464 645 495 631 495
623 702 647 702 647 733 623 733
419 690 446 690 446 721 419 721
127 1379 166 1379 166 1410 127 1410
829 805 869 805 869 836 829 836
411 585 456 585 456 616 411 616
786 1321 799 1321 799 1352 786 1352
491 614 509 614 509 645 491 645
218 252 248 252 248 283 218 283
616 1237 656 1237 656 1268 616 1268
413 550 455 550 455 581 413 581
552 721 585 721 585 753 552 753
480 257 515 257 515 289 480 289
623 734 652 734 652 766 623 766
487 773 517 773 517 805 487 805
786 1122 813 1122 813 1155 786 1155
759 346 796 346 796 379 759 379
553 552 591 552 591 585 553 585
344 876 371 876 371 909 344 909
271 394 309 394 309 427 271 427
61 612 101 612 101 645 61 645
549 646 591 646 591 679 549 679
126 662 172 662 172 695 126 695
61 1271 92 1271 92 1304 61 1304
558 440 594 440 594 473 558 473
59 1074 104 1074 104 1107 59 1107
629 665 642 665 642 699 629 699
694 750 716 750 716 784 694 784
203 906 232 906 232 940 203 940
343 1108 375 1108 375 1142 343 1142
59 731 101 731 101 765 59 765
627 629 647 629 647 663 627 663
138 561 161 561 161 595 138 595
66 1136 95 1136 95 1170 66 1170
827 1091 861 1091 861 1125 827 1125
829 443 865 443 865 477 829 477
686 785 727 785 727 819 686 819
480 584 523 584 523 618 480 618
831 378 864 378 864 413 831 413
63 985 105 985 105 1020 63 1020
198 391 246 391 246 426 198 426
617 1041 646 1041 646 1076 617 1076
478 1157 511 1157 511 1192 478 1192
833 771 867 771 867 806 833 806
201 781 236 781 236 816 201 816
687 570 736 570 736 605 687 605
765 728 786 728 786 763 765 763
131 1296 162 1296 162 1331 131 1331
623 884 640 884 640 920 623 920
619 920 638 920 638 956 619 956
273 631 310 631 310 667 273 667
620 596 658 596 658 632 620 632
268 809 309 809 309 845 268 845
759 254 804 254 804 290 759 290
132 1172 161 1172 161 1208 132 1208
200 624 237 624 237 660 200 660
61 1106 100 1106 100 1142 61 1142
683 1261 726 1261 726 1297 683 1297
836 340 862 340 862 377 836 377
434 955 462 955 462 992 434 992
745 1234 778 1234 778 1271 745 1271
128 1112 163 1112 163 1149 128 1149
479 645 517 645 517 682 479 682
268 726 311 726 311 763 268 763
622 544 652 544 652 581 622 581
831 605 864 605 864 642 831 642
60 949 101 949 101 986 60 986
784 1086 805 1086 805 1123 784 1123
749 1034 773 1034 773 1071 749 1071
560 339 584 339 584 376 560 376
63 862 96 862 96 899 63 899
611 957 649 957 649 994 611 994
763 579 805 579 805 616 763 616
753 1271 768 1271 768 1309 753 1309
436 911 457 911 457 949 436 949
135 453 167 453 167 491 135 491
614 1272 654 1272 654 1310 614 1310
686 1200 728 1200 728 1238 686 1238
689 640 724 640 724 678 689 678
826 738 869 738 869 776 826 776
196 834 243 834 243 872 196 872
477 821 525 821 525 859 477 859
759 481 807 481 807 519 759 519
342 671 369 671 369 710 342 710
689 1110 722 1110 722 1149 689 1149
339 1253 375 1253 375 1292 339 1292
686 1076 726 1076 726 1115 686 1115
835 838 857 838 857 877 835 877
67 418 104 418 104 457 67 457
340 396 378 396 378 435 340 435
475 974 521 974 521 1013 475 1013
405 730 421 730 421 769 405 769
132 899 164 899 164 938 132 938
624 423 657 423 657 462 624 462
619 500 653 500 653 539 619 539
552 997 587 997 587 1036 552 1036
616 1199 654 1199 654 1238 616 1238
482 305 522 305 522 344 482 344
137 515 163 515 163 555 137 555
132 1223 161 1223 161 1263 132 1263
203 427 237 427 237 467 203 467
271 843 306 843 306 883 271 883
690 606 727 606 727 646 690 646
485 347 526 347 526 387 485 387
336 1069 378 1069 378 1109 336 1109
410 360 454 360 454 400 410 400
501 1304 521 1304 521 1344 501 1344
203 656 232 656 232 696 203 696
413 422 444 422 444 462 413 462
782 988 814 988 814 1028 782 1028
763 612 797 612 797 652 763 652
336 714 374 714 374 754 336 754
480 1260 523 1260 523 1300 480 1300
826 910 871 910 871 950 826 950
336 1002 381 1002 381 1042 336 1042
201 305 248 305 248 345 201 345
694 417 726 417 726 458 694 458
617 768 649 768 649 809 617 809
836 878 858 878 858 919 836 919
835 949 857 949 857 990 835 990
132 979 163 979 163 1020 132 1020
792 948 805 948 805 989 792 989
439 867 459 867 459 908 439 908
767 303 788 303 788 344 767 344
68 901 90 901 90 943 68 943
131 1019 159 1019 159 1061 131 1061
189 211 219 211 219 253 189 253
831 699 864 699 864 741 831 741
554 381 594 381 594 423 554 423
63 817 104 817 104 859 63 859
475 1011 520 1011 520 1053 475 1053
694 936 717 936 717 978 694 978
343 1148 376 1148 376 1190 343 1190
762 682 797 682 797 724 762 724
218 210 254 210 254 252 218 252
126 787 166 787 166 829 126 829
751 1154 773 1154 773 1197 751 1197
346 1356 376 1356 376 1399 346 1399
480 1220 517 1220 517 1263 480 1263
135 699 174 699 174 742 135 742
126 857 166 857 166 900 126 900
684 1367 727 1367 727 1410 684 1410
690 706 740 706 740 749 690 749
743 1074 777 1074 777 1117 743 1117
763 382 797 382 797 425 763 425
344 484 379 484 379 527 344 527
617 1078 660 1078 660 1121 617 1121
553 893 582 893 582 936 553 936
339 755 378 755 378 798 339 798
618 1121 659 1121 659 1164 618 1164
479 471 526 471 526 514 479 514
558 505 586 505 586 549 558 549
757 892 802 892 802 936 757 936
280 763 302 763 302 807 280 807
759 431 804 431 804 475 759 475
684 816 731 816 731 861 684 861
545 756 593 756 593 801 545 801
693 460 738 460 738 505 693 505
200 580 237 580 237 625 200 625
685 894 729 894 729 939 685 939
200 471 245 471 245 516 200 516
683 1033 730 1033 730 1078 683 1078
132 745 167 745 167 791 132 791
214 346 228 346 228 392 214 392
560 1040 577 1040 577 1086 560 1086
482 211 519 211 519 257 482 257
565 675 574 675 574 722 565 722
423 614 439 614 439 661 423 661
60 459 103 459 103 506 60 506
356 622 364 622 364 669 356 669
278 673 299 673 299 720 278 720
829 1165 868 1165 868 1212 829 1212
199 729 244 729 244 776 199 776
340 584 383 584 383 632 340 632
268 584 315 584 315 632 268 632
67 642 93 642 93 691 67 691
783 1035 814 1035 814 1084 783 1084
351 799 373 799 373 848 351 848
477 1084 520 1084 520 1133 477 1133
340 529 386 529 386 578 340 578
280 885 298 885 298 935 280 935
759 763 798 763 798 813 759 813
61 510 102 510 102 560 61 560
683 977 736 977 736 1027 683 1027
833 1119 856 1119 856 1170 833 1170
547 943 589 943 589 994 547 994
71 336 98 336 98 387 71 387
141 338 162 338 162 391 141 391
419 496 449 496 449 549 419 549
418 305 443 305 443 358 418 358
834 559 864 559 864 613 834 613
60 1214 99 1214 99 1268 60 1268
554 586 601 586 601 641 554 641
479 525 525 525 525 580 479 580
61 760 100 760 100 816 61 816
765 807 793 807 793 863 765 863
478 915 517 915 517 971 478 971
197 525 246 525 246 581 197 581
483 712 514 712 514 769 483 769
691 512 729 512 729 569 691 569
401 836 415 836 415 893 401 893
692 1288 717 1288 717 1345 692 1345
60 1014 103 1014 103 1071 60 1071
335 1197 380 1197 380 1255 335 1255
760 517 806 517 806 575 760 575
273 333 306 333 306 392 273 392
348 336 375 336 375 395 348 395
126 390 171 390 171 453 126 453
