621 986 632 986 632 996 621 996
277 1087 288 1087 288 1097 277 1097
390 1076 416 1076 416 1088 390 1088
813 750 821 750 821 763 813 763
605 1178 628 1178 628 1191 605 1191
675 908 700 908 700 922 675 922
460 1143 489 1143 489 1157 460 1157
470 768 486 768 486 783 470 783
322 807 348 807 348 822 322 822
255 639 279 639 279 654 255 654
766 399 785 399 785 415 766 415
124 809 141 809 141 825 124 825
742 841 773 841 773 857 742 857
324 1326 339 1326 339 1343 324 1343
466 1162 483 1162 483 1179 466 1179
261 1020 275 1020 275 1038 261 1038
891 929 908 929 908 947 891 947
455 1329 489 1329 489 1347 455 1347
735 1321 783 1321 783 1339 735 1339
827 322 845 322 845 340 827 340
817 836 835 836 835 854 817 854
541 979 561 979 561 997 541 997
250 660 281 660 281 678 250 678
480 348 492 348 492 366 480 366
539 910 557 910 557 928 539 928
883 1071 913 1071 913 1089 883 1089
118 1244 134 1244 134 1263 118 1263
813 994 841 994 841 1013 813 1013
114 1263 131 1263 131 1282 114 1282
117 562 154 562 154 581 117 581
260 677 274 677 274 697 260 697
879 1123 893 1123 893 1143 879 1143
899 1241 924 1241 924 1261 899 1261
739 862 782 862 782 882 739 882
685 497 699 497 699 517 685 517
903 1220 919 1220 919 1240 903 1240
819 1365 835 1365 835 1385 819 1385
122 757 138 757 138 777 122 777
674 619 707 619 707 639 674 639
752 1299 770 1299 770 1320 752 1320
122 447 150 447 150 468 122 468
536 424 572 424 572 445 536 445
613 852 627 852 627 873 613 873
687 412 701 412 701 433 687 433
398 669 413 669 413 690 398 690
614 524 640 524 640 545 614 545
669 1310 698 1310 698 1331 669 1331
467 326 502 326 502 347 467 347
397 1271 409 1271 409 1293 397 1293
824 433 850 433 850 455 824 455
545 546 563 546 563 568 545 568
817 660 848 660 848 682 817 682
669 1330 700 1330 700 1352 669 1352
466 1082 480 1082 480 1105 466 1105
119 1193 133 1193 133 1216 119 1216
749 1159 767 1159 767 1182 749 1182
396 1014 414 1014 414 1037 396 1037
120 919 139 919 139 942 120 942
465 522 494 522 494 545 465 545
535 570 566 570 566 593 535 593
670 1072 703 1072 703 1095 670 1095
745 791 788 791 788 814 745 814
123 1053 139 1053 139 1076 123 1076
681 1017 697 1017 697 1040 681 1040
474 500 492 500 492 523 474 523
900 1264 920 1264 920 1287 900 1287
325 600 351 600 351 623 325 623
334 544 348 544 348 567 334 567
890 1336 904 1336 904 1359 890 1359
755 534 770 534 770 557 755 557
611 824 628 824 628 847 611 847
397 599 420 599 420 622 397 622
747 587 778 587 778 610 747 610
464 368 502 368 502 391 464 391
899 1195 922 1195 922 1219 899 1219
610 621 639 621 639 645 610 645
749 510 782 510 782 534 749 534
678 344 713 344 713 368 678 368
248 697 285 697 285 721 248 721
599 768 644 768 644 792 599 792
896 1013 909 1013 909 1037 896 1037
467 1008 486 1008 486 1032 467 1032
273 385 298 385 298 409 273 409
249 816 279 816 279 840 249 840
812 1234 846 1234 846 1258 812 1258
245 841 280 841 280 865 245 865
881 990 924 990 924 1014 881 1014
319 1046 350 1046 350 1071 319 1071
394 437 426 437 426 462 394 462
673 514 706 514 706 539 673 539
529 1041 563 1041 563 1066 529 1066
131 421 141 421 141 446 131 446
678 1142 694 1142 694 1167 678 1167
399 571 417 571 417 596 399 596
831 744 856 744 856 769 831 769
880 1283 921 1283 921 1308 880 1308
752 814 769 814 769 839 752 839
256 580 287 580 287 605 256 605
249 1137 285 1137 285 1162 249 1162
391 462 428 462 428 487 391 487
880 1090 917 1090 917 1115 880 1115
669 925 707 925 707 950 669 950
243 1353 282 1353 282 1378 243 1378
318 624 357 624 357 649 318 649
535 323 576 323 576 348 535 348
469 707 484 707 484 733 469 733
894 498 912 498 912 524 894 524
878 1176 896 1176 896 1202 878 1202
470 790 499 790 499 816 470 816
811 904 843 904 843 930 811 930
748 371 786 371 786 397 748 397
824 1041 839 1041 839 1067 824 1067
876 1205 894 1205 894 1231 876 1231
121 1349 145 1349 145 1375 121 1375
618 742 628 742 628 769 618 769
840 715 851 715 851 742 840 742
540 845 556 845 556 872 540 872
754 687 772 687 772 714 754 714
131 394 156 394 156 421 131 421
805 718 830 718 830 745 805 745
395 1093 424 1093 424 1120 395 1120
811 1300 842 1300 842 1327 811 1327
261 309 295 309 295 336 261 336
325 1271 338 1271 338 1298 325 1298
403 315 418 315 418 342 403 342
472 441 490 441 490 468 472 468
611 645 631 645 631 672 611 672
457 546 498 546 498 573 457 573
594 1357 643 1357 643 1384 594 1384
542 1060 553 1060 553 1087 542 1087
828 456 842 456 842 483 828 483
116 468 150 468 150 495 116 495
607 381 643 381 643 408 607 408
804 1013 849 1013 849 1040 804 1040
554 518 561 518 561 546 554 546
395 873 416 873 416 901 395 901
466 1182 493 1182 493 1210 466 1210
882 1145 892 1145 892 1173 882 1173
839 770 853 770 853 798 839 798
322 980 341 980 341 1008 322 1008
462 1252 483 1252 483 1280 462 1280
893 434 917 434 917 462 893 462
534 713 565 713 565 741 534 741
327 912 359 912 359 940 327 940
680 314 714 314 714 342 680 342
538 624 575 624 575 652 538 652
755 558 772 558 772 587 755 587
330 654 355 654 355 683 330 683
530 1087 559 1087 559 1116 530 1116
259 448 290 448 290 477 259 477
669 1354 705 1354 705 1383 669 1383
670 539 709 539 709 568 670 568
259 789 271 789 271 818 259 818
828 633 842 633 842 662 828 662
750 1182 769 1182 769 1211 750 1211
603 1236 626 1236 626 1265 603 1265
688 468 712 468 712 497 688 497
886 863 911 863 911 892 886 892
117 1076 146 1076 146 1105 117 1105
111 1214 140 1214 140 1243 111 1243
400 727 429 727 429 756 400 756
830 524 861 524 861 553 830 553
124 364 156 364 156 393 124 393
250 1047 286 1047 286 1076 250 1076
743 1096 780 1096 780 1125 743 1125
809 683 850 683 850 712 809 712
117 531 146 531 146 560 117 560
462 973 493 973 493 1002 462 1002
813 1161 848 1161 848 1190 813 1190
765 482 775 482 775 512 765 512
824 929 839 929 839 959 824 959
905 1121 926 1121 926 1151 905 1151
619 313 648 313 648 343 619 343
116 778 147 778 147 808 116 808
881 1354 913 1354 913 1384 881 1384
815 803 851 803 851 833 815 833
248 917 287 917 287 947 248 947
111 695 151 695 151 725 111 725
112 726 153 726 153 756 112 756
244 1202 285 1202 285 1232 244 1232
316 1165 358 1165 358 1195 316 1195
199 305 211 305 211 335 199 335
468 942 485 942 485 972 468 972
664 1223 704 1223 704 1253 664 1253
610 709 633 709 633 740 610 740
393 692 422 692 422 723 393 723
882 790 913 790 913 821 882 821
528 1117 562 1117 562 1148 528 1148
107 1283 144 1283 144 1314 107 1314
404 411 419 411 419 442 404 442
678 1167 695 1167 695 1198 678 1198
394 803 412 803 412 834 394 834
472 468 495 468 495 499 472 499
672 984 703 984 703 1015 672 1015
884 715 915 715 915 746 884 746
671 1197 703 1197 703 1228 671 1228
113 1318 146 1318 146 1349 113 1349
196 337 210 337 210 368 196 368
896 463 912 463 912 494 896 494
254 1273 270 1273 270 1304 254 1304
247 1239 278 1239 278 1270 247 1270
676 838 708 838 708 869 676 869
329 389 362 389 362 420 329 420
743 611 780 611 780 642 743 642
249 605 286 605 286 636 249 636
881 892 918 892 918 923 881 923
250 756 278 756 278 788 250 788
190 370 220 370 220 402 190 402
112 1025 143 1025 143 1057 112 1057
744 1268 775 1268 775 1300 744 1300
529 592 569 592 569 624 529 624
672 762 714 762 714 794 672 794
386 834 432 834 432 866 386 866
900 402 912 402 912 434 900 434
398 379 426 379 426 411 398 411
258 515 288 515 288 547 258 547
127 582 141 582 141 615 127 615
611 486 645 486 645 519 611 519
389 1040 417 1040 417 1073 389 1073
324 568 356 568 356 601 324 601
532 872 564 872 564 905 532 905
887 566 924 566 924 599 887 599
735 1130 777 1130 777 1163 735 1163
891 1037 911 1037 911 1070 891 1070
391 1167 412 1167 412 1200 391 1200
315 1346 351 1346 351 1379 315 1379
743 714 783 714 783 747 743 747
668 1041 709 1041 709 1074 668 1074
267 545 289 545 289 579 267 579
819 484 848 484 848 518 819 518
316 1295 348 1295 348 1329 316 1329
607 546 639 546 639 580 607 580
539 385 574 385 574 419 539 419
822 959 840 959 840 993 822 993
463 733 496 733 496 767 463 767
546 446 563 446 563 481 546 481
313 1236 354 1236 354 1271 313 1271
549 347 562 347 562 382 549 382
757 410 777 410 777 445 757 445
257 410 288 410 288 445 257 445
679 435 711 435 711 470 679 470
458 1105 490 1105 490 1140 458 1140
322 353 361 353 361 388 322 388
330 727 356 727 356 762 330 762
823 345 850 345 850 380 823 380
469 865 498 865 498 900 469 900
891 371 921 371 921 406 891 406
386 1201 417 1201 417 1236 386 1236
671 870 708 870 708 905 671 905
607 451 647 451 647 486 607 486
392 342 434 342 434 377 392 377
889 953 919 953 919 989 889 989
890 524 921 524 921 560 890 560
749 445 782 445 782 481 749 481
810 1327 846 1327 846 1363 810 1363
383 1235 426 1235 426 1271 383 1271
807 1119 855 1119 855 1155 807 1155
124 989 132 989 132 1026 124 1026
629 343 640 343 640 380 629 380
877 1235 891 1235 891 1272 877 1272
254 1096 283 1096 283 1133 254 1133
537 481 569 481 569 518 537 518
115 658 152 658 152 695 115 695
814 594 852 594 852 631 814 631
612 787 629 787 629 824 612 824
394 1340 416 1340 416 1377 394 1377
117 500 154 500 154 537 117 537
336 421 353 421 353 458 336 458
393 930 413 930 413 967 393 967
325 874 348 874 348 911 325 911
746 748 777 748 777 785 746 785
813 1193 847 1193 847 1230 813 1230
461 616 497 616 497 653 461 653
314 1008 351 1008 351 1045 314 1045
686 637 699 637 699 675 686 675
602 935 633 935 633 973 602 973
597 1270 631 1270 631 1308 597 1308
466 573 501 573 501 611 466 611
453 1281 495 1281 495 1319 453 1319
398 900 410 900 410 938 398 938
682 945 697 945 697 983 682 983
323 766 352 766 352 804 323 804
607 672 638 672 638 710 607 710
891 327 928 327 928 365 891 365
466 1343 480 1343 480 1382 466 1382
257 1163 272 1163 272 1202 257 1202
747 883 774 883 774 922 747 922
532 1002 562 1002 562 1041 532 1041
112 947 150 947 150 986 112 986
127 877 134 877 134 916 127 916
392 968 418 968 418 1007 392 1007
607 1134 633 1134 633 1173 607 1173
813 862 840 862 840 901 813 901
326 314 359 314 359 353 326 353
602 581 646 581 646 620 602 620
261 477 275 477 275 516 261 516
879 1307 914 1307 914 1346 879 1346
881 675 918 675 918 714 881 714
882 633 925 633 925 672 882 672
752 1010 767 1010 767 1050 752 1050
249 1306 278 1306 278 1346 249 1346
882 822 914 822 914 862 882 862
391 624 426 624 426 664 391 664
327 943 341 943 341 984 327 984
400 760 415 760 415 801 400 801
198 402 214 402 214 443 198 443
122 320 156 320 156 361 122 361
109 1152 145 1152 145 1193 109 1193
315 1192 352 1192 352 1233 315 1233
606 410 649 410 649 451 606 451
115 616 146 616 146 657 115 657
461 901 492 901 492 942 461 942
467 1210 480 1210 480 1251 467 1251
882 749 917 749 917 790 882 790
253 971 285 971 285 1013 253 1013
599 1090 632 1090 632 1132 599 1132
324 506 355 506 355 548 324 548
316 1122 353 1122 353 1165 316 1165
740 922 787 922 787 965 740 965
258 718 270 718 270 761 258 761
684 369 705 369 705 412 684 412
887 594 913 594 913 637 887 637
536 275 577 275 577 318 536 318
680 670 706 670 706 713 680 713
742 966 777 966 777 1009 742 1009
534 930 569 930 569 973 534 973
466 274 507 274 507 317 466 317
676 1094 698 1094 698 1138 676 1138
604 887 633 887 633 931 604 931
741 1050 779 1050 779 1094 741 1094
115 273 156 273 156 317 115 317
316 1076 357 1076 357 1120 316 1120
666 794 711 794 711 838 666 838
751 642 776 642 776 686 751 686
900 1151 928 1151 928 1195 900 1195
817 1068 848 1068 848 1112 817 1112
113 830 150 830 150 874 113 874
456 1033 497 1033 497 1077 456 1077
815 551 860 551 860 596 815 596
595 1191 642 1191 642 1236 595 1236
395 1293 409 1293 409 1338 395 1338
531 744 570 744 570 789 531 789
387 522 426 522 426 568 387 568
470 816 484 816 484 862 470 862
111 1108 148 1108 148 1154 111 1154
757 1337 765 1337 765 1384 757 1384
394 1120 409 1120 409 1167 394 1167
600 1041 633 1041 633 1088 600 1088
675 569 711 569 711 616 675 616
829 383 846 383 846 431 829 431
599 1308 629 1308 629 1357 599 1357
476 391 488 391 488 440 476 440
330 683 344 683 344 732 330 732
318 826 354 826 354 876 318 876
267 336 284 336 284 387 267 387
249 865 278 865 278 916 249 916
749 318 781 318 781 369 749 369
321 455 364 455 364 506 321 506
679 709 705 709 705 763 679 763
673 1252 698 1252 698 1306 673 1306
538 658 568 658 568 712 538 712
458 650 499 650 499 706 458 706
741 1209 777 1209 777 1267 741 1267
529 790 572 790 572 851 529 851
