130 329 160 329 160 337 130 337
403 1396 422 1396 422 1407 403 1407
295 718 328 718 328 729 295 729
366 1273 387 1273 387 1284 366 1284
299 479 319 479 319 491 299 491
293 317 315 317 315 329 293 329
264 404 284 404 284 417 264 417
574 612 598 612 598 625 574 625
299 574 318 574 318 588 299 588
768 1118 804 1118 804 1132 768 1132
403 495 417 495 417 509 403 509
294 500 318 500 318 515 294 515
830 383 857 383 857 398 830 398
291 334 324 334 324 349 291 349
302 696 319 696 319 712 302 712
434 561 451 561 451 577 434 577
432 409 462 409 462 425 432 425
471 622 489 622 489 639 471 639
362 294 384 294 384 311 362 311
759 742 800 742 800 759 759 759
335 395 350 395 350 412 335 412
259 292 284 292 284 309 259 309
261 386 289 386 289 403 261 403
439 584 454 584 454 602 439 602
366 372 390 372 390 390 366 390
66 467 92 467 92 485 66 485
436 1349 462 1349 462 1367 436 1367
368 501 380 501 380 519 368 519
338 1360 353 1360 353 1378 338 1378
362 1210 390 1210 390 1228 362 1228
704 385 715 385 715 403 704 403
510 763 526 763 526 781 510 781
140 1369 158 1369 158 1387 140 1387
282 1051 302 1051 302 1069 282 1069
397 445 422 445 422 463 397 463
303 550 316 550 316 569 303 569
702 891 718 891 718 910 702 910
419 781 439 781 439 800 419 800
263 315 285 315 285 334 263 334
63 1335 103 1335 103 1354 63 1354
299 418 314 418 314 437 299 437
488 1244 509 1244 509 1263 488 1263
628 985 650 985 650 1004 628 1004
402 1377 424 1377 424 1396 402 1396
473 675 489 675 489 695 473 695
136 957 161 957 161 977 136 977
470 560 495 560 495 580 470 580
752 997 799 997 799 1017 752 1017
754 441 801 441 801 461 754 461
406 569 422 569 422 589 406 589
208 1055 226 1055 226 1075 208 1075
283 758 302 758 302 778 283 778
418 1128 439 1128 439 1148 418 1148
487 1345 513 1345 513 1365 487 1365
297 291 314 291 314 311 297 311
511 785 529 785 529 805 511 805
491 1366 511 1366 511 1386 491 1386
507 655 531 655 531 675 507 675
469 651 496 651 496 671 469 671
706 477 718 477 718 498 706 498
267 540 282 540 282 561 267 561
265 599 285 599 285 620 265 620
436 506 461 506 461 527 436 527
766 1283 792 1283 792 1304 766 1304
554 295 574 295 574 316 554 316
73 1350 95 1350 95 1371 73 1371
398 417 421 417 421 438 398 438
832 957 855 957 855 978 832 978
505 524 528 524 528 546 505 546
578 584 604 584 604 606 578 606
337 1239 350 1239 350 1261 337 1261
474 458 490 458 490 480 474 480
485 1387 518 1387 518 1409 485 1409
334 442 350 442 350 464 334 464
833 1273 852 1273 852 1295 833 1295
364 1333 387 1333 387 1356 364 1356
828 1219 854 1219 854 1242 828 1242
199 472 232 472 232 495 199 495
557 440 576 440 576 463 557 463
628 614 650 614 650 637 628 637
197 499 234 499 234 522 197 522
365 315 379 315 379 339 365 339
502 457 529 457 529 481 502 481
400 516 430 516 430 540 400 540
435 533 465 533 465 557 435 557
132 1283 168 1283 168 1307 132 1307
616 1244 657 1244 657 1268 616 1268
336 416 350 416 350 440 336 440
771 1256 789 1256 789 1280 771 1280
366 344 387 344 387 368 366 368
423 1283 445 1283 445 1307 423 1307
507 679 535 679 535 703 507 703
757 669 792 669 792 693 757 693
688 360 725 360 725 384 688 384
337 1293 355 1293 355 1317 337 1317
401 329 423 329 423 353 401 353
136 541 159 541 159 565 136 565
417 985 441 985 441 1009 417 1009
760 1055 788 1055 788 1079 760 1079
574 667 603 667 603 691 574 691
761 903 797 903 797 927 761 927
207 833 225 833 225 858 207 858
128 424 169 424 169 449 128 449
418 922 439 922 439 947 418 947
405 542 428 542 428 567 405 567
399 356 424 356 424 381 399 381
299 669 324 669 324 694 299 694
830 494 860 494 860 519 830 519
205 1311 236 1311 236 1336 205 1336
827 631 862 631 862 656 827 656
341 1042 378 1042 378 1067 341 1067
61 1076 100 1076 100 1101 61 1101
631 752 649 752 649 778 631 778
505 706 534 706 534 732 505 732
420 1253 452 1253 452 1279 420 1279
326 327 360 327 360 353 326 353
820 1031 855 1031 855 1057 820 1057
59 935 98 935 98 961 59 961
767 409 784 409 784 435 767 435
334 1210 352 1210 352 1236 334 1236
137 610 157 610 157 636 137 636
401 465 422 465 422 491 401 491
434 604 456 604 456 630 434 630
348 622 370 622 370 648 348 648
360 427 389 427 389 453 360 453
824 521 861 521 861 547 824 547
71 828 90 828 90 854 71 854
346 943 366 943 366 969 346 969
419 952 446 952 446 978 419 978
623 381 658 381 658 407 623 407
623 722 663 722 663 748 623 748
837 468 856 468 856 495 837 495
63 655 83 655 83 682 63 682
765 1306 790 1306 790 1333 765 1333
576 843 608 843 608 870 576 870
688 404 725 404 725 431 688 431
471 582 494 582 494 609 471 609
401 1349 425 1349 425 1376 401 1376
204 1077 229 1077 229 1104 204 1104
480 907 520 907 520 934 480 934
617 1011 658 1011 658 1038 617 1038
278 1191 301 1191 301 1219 278 1219
327 472 358 472 358 500 327 500
618 1272 656 1272 656 1300 618 1300
128 638 167 638 167 666 128 666
413 1148 452 1148 452 1176 413 1176
568 771 607 771 607 799 568 799
759 839 802 839 802 867 759 867
698 622 716 622 716 650 698 650
349 1115 371 1115 371 1143 349 1143
692 790 718 790 718 818 692 818
434 372 461 372 461 400 434 400
291 384 323 384 323 412 291 412
468 528 501 528 501 556 468 556
267 1268 308 1268 308 1296 267 1296
833 656 852 656 852 684 833 684
268 679 290 679 290 707 268 707
71 1175 93 1175 93 1203 71 1203
768 872 793 872 793 900 768 900
297 520 322 520 322 548 297 548
421 1310 450 1310 450 1338 421 1338
409 633 447 633 447 661 409 661
59 488 100 488 100 516 59 516
831 687 849 687 849 716 831 716
629 1163 653 1163 653 1192 629 1192
537 593 567 593 567 622 537 622
500 487 531 487 531 516 500 516
331 1381 364 1381 364 1410 331 1410
764 506 786 506 786 535 764 535
626 545 648 545 648 574 626 574
540 558 565 558 565 587 540 587
542 709 568 709 568 738 542 738
504 552 532 552 532 581 504 581
506 622 534 622 534 651 506 651
139 1382 178 1382 178 1411 139 1411
501 588 529 588 529 618 501 618
344 588 374 588 374 618 344 618
469 696 502 696 502 726 469 726
829 1297 862 1297 862 1327 829 1327
428 338 463 338 463 368 428 368
130 1305 170 1305 170 1335 130 1335
67 559 87 559 87 589 67 589
71 961 92 961 92 991 71 991
70 1144 95 1144 95 1174 70 1174
366 394 392 394 392 424 366 424
628 1040 658 1040 658 1070 628 1070
330 1261 363 1261 363 1291 330 1291
59 592 99 592 99 622 59 622
690 694 733 694 733 724 690 724
574 739 608 739 608 770 574 770
516 728 528 728 528 759 516 759
299 350 317 350 317 381 299 381
75 1375 95 1375 95 1406 75 1406
768 1225 789 1225 789 1256 768 1256
415 845 440 845 440 876 415 876
261 505 287 505 287 536 261 536
825 1185 855 1185 855 1216 825 1216
432 1373 466 1373 466 1404 432 1404
688 1090 724 1090 724 1121 688 1121
536 673 573 673 573 704 536 704
822 434 861 434 861 465 822 465
57 1204 117 1204 117 1235 57 1235
366 1236 390 1236 390 1267 366 1267
294 443 323 443 323 474 294 474
570 513 601 513 601 544 570 544
430 434 463 434 463 465 430 465
694 591 733 591 733 622 694 622
269 466 291 466 291 498 269 498
575 549 601 549 601 581 575 581
550 467 585 467 585 499 550 499
66 621 89 621 89 653 66 653
469 489 498 489 498 521 469 521
295 632 326 632 326 664 295 664
823 712 855 712 855 744 823 744
136 1158 169 1158 169 1190 136 1190
416 1216 455 1216 455 1248 416 1248
691 860 732 860 732 892 691 892
619 1073 666 1073 666 1105 619 1105
138 1334 162 1334 162 1367 138 1367
397 293 425 293 425 326 397 326
398 384 426 384 426 417 398 417
755 331 792 331 792 364 755 364
545 322 588 322 588 355 545 355
260 425 289 425 289 458 260 458
292 596 324 596 324 629 292 629
413 746 449 746 449 779 413 779
338 691 376 691 376 724 338 724
339 813 379 813 379 846 339 846
364 521 393 521 393 554 364 554
413 714 449 714 449 747 413 747
621 946 660 946 660 979 621 979
343 548 383 548 383 581 343 581
325 290 357 290 357 324 325 324
200 567 235 567 235 601 200 601
621 341 657 341 657 375 621 375
829 401 865 401 865 435 829 435
67 1303 108 1303 108 1337 67 1337
822 790 867 790 867 824 822 824
67 903 92 903 92 937 67 937
765 587 798 587 798 621 765 621
571 806 606 806 606 840 571 840
197 1334 236 1334 236 1368 197 1368
435 465 459 465 459 500 435 500
623 779 655 779 655 814 623 814
259 562 293 562 293 597 259 597
821 1243 866 1243 866 1278 821 1278
633 1368 662 1368 662 1403 633 1403
413 1091 445 1091 445 1126 413 1126
64 1233 109 1233 109 1268 64 1268
753 1139 802 1139 802 1174 753 1174
544 518 563 518 563 553 544 553
830 592 861 592 861 627 830 627
276 983 311 983 311 1018 276 1018
821 1368 863 1368 863 1403 821 1403
480 1307 527 1307 527 1342 480 1342
345 970 367 970 367 1006 345 1006
482 346 507 346 507 382 482 382
283 1018 309 1018 309 1054 283 1054
482 1209 520 1209 520 1245 482 1245
478 937 518 937 518 973 478 973
475 1017 522 1017 522 1053 475 1053
360 1292 393 1292 393 1328 360 1328
344 1000 383 1000 383 1036 344 1036
413 1055 452 1055 452 1091 413 1091
63 1037 105 1037 105 1073 63 1073
269 711 291 711 291 748 269 748
63 430 94 430 94 467 63 467
412 806 447 806 447 843 412 843
61 397 98 397 98 434 61 434
128 394 169 394 169 431 128 431
708 907 716 907 716 944 708 944
201 713 238 713 238 750 201 750
618 640 661 640 661 677 618 677
618 512 661 512 661 549 618 549
546 741 558 741 558 778 546 778
478 763 493 763 493 800 478 800
767 962 787 962 787 999 767 999
418 1173 444 1173 444 1210 418 1210
694 1298 728 1298 728 1335 694 1335
202 638 237 638 237 675 202 675
548 358 589 358 589 395 548 395
622 1338 665 1338 665 1375 622 1375
772 1017 786 1017 786 1055 772 1055
620 913 658 913 658 951 620 951
479 1097 520 1097 520 1135 479 1135
197 675 240 675 240 713 197 713
55 326 98 326 98 364 55 364
816 1061 864 1061 864 1099 816 1099
287 1108 293 1108 293 1147 287 1147
275 1149 303 1149 303 1188 275 1188
761 927 800 927 800 966 761 966
774 802 781 802 781 841 774 841
147 1121 155 1121 155 1160 147 1160
620 297 659 297 659 336 620 336
203 864 242 864 242 903 203 903
482 1267 521 1267 521 1306 482 1306
430 292 460 292 460 331 430 331
344 1073 379 1073 379 1112 344 1112
826 1098 863 1098 863 1137 826 1137
566 913 603 913 603 952 566 952
269 1223 310 1223 310 1262 269 1262
475 722 497 722 497 762 475 762
543 625 567 625 567 665 543 665
210 1366 235 1366 235 1406 210 1406
201 1106 236 1106 236 1146 201 1146
621 572 656 572 656 612 621 612
700 819 717 819 717 859 700 859
694 1345 728 1345 728 1385 694 1385
63 1104 101 1104 101 1144 63 1144
485 1174 523 1174 523 1214 485 1214
202 791 243 791 243 832 202 832
332 1320 363 1320 363 1361 332 1361
551 397 588 397 588 438 551 438
132 775 173 775 173 816 132 816
756 1080 803 1080 803 1121 756 1121
337 351 344 351 344 392 337 392
274 837 309 837 309 878 274 878
203 905 240 905 240 946 203 946
480 1053 525 1053 525 1094 480 1094
571 702 604 702 604 744 571 744
275 938 309 938 309 980 275 980
197 370 242 370 242 412 197 412
413 877 458 877 458 919 413 919
59 516 92 516 92 558 59 558
829 549 864 549 864 591 829 591
273 1070 308 1070 308 1112 273 1112
198 525 234 525 234 567 198 567
338 849 375 849 375 891 338 891
824 865 866 865 866 907 824 907
364 455 385 455 385 498 364 498
134 908 158 908 158 951 134 951
482 299 517 299 517 342 482 342
620 674 657 674 657 717 620 717
690 652 734 652 734 695 690 695
126 449 172 449 172 492 126 492
127 499 166 499 166 542 127 542
617 413 661 413 661 456 617 456
478 807 523 807 523 850 478 850
60 1265 97 1265 97 1308 60 1308
199 327 238 327 238 370 199 370
765 365 790 365 790 409 765 409
829 1323 863 1323 863 1367 829 1367
134 1236 177 1236 177 1280 134 1280
341 722 376 722 376 766 341 766
476 974 518 974 518 1018 476 1018
131 1019 176 1019 176 1063 131 1063
205 1152 229 1152 229 1197 205 1197
696 1174 723 1174 723 1219 696 1219
351 649 379 649 379 694 351 694
128 974 170 974 170 1019 128 1019
128 817 173 817 173 862 128 862
365 1356 391 1356 391 1401 365 1401
822 746 866 746 866 791 822 791
410 1013 457 1013 457 1058 410 1058
336 767 374 767 374 812 336 812
758 693 796 693 796 738 758 738
197 746 237 746 237 791 197 791
124 348 171 348 171 393 124 393
687 498 726 498 726 544 687 544
614 1194 661 1194 661 1240 614 1240
126 1192 175 1192 175 1238 126 1238
271 335 278 335 278 381 271 381
59 358 86 358 86 404 59 404
822 909 858 909 858 955 822 955
130 858 167 858 167 904 130 904
617 817 661 817 661 863 617 863
338 1146 383 1146 383 1192 338 1192
199 1008 232 1008 232 1055 199 1055
718 777 729 777 729 824 718 824
627 1110 658 1110 658 1157 627 1157
828 335 861 335 861 382 828 382
756 620 793 620 793 667 756 667
408 667 448 667 448 714 408 714
58 852 103 852 103 899 58 899
694 939 728 939 728 987 694 987
690 1123 725 1123 725 1171 690 1171
819 980 864 980 864 1028 819 1028
278 889 311 889 311 937 278 937
689 543 727 543 727 591 689 591
690 427 737 427 737 475 690 475
618 458 660 458 660 507 618 507
686 1042 729 1042 729 1091 686 1091
481 855 524 855 524 904 481 904
267 785 311 785 311 834 267 834
342 890 373 890 373 939 342 939
126 720 170 720 170 769 126 769
197 1259 242 1259 242 1308 197 1308
764 453 789 453 789 503 764 503
759 538 798 538 798 588 759 588
757 1174 797 1174 797 1224 757 1224
688 724 732 724 732 774 688 774
54 729 101 729 101 779 54 779
127 563 178 563 178 614 127 614
478 1133 524 1133 524 1184 478 1184
823 821 868 821 868 873 823 873
306 722 315 722 315 774 306 774
66 686 87 686 87 738 66 738
761 756 800 756 800 810 761 810
619 860 656 860 656 915 619 915
274 620 282 620 282 676 274 676
695 989 724 989 724 1045 695 1045
130 1066 173 1066 173 1122 130 1122
637 1296 645 1296 645 1353 637 1353
201 411 232 411 232 470 201 470
200 948 232 948 232 1007 200 1007
58 775 99 775 99 834 58 834
489 384 497 384 497 443 489 443
200 1198 235 1198 235 1260 200 1260
