886 594 898 594 898 601 886 601
566 1206 581 1206 581 1216 566 1216
911 567 931 567 931 579 911 579
209 361 231 361 231 373 209 373
911 512 937 512 937 524 911 524
215 403 222 403 222 415 215 415
540 1098 567 1098 567 1111 540 1111
884 1115 894 1115 894 1129 884 1129
634 717 645 717 645 731 634 731
261 1359 274 1359 274 1374 261 1374
562 1308 577 1308 577 1323 562 1323
326 321 353 321 353 336 326 336
571 1255 586 1255 586 1271 571 1271
119 752 144 752 144 768 119 768
617 849 634 849 634 865 617 865
263 769 281 769 281 785 263 785
404 1103 422 1103 422 1119 404 1119
467 1325 492 1325 492 1341 467 1341
540 753 567 753 567 769 540 769
195 588 211 588 211 604 195 604
618 1189 634 1189 634 1205 618 1205
124 1203 147 1203 147 1219 124 1219
825 605 843 605 843 622 825 622
610 449 639 449 639 466 610 466
267 424 276 424 276 441 267 441
196 1094 205 1094 205 1111 196 1111
568 1361 578 1361 578 1378 568 1378
265 1140 282 1140 282 1157 265 1157
395 1085 422 1085 422 1102 395 1102
752 1016 780 1016 780 1033 752 1033
689 1112 702 1112 702 1130 689 1130
617 1318 635 1318 635 1336 617 1336
896 1323 914 1323 914 1341 896 1341
402 1358 416 1358 416 1376 402 1376
194 943 208 943 208 961 194 961
329 339 348 339 348 357 329 357
688 686 700 686 700 704 688 704
126 322 144 322 144 340 126 340
896 779 914 779 914 797 896 797
617 466 636 466 636 484 617 484
895 923 914 923 914 941 895 941
466 783 493 783 493 801 466 801
679 1165 708 1165 708 1183 679 1183
395 1164 428 1164 428 1182 395 1182
689 1184 707 1184 707 1203 689 1203
747 611 784 611 784 630 747 630
568 1282 581 1282 581 1301 568 1301
762 1187 777 1187 777 1206 762 1206
878 511 898 511 898 530 878 530
254 474 284 474 284 493 254 493
687 565 701 565 701 585 687 585
463 1206 498 1206 498 1226 463 1226
606 538 646 538 646 558 606 558
677 1006 720 1006 720 1026 677 1026
612 610 639 610 639 630 612 630
828 870 844 870 844 890 828 890
619 1267 636 1267 636 1287 619 1287
127 410 144 410 144 430 127 430
690 1329 709 1329 709 1349 690 1349
748 346 777 346 777 366 748 366
538 701 571 701 571 721 538 721
262 448 283 448 283 469 262 469
609 1207 640 1207 640 1228 609 1228
607 517 644 517 644 538 607 538
390 526 433 526 433 547 390 547
895 725 908 725 908 746 895 746
826 739 842 739 842 760 826 760
127 431 144 431 144 452 127 452
127 646 146 646 146 667 127 667
207 378 229 378 229 399 207 399
397 852 423 852 423 873 397 873
819 959 849 959 849 980 819 980
400 1030 415 1030 415 1052 400 1052
333 461 349 461 349 483 333 483
608 942 649 942 649 964 608 964
826 328 843 328 843 350 826 350
129 1178 146 1178 146 1200 129 1200
402 1246 420 1246 420 1268 402 1268
910 490 933 490 933 512 910 512
883 833 920 833 920 855 883 855
194 708 213 708 213 731 194 731
758 1272 777 1272 777 1295 758 1295
550 457 581 457 581 480 550 480
748 404 782 404 782 427 748 427
114 888 153 888 153 911 114 911
546 398 562 398 562 421 546 421
263 917 279 917 279 940 263 940
472 1297 488 1297 488 1320 472 1320
686 764 704 764 704 787 686 787
890 940 918 940 918 963 890 963
679 1344 708 1344 708 1367 679 1367
472 461 488 461 488 484 472 484
687 436 704 436 704 459 687 459
878 453 897 453 897 476 878 476
757 783 777 783 777 806 757 806
755 759 776 759 776 782 755 782
401 504 422 504 422 527 401 527
616 589 638 589 638 612 616 612
458 593 497 593 497 616 458 616
883 963 922 963 922 986 883 986
265 1082 279 1082 279 1106 265 1106
195 1238 211 1238 211 1262 195 1262
472 686 490 686 490 710 472 710
122 1154 148 1154 148 1178 122 1178
753 1296 780 1296 780 1320 753 1320
828 1342 843 1342 843 1366 828 1366
263 399 279 399 279 423 263 423
324 484 361 484 361 508 324 508
191 1111 207 1111 207 1136 191 1136
192 1040 210 1040 210 1065 192 1065
402 1219 423 1219 423 1244 402 1244
179 383 201 383 201 408 179 408
908 582 936 582 936 607 908 607
478 534 508 534 508 559 478 559
254 1375 284 1375 284 1400 254 1400
478 1153 509 1153 509 1178 478 1178
533 966 580 966 580 991 533 991
265 889 274 889 274 914 265 914
887 1083 899 1083 899 1108 887 1108
896 1265 908 1265 908 1290 896 1290
197 528 211 528 211 553 197 553
827 546 842 546 842 571 827 571
546 1038 562 1038 562 1063 546 1063
824 662 841 662 841 687 824 687
328 388 362 388 362 413 328 413
546 1373 562 1373 562 1398 546 1398
878 1028 898 1028 898 1053 878 1053
326 362 355 362 355 387 326 387
186 648 222 648 222 673 186 673
883 1367 921 1367 921 1392 883 1392
460 806 503 806 503 831 460 831
741 1037 788 1037 788 1062 741 1062
685 494 708 494 708 520 685 520
907 417 938 417 938 443 907 443
620 1004 636 1004 636 1030 620 1030
187 884 204 884 204 910 187 910
258 863 280 863 280 889 258 889
121 1026 149 1026 149 1052 121 1052
186 1376 217 1376 217 1402 186 1402
614 795 629 795 629 822 614 822
616 393 633 393 633 420 616 420
407 598 438 598 438 625 407 625
535 1294 566 1294 566 1321 535 1321
392 360 426 360 426 387 392 387
619 558 632 558 632 585 619 585
175 325 201 325 201 352 175 352
907 1068 934 1068 934 1095 907 1095
464 1178 498 1178 498 1205 464 1205
115 1373 158 1373 158 1400 115 1400
120 455 150 455 150 482 120 482
674 699 718 699 718 726 674 726
186 910 217 910 217 938 186 938
398 1301 429 1301 429 1329 398 1329
815 675 852 675 852 703 815 703
253 789 295 789 295 817 253 817
620 1127 638 1127 638 1155 620 1155
193 1065 213 1065 213 1093 193 1093
186 1136 218 1136 218 1164 186 1164
887 855 921 855 921 883 887 883
610 661 647 661 647 689 610 689
817 385 857 385 857 413 817 413
603 631 644 631 644 659 603 659
472 432 489 432 489 461 472 461
907 607 933 607 933 636 907 636
120 381 146 381 146 410 120 410
547 672 574 672 574 701 547 701
878 1054 905 1054 905 1083 878 1083
749 660 777 660 777 689 749 689
119 858 150 858 150 887 119 887
677 460 710 460 710 489 677 489
608 822 642 822 642 851 608 851
756 317 771 317 771 346 756 346
205 327 233 327 233 356 205 356
612 1288 641 1288 641 1317 612 1317
609 488 642 488 642 517 609 517
535 1063 568 1063 568 1092 535 1092
818 1279 863 1279 863 1308 818 1308
831 1166 845 1166 845 1195 831 1195
263 705 286 705 286 734 263 734
176 352 201 352 201 381 176 381
603 1370 642 1370 642 1399 603 1399
400 821 421 821 421 851 400 851
874 604 901 604 901 634 874 634
750 983 780 983 780 1013 750 1013
874 531 904 531 904 561 874 561
886 1235 920 1235 920 1265 886 1265
821 1017 844 1017 844 1047 821 1047
678 585 710 585 710 615 678 615
115 1052 151 1052 151 1082 115 1082
887 1208 927 1208 927 1238 887 1238
748 1201 789 1201 789 1231 748 1231
255 1154 298 1154 298 1184 255 1184
127 1339 144 1339 144 1370 127 1370
686 615 704 615 704 646 686 646
905 1034 934 1034 934 1065 905 1065
821 891 852 891 852 922 821 922
395 1269 427 1269 427 1300 395 1300
817 352 850 352 850 383 817 383
886 802 922 802 922 833 886 833
533 722 569 722 569 753 533 753
461 709 498 709 498 740 461 740
254 1107 291 1107 291 1138 254 1138
766 498 775 498 775 529 766 529
541 641 570 641 570 672 541 672
538 420 567 420 567 451 538 451
889 746 919 746 919 777 889 777
181 853 211 853 211 884 181 884
256 941 287 941 287 972 256 972
393 1373 424 1373 424 1404 393 1404
748 530 781 530 781 561 748 561
321 508 360 508 360 539 321 539
391 1329 437 1329 437 1360 391 1360
404 873 418 873 418 904 404 904
755 689 774 689 774 720 755 720
118 610 150 610 150 641 118 641
391 1052 424 1052 424 1083 391 1083
538 1165 572 1165 572 1196 538 1196
468 405 503 405 503 436 468 436
760 953 774 953 774 985 760 985
759 427 775 427 775 459 759 459
613 1031 642 1031 642 1063 613 1063
535 854 569 854 569 886 535 886
120 346 155 346 155 378 120 378
818 475 855 475 855 507 818 507
674 971 711 971 711 1003 674 1003
251 494 288 494 288 526 251 526
817 445 856 445 856 477 817 477
885 1337 926 1337 926 1369 885 1369
811 1365 853 1365 853 1397 811 1397
211 418 225 418 225 450 211 450
694 1255 710 1255 710 1287 694 1287
258 1225 284 1225 284 1257 258 1257
121 1307 151 1307 151 1339 121 1339
819 761 850 761 850 793 819 793
188 1006 220 1006 220 1038 188 1038
887 1139 920 1139 920 1171 887 1171
609 766 642 766 642 798 609 798
607 1337 642 1337 642 1369 607 1369
462 835 497 835 497 867 462 867
884 1291 921 1291 921 1323 884 1323
463 1036 503 1036 503 1068 463 1068
762 626 768 626 768 659 762 659
911 532 934 532 934 565 911 565
186 731 218 731 218 764 186 764
462 1001 499 1001 499 1034 462 1034
677 1130 715 1130 715 1163 677 1163
687 937 706 937 706 970 687 970
400 787 422 787 422 820 400 820
681 787 709 787 709 820 681 820
683 863 714 863 714 896 683 896
123 1082 154 1082 154 1115 123 1115
604 415 637 415 637 448 604 448
253 735 286 735 286 768 253 768
463 559 498 559 498 592 463 592
880 994 899 994 899 1027 880 1027
819 703 842 703 842 736 819 736
188 553 221 553 221 586 188 586
384 677 435 677 435 710 384 710
817 627 848 627 848 661 817 661
607 363 648 363 648 397 607 397
262 1257 279 1257 279 1291 262 1291
259 365 284 365 284 399 259 399
251 1330 291 1330 291 1364 251 1364
814 509 857 509 857 543 814 543
470 617 483 617 483 652 470 652
190 673 211 673 211 708 190 708
908 1098 931 1098 931 1133 908 1133
818 572 847 572 847 607 818 607
908 451 939 451 939 486 908 486
681 725 702 725 702 760 681 760
893 365 922 365 922 400 893 400
749 806 782 806 782 841 749 841
463 868 498 868 498 903 463 903
119 714 155 714 155 749 119 749
900 329 916 329 916 364 900 364
615 869 633 869 633 904 615 904
193 1262 214 1262 214 1297 193 1297
817 411 849 411 849 446 817 446
611 1154 646 1154 646 1189 611 1189
816 834 857 834 857 869 816 869
817 1198 860 1198 860 1233 817 1233
459 1259 504 1259 504 1294 459 1294
183 451 230 451 230 486 183 486
825 1303 844 1303 844 1339 825 1339
537 1328 574 1328 574 1364 537 1364
531 930 572 930 572 966 531 966
672 1367 717 1367 717 1403 672 1403
620 967 636 967 636 1003 620 1003
257 619 282 619 282 655 257 655
876 559 903 559 903 595 876 595
120 946 155 946 155 982 120 982
675 826 716 826 716 862 675 862
815 980 857 980 857 1016 815 1016
879 1170 922 1170 922 1206 879 1206
472 1226 485 1226 485 1263 472 1263
825 1130 850 1130 850 1167 825 1167
751 1231 778 1231 778 1268 751 1268
400 467 429 467 429 504 400 504
188 609 224 609 224 646 188 646
462 652 499 652 499 689 462 689
607 690 645 690 645 727 607 727
677 318 717 318 717 355 677 355
751 721 781 721 781 758 751 758
460 1069 493 1069 493 1106 460 1106
187 1342 220 1342 220 1379 187 1379
536 1124 575 1124 575 1161 536 1161
681 648 711 648 711 685 681 685
119 529 154 529 154 566 119 566
121 1115 157 1115 157 1152 121 1152
460 1109 496 1109 496 1146 460 1146
818 1096 856 1096 856 1133 818 1133
750 1106 788 1106 788 1143 750 1143
261 1292 285 1292 285 1330 261 1330
750 1149 782 1149 782 1187 750 1187
672 358 719 358 719 396 672 396
387 749 434 749 434 787 387 787
894 884 914 884 914 922 894 922
751 1361 781 1361 781 1399 751 1399
118 1225 154 1225 154 1263 118 1263
392 1180 429 1180 429 1218 392 1218
754 459 782 459 782 498 754 498
186 1204 222 1204 222 1243 186 1243
819 795 847 795 847 834 819 834
609 1228 645 1228 645 1267 609 1267
607 1068 645 1068 645 1107 607 1107
392 385 431 385 431 424 392 424
615 321 643 321 643 360 615 360
123 491 156 491 156 530 123 530
184 1166 228 1166 228 1205 184 1205
533 483 582 483 582 522 533 522
127 909 139 909 139 949 127 949
751 1066 788 1066 788 1106 751 1106
187 966 226 966 226 1006 187 1006
115 816 154 816 154 856 115 856
534 773 578 773 578 813 534 813
254 575 291 575 291 615 254 615
535 560 574 560 574 600 535 600
461 743 502 743 502 783 461 783
460 910 502 910 502 950 460 950
389 1124 436 1124 436 1164 389 1164
388 317 435 317 435 357 388 357
809 922 860 922 860 962 809 962
181 408 195 408 195 449 181 449
610 1097 636 1097 636 1138 610 1138
396 902 431 902 431 943 396 943
604 731 649 731 649 772 604 772
464 362 503 362 503 403 464 403
681 1213 710 1213 710 1254 681 1254
676 521 715 521 715 562 676 562
535 523 575 523 575 564 535 564
677 1286 722 1286 722 1327 677 1327
534 599 569 599 569 641 534 641
605 905 648 905 648 947 605 947
468 317 495 317 495 359 468 359
389 947 432 947 432 989 389 989
547 313 562 313 562 356 547 356
115 773 149 773 149 816 115 816
391 424 430 424 430 467 391 467
818 1238 859 1238 859 1281 818 1281
178 815 220 815 220 858 178 858
121 981 153 981 153 1024 121 1024
394 707 427 707 427 750 394 750
534 812 571 812 571 855 534 855
460 487 499 487 499 530 460 530
182 484 225 484 225 527 182 527
190 1297 221 1297 221 1340 190 1340
249 281 292 281 292 324 249 324
530 886 574 886 574 929 530 929
532 1215 577 1215 577 1258 532 1258
260 1180 286 1180 286 1224 260 1224
676 1075 713 1075 713 1119 676 1119
670 394 708 394 708 438 670 438
532 356 575 356 575 400 532 400
883 641 919 641 919 686 883 686
392 990 428 990 428 1035 392 1035
115 1262 152 1262 152 1307 115 1307
264 817 284 817 284 862 264 862
813 1049 859 1049 859 1094 813 1094
750 1321 780 1321 780 1367 750 1367
394 629 425 629 425 675 394 675
113 668 151 668 151 714 113 714
751 564 791 564 791 610 751 610
329 412 350 412 350 459 329 459
675 1026 712 1026 712 1074 675 1074
881 686 924 686 924 734 881 734
255 526 283 526 283 575 255 575
537 986 575 986 575 1035 537 1035
250 656 298 656 298 705 250 705
177 765 218 765 218 814 177 814
464 951 497 951 497 1001 464 1001
747 899 786 899 786 953 747 953
406 539 413 539 413 594 406 594
250 1024 290 1024 290 1080 250 1080
749 843 789 843 789 900 749 900
252 972 290 972 290 1033 252 1033
