737 1210 753 1210 753 1224 737 1224
609 601 621 601 621 617 609 617
329 369 361 369 361 385 329 385
608 353 619 353 619 370 608 370
270 1161 286 1161 286 1178 270 1178
533 830 553 830 553 847 533 847
535 357 553 357 553 374 535 374
721 1015 754 1015 754 1033 721 1033
601 671 619 671 619 689 601 689
669 523 690 523 690 541 669 541
667 778 688 778 688 796 667 796
601 978 619 978 619 996 601 996
602 297 621 297 621 315 602 315
736 818 755 818 755 836 736 836
604 543 625 543 625 561 604 561
265 612 287 612 287 630 265 630
258 1107 287 1107 287 1125 258 1125
727 689 764 689 764 707 727 707
69 441 80 441 80 460 69 460
735 532 756 532 756 551 735 551
595 1129 618 1129 618 1148 595 1148
70 861 85 861 85 880 70 880
668 959 686 959 686 978 668 978
598 1181 626 1181 626 1200 598 1200
724 1270 755 1270 755 1289 724 1289
272 354 285 354 285 374 272 374
789 319 803 319 803 339 789 339
795 1293 815 1293 815 1313 795 1313
797 589 820 589 820 609 797 609
780 301 807 301 807 321 780 321
525 710 561 710 561 730 525 730
532 473 549 473 549 493 532 493
66 710 86 710 86 730 66 730
800 890 821 890 821 910 800 910
133 714 155 714 155 734 133 734
670 1162 692 1162 692 1182 670 1182
601 1037 622 1037 622 1057 601 1057
469 711 488 711 488 732 469 732
535 550 555 550 555 571 535 571
467 1155 487 1155 487 1176 467 1176
598 718 625 718 625 739 598 739
61 986 92 986 92 1007 61 1007
123 304 161 304 161 325 123 325
470 427 483 427 483 448 470 448
811 436 836 436 836 457 811 457
539 949 551 949 551 971 539 971
401 1253 414 1253 414 1275 401 1275
258 220 293 220 293 242 258 242
596 693 631 693 631 715 596 715
535 772 550 772 550 795 535 795
600 388 625 388 625 411 600 411
212 481 240 481 240 504 212 504
525 574 564 574 564 597 525 597
789 363 799 363 799 386 789 386
815 298 827 298 827 321 815 321
332 509 351 509 351 532 332 532
731 300 761 300 761 323 731 323
663 547 700 547 700 570 663 570
526 449 566 449 566 472 526 472
668 1314 682 1314 682 1337 668 1337
791 1114 806 1114 806 1137 791 1137
338 341 353 341 353 364 338 364
731 837 761 837 761 860 731 860
537 527 569 527 569 550 537 550
600 620 626 620 626 644 600 644
804 531 817 531 817 555 804 555
124 366 162 366 162 390 124 390
526 923 557 923 557 948 526 948
590 1203 624 1203 624 1228 590 1228
800 1234 813 1234 813 1259 800 1259
527 602 564 602 564 627 527 627
604 920 619 920 619 945 604 945
464 1178 480 1178 480 1203 464 1203
399 353 419 353 419 378 399 378
815 1142 836 1142 836 1167 815 1167
666 981 689 981 689 1006 666 1006
394 867 421 867 421 892 394 892
797 649 824 649 824 674 797 674
800 1010 831 1010 831 1035 800 1035
664 867 696 867 696 892 664 892
653 1080 692 1080 692 1105 653 1105
270 299 283 299 283 325 270 325
537 302 552 302 552 328 537 328
396 303 421 303 421 329 396 329
462 816 488 816 488 842 462 842
143 222 173 222 173 248 143 248
457 873 495 873 495 899 457 899
727 552 768 552 768 578 727 578
672 1135 684 1135 684 1162 672 1162
670 456 687 456 687 483 670 483
735 616 753 616 753 643 735 643
132 876 160 876 160 903 132 903
599 1057 630 1057 630 1084 599 1084
600 805 631 805 631 832 600 832
256 327 297 327 297 354 256 354
462 1101 482 1101 482 1128 462 1128
609 647 635 647 635 674 609 674
727 755 764 755 764 782 727 782
263 1047 280 1047 280 1074 263 1074
732 325 750 325 750 352 732 352
262 873 284 873 284 900 262 900
673 930 699 930 699 957 673 957
808 1113 836 1113 836 1140 808 1140
70 219 99 219 99 246 70 246
452 1247 490 1247 490 1274 452 1274
726 1298 750 1298 750 1326 726 1326
184 476 209 476 209 504 184 504
389 327 434 327 434 355 389 355
603 483 618 483 618 511 603 511
65 651 81 651 81 679 65 679
605 414 625 414 625 442 605 442
531 971 557 971 557 999 531 999
658 1336 696 1336 696 1364 658 1364
790 914 831 914 831 942 790 942
594 363 638 363 638 391 594 391
56 767 103 767 103 795 56 795
789 338 801 338 801 366 789 366
606 740 619 740 619 768 606 768
670 839 688 839 688 867 670 867
527 327 556 327 556 355 527 355
456 441 503 441 503 469 456 469
669 718 684 718 684 747 669 747
735 472 751 472 751 501 735 501
726 1035 752 1035 752 1064 726 1064
58 732 89 732 89 761 58 761
725 1149 758 1149 758 1178 725 1178
51 454 96 454 96 483 51 483
138 907 151 907 151 936 138 936
71 955 87 955 87 984 71 984
789 1079 806 1079 806 1108 789 1108
670 298 689 298 689 327 670 327
598 1222 618 1222 618 1251 598 1251
523 418 554 418 554 447 523 447
386 658 432 658 432 687 386 687
395 692 418 692 418 722 395 722
539 893 564 893 564 923 539 923
595 1089 620 1089 620 1119 595 1119
598 320 628 320 628 350 598 350
393 514 428 514 428 544 393 544
56 577 96 577 96 607 56 607
790 855 824 855 824 885 790 885
593 947 631 947 631 977 593 977
814 363 827 363 827 393 814 393
795 821 822 821 822 851 795 851
794 556 825 556 825 586 794 586
661 748 693 748 693 778 661 778
729 500 762 500 762 530 729 530
724 1174 760 1174 760 1204 724 1204
256 729 295 729 295 759 256 759
658 1010 699 1010 699 1040 658 1040
269 544 285 544 285 575 269 575
136 648 154 648 154 679 136 679
466 644 484 644 484 675 466 675
265 633 288 633 288 664 265 664
810 1078 838 1078 838 1109 810 1109
126 806 161 806 161 837 126 837
252 1075 289 1075 289 1106 252 1106
389 1095 429 1095 429 1126 389 1126
60 835 106 835 106 866 60 866
266 803 286 803 286 834 266 834
398 798 421 798 421 829 398 829
799 676 826 676 826 707 799 707
395 542 424 542 424 573 395 573
593 1148 636 1148 636 1179 593 1179
731 945 748 945 748 976 731 976
799 943 819 943 819 974 799 974
396 382 428 382 428 413 396 413
258 903 293 903 293 934 258 934
55 412 102 412 102 443 55 443
56 880 106 880 106 911 56 911
726 780 756 780 756 812 726 812
464 344 495 344 495 376 464 376
192 386 228 386 228 418 192 418
390 769 427 769 427 801 390 801
466 936 486 936 486 968 466 968
593 509 630 509 630 541 593 541
722 357 764 357 764 389 722 389
53 339 102 339 102 371 53 371
795 466 827 466 827 499 795 499
390 623 423 623 423 656 390 656
726 1326 761 1326 761 1359 726 1359
661 374 698 374 698 407 661 407
388 1127 426 1127 426 1160 388 1160
455 1123 494 1123 494 1156 455 1156
790 500 834 500 834 533 790 533
659 568 707 568 707 601 659 601
467 736 488 736 488 769 467 769
460 972 492 972 492 1005 460 1005
205 600 242 600 242 633 205 633
271 376 298 376 298 409 271 409
262 696 294 696 294 729 262 729
526 735 567 735 567 768 526 768
53 1007 98 1007 98 1040 53 1040
662 897 693 897 693 931 662 931
666 600 697 600 697 634 666 634
251 1211 286 1211 286 1245 251 1245
798 1037 824 1037 824 1071 798 1071
460 904 487 904 487 938 460 938
791 747 827 747 827 781 791 781
599 1256 614 1256 614 1291 599 1291
134 328 157 328 157 363 134 363
727 979 757 979 757 1014 727 1014
595 445 629 445 629 480 595 480
523 492 559 492 559 527 523 527
789 615 825 615 825 650 789 650
326 434 363 434 363 469 326 469
783 392 808 392 808 427 783 427
253 1283 284 1283 284 1318 253 1318
792 1258 824 1258 824 1293 792 1293
528 794 562 794 562 829 528 829
793 1205 828 1205 828 1240 793 1240
390 969 428 969 428 1004 390 1004
467 472 492 472 492 507 467 507
49 612 97 612 97 647 49 647
272 835 280 835 280 871 272 871
202 344 217 344 217 380 202 380
401 832 418 832 418 868 401 868
458 1274 481 1274 481 1310 458 1310
667 485 693 485 693 521 667 521
600 564 631 564 631 600 600 600
656 1226 697 1226 697 1262 656 1262
459 248 503 248 503 284 459 284
527 671 552 671 552 707 527 707
54 675 92 675 92 711 54 711
592 1001 637 1001 637 1037 592 1037
811 321 830 321 830 357 811 357
729 1067 757 1067 757 1103 729 1103
130 396 160 396 160 432 130 432
389 1216 427 1216 427 1252 389 1252
658 804 698 804 698 840 658 840
660 1183 688 1183 688 1220 660 1220
128 938 162 938 162 975 128 975
592 1292 627 1292 627 1329 592 1329
126 737 167 737 167 774 126 774
250 1181 291 1181 291 1218 250 1218
136 769 156 769 156 806 136 806
136 838 165 838 165 875 136 875
261 572 294 572 294 609 261 609
726 1230 759 1230 759 1267 726 1267
204 557 242 557 242 594 204 594
458 673 497 673 497 711 458 711
665 1103 683 1103 683 1141 665 1141
535 378 554 378 554 416 535 416
124 677 169 677 169 715 124 715
457 301 505 301 505 339 457 339
738 574 751 574 751 613 738 613
53 371 99 371 99 410 53 410
787 709 834 709 834 748 787 748
64 301 85 301 85 340 64 340
791 1320 819 1320 819 1359 791 1359
459 555 497 555 497 594 459 594
383 1320 424 1320 424 1359 383 1359
808 394 833 394 833 434 808 434
254 1126 292 1126 292 1166 254 1166
453 841 499 841 499 881 453 881
596 768 626 768 626 808 596 808
723 434 763 434 763 474 723 474
259 412 300 412 300 452 259 452
250 1247 297 1247 297 1287 250 1287
68 911 94 911 94 951 68 951
109 219 139 219 139 259 109 259
660 677 695 677 695 717 660 717
255 1320 296 1320 296 1360 255 1360
541 624 549 624 549 665 541 665
740 864 754 864 754 905 740 905
127 433 161 433 161 474 127 474
255 1007 298 1007 298 1048 255 1048
263 760 293 760 293 801 263 801
326 469 362 469 362 510 326 510
793 974 831 974 831 1015 793 1015
389 1004 428 1004 428 1045 389 1045
257 459 298 459 298 500 257 500
472 1203 479 1203 479 1244 472 1244
736 644 751 644 751 685 736 685
795 1166 829 1166 829 1207 795 1207
254 964 293 964 293 1005 254 1005
399 1276 407 1276 407 1318 399 1318
727 712 762 712 762 754 727 754
459 510 502 510 502 552 459 552
36 215 72 215 72 257 36 257
119 527 164 527 164 569 119 569
326 390 371 390 371 432 326 432
194 422 225 422 225 465 194 465
60 793 104 793 104 836 60 836
56 530 100 530 100 573 56 573
193 299 226 299 226 342 193 342
67 486 94 486 94 530 67 530
390 579 428 579 428 623 390 623
591 874 630 874 630 918 591 918
463 1310 478 1310 478 1354 463 1354
728 390 758 390 758 434 728 434
141 479 150 479 150 524 141 524
666 1035 688 1035 688 1080 666 1080
123 611 165 611 165 656 123 656
458 1008 501 1008 501 1053 458 1053
595 832 633 832 633 877 595 877
328 296 369 296 369 342 328 342
667 408 696 408 696 454 667 454
660 634 705 634 705 680 660 680
333 532 357 532 357 578 333 578
725 1101 759 1101 759 1148 725 1148
394 924 433 924 433 971 394 971
392 721 432 721 432 769 392 769
672 328 685 328 685 376 672 376
255 494 294 494 294 542 255 542
260 654 301 654 301 702 260 702
455 1052 499 1052 499 1100 455 1100
186 506 206 506 206 554 186 554
388 880 437 880 437 928 388 928
465 769 482 769 482 819 465 819
457 596 497 596 497 646 457 646
792 779 818 779 818 830 792 830
129 568 170 568 170 619 129 619
389 1045 427 1045 427 1096 389 1096
386 459 430 459 430 510 386 510
476 376 486 376 486 429 476 429
656 1260 698 1260 698 1313 656 1313
392 1157 420 1157 420 1213 392 1213
731 886 759 886 759 944 731 944
