338 798 354 798 354 805 338 805
345 709 356 709 356 717 345 717
338 843 351 843 351 851 338 851
338 550 351 550 351 559 338 559
348 888 361 888 361 900 348 900
106 930 122 930 122 943 106 943
520 1294 548 1294 548 1307 520 1307
726 1407 756 1407 756 1420 726 1420
351 985 360 985 360 998 351 998
109 1317 135 1317 135 1330 109 1330
718 913 749 913 749 926 718 926
522 773 540 773 540 788 522 788
582 379 610 379 610 394 582 394
336 1003 355 1003 355 1018 336 1018
637 548 683 548 683 564 637 564
183 403 203 403 203 420 183 420
584 1081 615 1081 615 1098 584 1098
448 1181 490 1181 490 1198 448 1198
724 407 735 407 735 424 724 424
109 909 120 909 120 927 109 927
660 1221 676 1221 676 1239 660 1239
525 946 543 946 543 964 525 964
792 1256 815 1256 815 1274 792 1274
576 661 608 661 608 679 576 679
254 1148 273 1148 273 1167 254 1167
648 734 680 734 680 753 648 753
509 534 543 534 543 553 509 553
118 490 140 490 140 509 118 509
785 644 814 644 814 663 785 663
459 1120 475 1120 475 1140 459 1140
574 522 619 522 619 542 574 542
328 1022 340 1022 340 1042 328 1042
724 654 737 654 737 674 724 674
185 1198 203 1198 203 1219 185 1219
187 877 207 877 207 898 187 898
659 1412 684 1412 684 1433 659 1433
514 817 552 817 552 838 514 838
252 801 271 801 271 822 252 822
49 522 72 522 72 543 49 543
777 504 814 504 814 525 777 525
515 1125 552 1125 552 1146 515 1146
582 791 620 791 620 812 582 812
136 895 148 895 148 917 136 917
510 555 545 555 545 577 510 577
458 950 475 950 475 972 458 972
519 969 542 969 542 991 519 991
650 1070 680 1070 680 1092 650 1092
716 932 752 932 752 954 716 954
522 792 540 792 540 815 522 815
726 882 744 882 744 905 726 905
592 1372 613 1372 613 1395 592 1395
136 869 149 869 149 892 136 892
453 489 470 489 470 512 453 512
396 902 417 902 417 925 396 925
450 1318 483 1318 483 1341 450 1341
652 1334 686 1334 686 1357 652 1357
646 1048 684 1048 684 1071 646 1071
509 1150 549 1150 549 1173 509 1173
578 719 624 719 624 742 578 742
792 615 810 615 810 638 792 638
519 1071 541 1071 541 1094 519 1094
113 1257 135 1257 135 1280 113 1280
451 1298 479 1298 479 1321 451 1321
532 923 562 923 562 946 532 946
183 499 213 499 213 522 183 522
518 1382 548 1382 548 1405 518 1405
720 1129 752 1129 752 1152 720 1152
386 1195 419 1195 419 1218 386 1218
246 959 280 959 280 982 246 982
121 724 139 724 139 748 121 748
518 511 537 511 537 535 518 535
182 672 203 672 203 696 182 696
794 990 815 990 815 1014 794 1014
452 1372 477 1372 477 1396 452 1396
517 746 545 746 545 770 517 770
98 947 126 947 126 971 98 971
184 592 212 592 212 616 184 616
641 755 683 755 683 779 641 779
399 1215 415 1215 415 1239 399 1239
255 1299 271 1299 271 1323 255 1323
716 1315 750 1315 750 1339 716 1339
714 490 750 490 750 514 714 514
582 1230 621 1230 621 1254 582 1254
578 1100 620 1100 620 1124 578 1124
101 803 123 803 123 828 101 828
307 483 342 483 342 508 307 508
108 700 145 700 145 725 108 725
654 707 675 707 675 732 654 732
728 1374 744 1374 744 1399 728 1399
253 1088 269 1088 269 1113 253 1113
254 931 273 931 273 956 254 956
395 663 415 663 415 688 395 688
580 428 608 428 608 453 580 453
189 564 219 564 219 589 189 589
784 1098 824 1098 824 1123 784 1123
106 880 118 880 118 906 106 906
723 517 742 517 742 543 723 543
394 964 422 964 422 990 394 990
105 1343 142 1343 142 1369 105 1369
786 1194 826 1194 826 1220 786 1220
716 1289 756 1289 756 1315 716 1315
101 831 126 831 126 857 101 857
132 922 158 922 158 948 132 948
586 1202 615 1202 615 1228 586 1228
514 1176 550 1176 550 1202 514 1202
245 673 281 673 281 699 245 699
243 982 284 982 284 1008 243 1008
240 422 284 422 284 448 240 448
115 1185 142 1185 142 1212 115 1212
721 736 749 736 749 763 721 763
716 1026 749 1026 749 1053 716 1053
37 382 75 382 75 409 37 409
106 853 121 853 121 880 106 880
184 813 200 813 200 840 184 840
725 627 742 627 742 654 725 654
136 949 158 949 158 976 136 976
642 422 678 422 678 449 642 449
719 540 758 540 758 567 719 567
651 920 685 920 685 947 651 947
579 850 617 850 617 877 579 877
400 805 412 805 412 833 400 833
187 342 202 342 202 370 187 370
590 944 607 944 607 972 590 972
649 517 674 517 674 545 649 545
448 1088 483 1088 483 1116 448 1116
507 579 553 579 553 607 507 607
179 900 206 900 206 928 179 928
645 488 677 488 677 516 645 516
444 732 478 732 478 760 444 760
712 673 750 673 750 701 712 701
184 1135 201 1135 201 1163 184 1163
182 1365 199 1365 199 1393 182 1393
525 1406 542 1406 542 1434 525 1434
179 373 206 373 206 401 179 401
451 1397 479 1397 479 1425 451 1425
246 1322 281 1322 281 1350 246 1350
776 382 812 382 812 410 776 410
784 1357 821 1357 821 1385 784 1385
447 761 472 761 472 790 447 790
585 602 616 602 616 631 585 631
527 1262 542 1262 542 1291 527 1291
717 378 742 378 742 407 717 407
389 772 421 772 421 801 389 801
450 557 466 557 466 587 450 587
186 966 202 966 202 996 186 996
459 1194 477 1194 477 1224 459 1224
795 956 817 956 817 986 795 986
582 732 615 732 615 762 582 762
108 343 152 343 152 373 108 373
790 469 813 469 813 499 790 499
518 719 548 719 548 749 518 749
722 1224 753 1224 753 1254 722 1254
387 866 427 866 427 896 387 896
642 780 685 780 685 810 642 810
451 1342 483 1342 483 1372 451 1372
585 1174 624 1174 624 1204 585 1204
597 1289 621 1289 621 1320 597 1320
33 450 69 450 69 481 33 481
170 1303 210 1303 210 1334 170 1334
309 452 351 452 351 483 309 483
582 1309 630 1309 630 1340 582 1340
660 1159 681 1159 681 1190 660 1190
717 460 745 460 745 491 717 491
127 804 156 804 156 835 127 835
111 748 141 748 141 779 111 779
441 585 473 585 473 616 441 616
725 1258 743 1258 743 1290 725 1290
178 996 205 996 205 1028 178 1028
175 695 204 695 204 727 175 727
246 1173 276 1173 276 1205 246 1205
645 1014 680 1014 680 1046 645 1046
388 1284 426 1284 426 1316 388 1316
309 645 351 645 351 677 309 677
511 608 554 608 554 640 511 640
459 651 475 651 475 683 459 683
519 1231 545 1231 545 1263 519 1263
175 1162 207 1162 207 1194 175 1194
391 1154 423 1154 423 1186 391 1186
178 426 211 426 211 458 178 458
650 813 688 813 688 845 650 845
243 256 285 256 285 288 243 288
146 836 155 836 155 868 146 868
594 1046 613 1046 613 1078 594 1078
387 631 410 631 410 663 387 663
719 767 748 767 748 799 719 799
241 700 285 700 285 732 241 732
661 1092 676 1092 676 1125 661 1125
459 1224 476 1224 476 1257 459 1257
254 896 272 896 272 929 254 929
720 1340 753 1340 753 1373 720 1373
110 422 148 422 148 455 110 455
510 1352 558 1352 558 1385 510 1385
654 986 675 986 675 1019 654 1019
118 588 139 588 139 621 118 621
392 831 421 831 421 864 392 864
586 876 615 876 615 909 586 909
578 546 609 546 609 579 578 579
384 599 419 599 419 632 384 632
112 1069 148 1069 148 1102 112 1102
308 508 352 508 352 541 308 541
385 731 416 731 416 765 385 765
787 1221 824 1221 824 1255 787 1255
791 1018 815 1018 815 1052 791 1052
579 629 616 629 616 663 579 663
245 769 282 769 282 803 245 803
309 804 350 804 350 838 309 838
576 397 618 397 618 431 576 431
186 1331 197 1331 197 1365 186 1365
457 1055 476 1055 476 1089 457 1089
725 1189 748 1189 748 1223 725 1223
586 1396 624 1396 624 1430 586 1430
408 925 415 925 415 960 408 960
110 1280 140 1280 140 1315 110 1315
719 557 750 557 750 592 719 592
581 757 620 757 620 792 581 792
783 1159 822 1159 822 1194 783 1194
392 1244 408 1244 408 1279 392 1279
253 449 270 449 270 484 253 484
590 970 610 970 610 1005 590 1005
308 417 345 417 345 452 308 452
781 575 820 575 820 610 781 610
583 910 619 910 619 946 583 946
719 1153 755 1153 755 1189 719 1189
514 997 550 997 550 1033 514 1033
245 734 285 734 285 770 245 770
243 1393 284 1393 284 1429 243 1429
31 481 81 481 81 517 31 517
647 1188 698 1188 698 1224 647 1224
524 1093 543 1093 543 1129 524 1129
516 881 542 881 542 917 516 917
111 451 141 451 141 487 111 487
643 451 676 451 676 487 643 487
446 788 486 788 486 824 446 824
308 564 349 564 349 600 308 600
256 1262 269 1262 269 1298 256 1298
451 373 471 373 471 409 451 409
251 862 277 862 277 898 251 898
113 1106 141 1106 141 1142 113 1142
587 1253 619 1253 619 1289 587 1289
248 382 282 382 282 418 248 418
112 553 146 553 146 589 112 589
721 1090 757 1090 757 1126 721 1126
311 718 349 718 349 754 311 754
511 1314 552 1314 552 1350 511 1350
307 678 350 678 350 714 307 714
186 458 198 458 198 495 186 495
182 1224 200 1224 200 1261 182 1261
393 1084 415 1084 415 1121 393 1121
720 430 745 430 745 467 720 467
175 1393 206 1393 206 1430 175 1430
239 1354 281 1354 281 1391 239 1391
245 1236 291 1236 291 1273 245 1273
590 810 607 810 607 847 590 847
251 343 269 343 269 380 251 380
246 1110 274 1110 274 1147 246 1147
247 824 284 824 284 861 247 861
245 632 286 632 286 669 245 669
117 619 135 619 135 657 117 657
250 562 273 562 273 600 250 600
783 664 814 664 814 702 783 702
650 948 688 948 688 986 650 986
245 1011 284 1011 284 1049 245 1049
181 929 223 929 223 967 181 967
793 1274 811 1274 811 1312 793 1312
590 1007 609 1007 609 1045 590 1045
178 840 207 840 207 878 178 878
647 846 681 846 681 884 647 884
652 883 688 883 688 921 652 921
109 662 152 662 152 700 109 700
460 913 474 913 474 951 460 951
398 1119 415 1119 415 1157 398 1157
518 681 552 681 552 719 518 719
173 777 215 777 215 815 173 815
712 1052 760 1052 760 1090 712 1090
452 1142 478 1142 478 1181 452 1181
180 1264 213 1264 213 1303 180 1303
586 1335 622 1335 622 1374 586 1374
444 517 480 517 480 556 444 556
243 532 283 532 283 571 243 571
45 409 59 409 59 448 45 448
453 828 472 828 472 867 453 867
719 986 746 986 746 1025 719 1025
789 910 819 910 819 949 789 949
112 515 149 515 149 554 112 554
117 1145 133 1145 133 1185 117 1185
438 614 483 614 483 654 438 654
721 797 745 797 745 837 721 837
451 410 468 410 468 450 451 450
531 1189 548 1189 548 1229 531 1229
653 1116 676 1116 676 1156 653 1156
248 592 278 592 278 632 248 632
245 288 285 288 285 328 245 328
798 1052 815 1052 815 1093 798 1093
179 525 198 525 198 566 179 566
728 591 747 591 747 632 728 632
117 982 140 982 140 1023 117 1023
511 374 553 374 553 415 511 415
307 602 350 602 350 643 307 643
378 460 424 460 424 501 378 501
798 1112 815 1112 815 1153 798 1153
584 571 614 571 614 612 584 612
42 341 74 341 74 382 42 382
510 419 543 419 543 460 510 460
713 703 755 703 755 744 713 744
571 678 620 678 620 719 571 719
384 1041 434 1041 434 1082 384 1082
444 446 473 446 473 488 444 488
780 1316 830 1316 830 1358 780 1358
254 1204 269 1204 269 1246 254 1246
728 839 747 839 747 881 728 881
522 839 545 839 545 881 522 881
307 373 346 373 346 415 307 415
377 411 417 411 417 453 377 453
240 485 284 485 284 527 240 527
514 1028 544 1028 544 1070 514 1070
116 1212 129 1212 129 1255 116 1255
244 1047 281 1047 281 1090 244 1090
782 530 817 530 817 574 782 574
448 868 488 868 488 912 448 912
782 818 822 818 822 862 782 862
181 731 213 731 213 775 181 775
105 1026 154 1026 154 1070 105 1070
788 741 808 741 808 785 788 785
108 377 149 377 149 421 108 421
310 940 354 940 354 984 310 984
733 946 757 946 757 991 733 991
655 1288 684 1288 684 1333 655 1333
447 1016 484 1016 484 1061 447 1061
310 848 352 848 352 893 310 893
312 757 352 757 352 802 312 802
512 638 552 638 552 683 512 683
114 1378 129 1378 129 1423 114 1423
463 970 472 970 472 1016 463 1016
386 501 415 501 415 548 386 548
388 993 427 993 427 1040 388 1040
178 1035 223 1035 223 1083 178 1083
657 557 667 557 667 606 657 606
449 683 476 683 476 732 449 732
582 1124 618 1124 618 1173 582 1173
650 1240 690 1240 690 1289 650 1289
510 460 547 460 547 509 510 509
652 1358 681 1358 681 1408 652 1408
178 1083 214 1083 214 1134 178 1134
642 614 683 614 683 665 642 665
389 676 400 676 400 729 389 729
184 618 201 618 201 672 184 672
794 686 818 686 818 740 794 740
383 550 424 550 424 605 383 605
779 410 812 410 812 465 779 465
578 454 614 454 614 516 578 516
