701 624 710 624 710 632 701 632
675 698 712 698 712 707 675 707
344 1316 383 1316 383 1325 344 1325
679 1322 704 1322 704 1334 679 1334
416 520 427 520 427 533 416 533
866 1364 918 1364 918 1378 866 1378
369 1138 379 1138 379 1153 369 1153
343 1026 354 1026 354 1041 343 1041
365 1004 387 1004 387 1019 365 1019
372 1072 380 1072 380 1088 372 1088
892 1193 904 1193 904 1209 892 1209
408 664 439 664 439 681 408 681
606 954 637 954 637 971 606 971
345 1136 355 1136 355 1153 345 1153
152 719 169 719 169 736 152 736
130 1342 151 1342 151 1359 130 1359
340 1041 361 1041 361 1058 340 1058
608 761 640 761 640 779 608 779
166 1359 190 1359 190 1377 166 1377
753 1052 770 1052 770 1071 753 1071
482 712 499 712 499 731 482 731
818 687 836 687 836 706 818 706
140 1320 155 1320 155 1340 140 1340
338 1155 358 1155 358 1175 338 1175
402 897 451 897 451 917 402 917
342 1061 359 1061 359 1081 342 1081
165 1345 191 1345 191 1365 165 1365
279 874 311 874 311 894 279 894
684 1202 704 1202 704 1222 684 1222
687 718 702 718 702 739 687 739
484 1205 503 1205 503 1226 484 1226
345 696 365 696 365 717 345 717
153 1021 173 1021 173 1042 153 1042
155 1181 180 1181 180 1202 155 1202
479 1259 508 1259 508 1280 479 1280
751 476 766 476 766 497 751 497
154 1231 173 1231 173 1252 154 1252
477 1358 503 1358 503 1379 477 1379
415 1329 444 1329 444 1350 415 1350
472 532 507 532 507 553 472 553
539 502 587 502 587 523 539 523
375 1049 385 1049 385 1071 375 1071
369 1026 383 1026 383 1048 369 1048
367 1154 381 1154 381 1176 367 1176
348 415 367 415 367 437 348 437
881 1238 902 1238 902 1260 881 1260
610 699 639 699 639 721 610 721
485 1010 502 1010 502 1032 485 1032
607 372 640 372 640 394 607 394
613 1355 652 1355 652 1377 613 1377
274 758 315 758 315 780 274 780
342 1000 357 1000 357 1023 342 1023
418 972 437 972 437 995 418 995
748 589 768 589 768 612 748 612
131 1357 155 1357 155 1380 131 1380
676 1058 707 1058 707 1081 676 1081
744 1250 777 1250 777 1273 744 1273
674 524 713 524 713 547 674 547
882 898 901 898 901 921 882 921
141 1158 179 1158 179 1181 141 1181
601 970 649 970 649 993 601 993
161 1323 192 1323 192 1347 161 1347
805 338 844 338 844 362 805 362
471 688 516 688 516 712 471 712
285 850 306 850 306 874 285 874
477 1033 507 1033 507 1057 477 1057
543 594 575 594 575 618 543 618
544 939 578 939 578 963 544 963
678 1268 713 1268 713 1292 678 1292
149 661 165 661 165 685 149 685
352 1228 369 1228 369 1252 352 1252
740 1165 776 1165 776 1189 740 1189
275 896 316 896 316 920 275 920
547 372 566 372 566 397 547 397
548 431 570 431 570 456 548 456
805 763 847 763 847 788 805 788
337 576 381 576 381 601 337 601
152 835 174 835 174 860 152 860
872 635 907 635 907 660 872 660
740 1192 781 1192 781 1217 740 1217
419 1142 434 1142 434 1167 419 1167
414 530 432 530 432 555 414 555
739 716 777 716 777 741 739 741
684 874 704 874 704 900 684 900
474 340 505 340 505 366 474 366
280 1317 311 1317 311 1343 280 1343
674 466 707 466 707 492 674 492
146 1203 180 1203 180 1229 146 1229
408 1038 452 1038 452 1064 408 1064
350 1202 373 1202 373 1228 350 1228
270 340 306 340 306 366 270 366
421 1227 439 1227 439 1254 421 1254
808 916 839 916 839 943 808 943
342 917 376 917 376 944 342 944
688 902 704 902 704 929 688 929
284 777 301 777 301 804 284 804
484 608 503 608 503 635 484 635
751 855 770 855 770 882 751 882
543 1325 577 1325 577 1352 543 1352
368 1178 383 1178 383 1205 368 1205
885 785 903 785 903 812 885 812
276 436 311 436 311 463 276 463
738 1071 773 1071 773 1098 738 1098
607 500 642 500 642 527 607 527
807 1286 846 1286 846 1313 807 1313
136 809 179 809 179 836 136 836
470 1338 521 1338 521 1365 470 1365
156 966 173 966 173 994 156 994
281 1013 305 1013 305 1041 281 1041
609 342 640 342 640 370 609 370
473 1281 517 1281 517 1309 473 1309
555 1297 572 1297 572 1325 555 1325
134 1291 152 1291 152 1319 134 1319
610 781 640 781 640 809 610 809
473 894 506 894 506 922 473 922
474 370 510 370 510 398 474 398
607 430 643 430 643 458 607 458
807 1194 850 1194 850 1222 807 1222
549 341 571 341 571 370 549 370
874 812 906 812 906 841 874 841
345 1282 384 1282 384 1311 345 1311
411 1198 452 1198 452 1227 411 1227
734 653 780 653 780 682 734 682
682 633 706 633 706 662 682 662
878 924 907 924 907 953 878 953
136 413 173 413 173 442 136 442
881 409 901 409 901 438 881 438
880 1334 901 1334 901 1363 880 1363
142 778 179 778 179 807 142 807
144 991 186 991 186 1020 144 1020
486 548 501 548 501 578 486 578
346 597 368 597 368 627 346 627
341 626 373 626 373 656 341 656
210 391 243 391 243 421 210 421
813 1088 847 1088 847 1118 813 1118
277 1042 312 1042 312 1072 277 1072
409 443 445 443 445 473 409 473
542 401 579 401 579 431 542 431
873 1304 912 1304 912 1334 873 1334
611 628 650 628 650 658 611 658
615 1263 654 1263 654 1293 615 1293
404 376 445 376 445 406 404 406
735 885 780 885 780 915 735 915
742 1217 770 1217 770 1247 742 1247
147 1253 178 1253 178 1283 147 1283
410 1167 448 1167 448 1197 410 1197
749 1133 770 1133 770 1164 749 1164
746 794 770 794 770 825 746 825
613 1030 642 1030 642 1061 613 1061
609 883 639 883 639 914 609 914
279 939 309 939 309 970 279 970
160 1291 191 1291 191 1322 160 1322
475 578 512 578 512 609 475 609
560 787 569 787 569 818 560 818
142 382 170 382 170 413 142 413
412 907 442 907 442 938 412 938
676 382 709 382 709 413 676 413
273 404 306 404 306 435 273 435
678 492 711 492 711 523 678 523
876 1131 912 1131 912 1162 876 1162
871 1161 908 1161 908 1192 871 1192
543 1211 580 1211 580 1242 543 1242
871 338 917 338 917 369 871 369
349 436 364 436 364 467 349 467
820 1060 836 1060 836 1091 820 1091
353 1251 371 1251 371 1282 353 1282
819 1160 846 1160 846 1191 819 1191
677 663 709 663 709 694 677 694
876 482 910 482 910 513 876 513
742 500 776 500 776 531 742 531
674 929 711 929 711 960 674 960
278 644 316 644 316 675 278 675
342 756 380 756 380 787 342 787
405 1107 447 1107 447 1138 405 1138
815 1255 844 1255 844 1287 815 1287
741 395 777 395 777 427 741 427
477 1126 513 1126 513 1158 477 1158
142 684 179 684 179 716 142 716
477 498 514 498 514 530 477 530
677 1116 714 1116 714 1148 677 1148
142 746 182 746 182 778 142 778
279 723 304 723 304 755 279 755
749 1342 783 1342 783 1374 749 1374
277 976 312 976 312 1008 277 1008
141 497 177 497 177 529 141 529
538 561 577 561 577 593 538 593
475 1307 514 1307 514 1339 475 1339
671 1145 723 1145 723 1177 671 1177
146 1126 177 1126 177 1158 146 1158
740 681 772 681 772 713 740 713
744 1275 778 1275 778 1307 744 1307
546 818 581 818 581 850 546 850
870 513 909 513 909 545 870 545
877 1202 907 1202 907 1235 877 1235
748 1310 783 1310 783 1343 748 1343
803 459 844 459 844 492 803 492
674 839 716 839 716 872 674 872
541 1047 585 1047 585 1080 541 1080
160 1089 179 1089 179 1122 160 1122
684 1167 703 1167 703 1200 684 1200
484 1224 503 1224 503 1257 484 1257
412 407 435 407 435 440 412 440
623 1056 646 1056 646 1089 623 1089
339 546 370 546 370 579 339 579
812 1223 844 1223 844 1256 812 1256
474 773 522 773 522 806 474 806
738 615 786 615 786 648 738 648
421 939 437 939 437 973 421 973
148 348 173 348 173 382 148 382
280 1274 319 1274 319 1308 280 1308
342 379 383 379 383 413 342 413
618 1129 637 1129 637 1163 618 1163
876 749 911 749 911 783 876 783
871 718 912 718 912 752 871 752
819 1311 834 1311 834 1345 819 1345
163 256 188 256 188 290 163 290
414 1004 448 1004 448 1038 414 1038
812 1343 848 1343 848 1377 812 1377
610 664 651 664 651 698 610 698
487 1094 509 1094 509 1129 487 1129
616 529 638 529 638 564 616 564
341 512 375 512 375 547 341 547
144 862 178 862 178 897 144 897
807 554 843 554 843 589 807 589
409 1345 450 1345 450 1380 409 1380
286 469 305 469 305 504 286 504
557 900 576 900 576 935 557 935
411 591 438 591 438 626 411 626
545 1174 576 1174 576 1209 545 1209
608 852 647 852 647 887 608 887
805 838 845 838 845 873 805 873
548 1132 578 1132 578 1168 548 1168
605 564 650 564 650 600 605 600
604 812 650 812 650 848 604 848
337 659 376 659 376 695 337 695
160 215 191 215 191 251 160 251
411 861 443 861 443 897 411 897
478 1059 512 1059 512 1095 478 1095
805 1022 845 1022 845 1058 805 1058
802 651 845 651 845 687 802 687
271 368 316 368 316 404 271 404
129 216 163 216 163 253 129 253
607 462 638 462 638 499 607 499
139 530 175 530 175 567 139 567
671 547 715 547 715 584 671 584
142 308 172 308 172 345 142 345
477 858 515 858 515 895 477 895
207 423 246 423 246 460 207 460
675 1289 719 1289 719 1326 675 1326
604 912 648 912 648 949 604 949
409 555 446 555 446 593 409 593
739 966 780 966 780 1004 739 1004
739 824 784 824 784 862 739 862
148 937 184 937 184 975 148 975
544 667 583 667 583 705 544 705
340 718 382 718 382 756 340 756
404 338 442 338 442 377 404 377
803 983 844 983 844 1022 803 1022
537 524 579 524 579 563 537 563
351 831 374 831 374 870 351 870
874 593 910 593 910 632 874 632
543 1010 582 1010 582 1049 543 1049
283 1231 319 1231 319 1270 283 1270
872 442 909 442 909 481 872 481
605 719 648 719 648 758 605 758
404 731 452 731 452 770 404 770
418 623 435 623 435 663 418 663
692 582 711 582 711 622 692 622
277 605 310 605 310 645 277 645
350 880 367 880 367 920 350 920
279 563 304 563 304 603 279 603
335 336 377 336 377 376 335 376
611 989 649 989 649 1030 611 1030
868 999 911 999 911 1040 868 1040
619 586 633 586 633 627 619 627
150 1043 181 1043 181 1084 150 1084
342 1092 382 1092 382 1133 342 1133
760 529 768 529 768 570 760 570
679 342 711 342 711 383 679 383
677 1077 709 1077 709 1118 677 1118
475 922 512 922 512 963 475 963
216 464 240 464 240 506 216 506
405 1065 450 1065 450 1107 405 1107
676 1225 710 1225 710 1267 676 1267
738 1099 781 1099 781 1141 738 1141
615 1170 643 1170 643 1212 615 1212
810 364 838 364 838 406 810 406
136 450 178 450 178 492 136 492
806 1121 850 1121 850 1163 806 1163
606 1088 651 1088 651 1130 606 1130
411 1245 458 1245 458 1287 411 1287
416 818 440 818 440 861 416 861
611 1294 643 1294 643 1337 611 1337
871 550 905 550 905 593 871 593
543 750 577 750 577 793 543 793
474 1160 511 1160 511 1203 474 1203
410 1287 452 1287 452 1330 410 1330
472 730 523 730 523 773 472 773
748 548 765 548 765 592 748 592
879 952 909 952 909 996 879 996
405 682 446 682 446 726 405 726
870 1262 916 1262 916 1306 870 1306
548 851 571 851 571 895 548 895
873 1086 914 1086 914 1130 873 1130
274 805 315 805 315 849 274 849
869 367 918 367 918 411 869 411
338 469 379 469 379 513 338 513
730 344 781 344 781 388 730 388
402 770 444 770 444 815 402 815
745 1002 770 1002 770 1047 745 1047
542 457 569 457 569 503 542 503
475 810 508 810 508 856 475 856
141 614 175 614 175 660 141 660
538 620 575 620 575 666 538 666
341 788 382 788 382 834 341 834
538 705 580 705 580 751 538 751
867 1040 918 1040 918 1086 867 1086
804 792 848 792 848 838 804 838
146 895 185 895 185 941 146 941
674 961 713 961 713 1007 674 1007
472 961 512 961 512 1008 472 1008
543 963 578 963 578 1010 543 1010
143 566 174 566 174 614 143 614
675 744 716 744 716 792 675 792
675 1012 717 1012 717 1060 675 1060
740 743 773 743 773 791 740 791
279 1187 318 1187 318 1235 279 1235
737 918 777 918 777 966 737 966
474 400 509 400 509 448 474 448
275 674 313 674 313 722 275 722
803 413 844 413 844 462 803 462
677 789 714 789 714 839 677 839
674 416 718 416 718 466 674 466
615 1212 651 1212 651 1263 615 1263
539 1082 580 1082 580 1133 539 1133
345 1329 379 1329 379 1380 345 1380
825 703 835 703 835 754 825 754
869 663 913 663 913 715 869 715
742 428 776 428 776 481 742 481
869 844 907 844 907 897 869 897
474 635 511 635 511 688 474 688
806 593 847 593 847 646 806 646
542 1249 589 1249 589 1302 542 1302
405 469 449 469 449 523 405 523
273 506 308 506 308 564 273 564
475 448 510 448 510 507 475 507
800 493 841 493 841 552 800 552
