738 547 773 547 773 554 738 554
273 713 288 713 288 721 273 721
250 896 271 896 271 908 250 908
544 1203 555 1203 555 1215 544 1215
888 1387 914 1387 914 1399 888 1399
534 894 559 894 559 907 534 907
114 963 137 963 137 977 114 977
677 1088 702 1088 702 1102 677 1102
606 837 633 837 633 851 606 851
326 1262 341 1262 341 1276 326 1276
259 1167 282 1167 282 1181 259 1181
667 1168 714 1168 714 1182 667 1182
248 657 268 657 268 672 248 672
755 1161 765 1161 765 1177 755 1177
324 865 339 865 339 881 324 881
755 477 779 477 779 493 755 493
816 792 842 792 842 809 816 809
886 887 914 887 914 904 886 904
531 1299 563 1299 563 1316 531 1316
879 488 920 488 920 505 879 505
755 558 773 558 773 576 755 576
747 1337 763 1337 763 1355 747 1355
891 832 903 832 903 850 891 850
819 1049 836 1049 836 1067 819 1067
817 500 838 500 838 518 817 518
740 607 771 607 771 625 740 625
606 470 635 470 635 490 606 490
468 813 486 813 486 833 468 833
381 888 412 888 412 908 381 908
246 376 280 376 280 396 246 396
895 1315 909 1315 909 1335 895 1335
815 552 842 552 842 572 815 572
833 1115 845 1115 845 1136 833 1136
121 473 135 473 135 494 121 494
882 570 911 570 911 591 882 591
322 1392 354 1392 354 1413 322 1413
110 661 141 661 141 682 110 682
463 461 486 461 486 483 463 483
396 653 403 653 403 675 396 675
889 997 905 997 905 1019 889 1019
607 769 627 769 627 791 607 791
796 1086 818 1086 818 1108 796 1108
173 1297 203 1297 203 1319 173 1319
889 382 908 382 908 405 889 405
255 499 271 499 271 522 255 522
684 705 703 705 703 728 684 728
678 616 697 616 697 639 678 639
818 979 837 979 837 1002 818 1002
681 922 703 922 703 945 681 945
318 569 343 569 343 592 318 592
245 1144 280 1144 280 1167 245 1167
187 579 200 579 200 602 187 602
797 1137 820 1137 820 1160 797 1160
677 1141 702 1141 702 1164 677 1164
801 1109 815 1109 815 1133 801 1133
326 1051 344 1051 344 1075 326 1075
891 512 909 512 909 536 891 536
179 999 210 999 210 1023 179 1023
674 1267 709 1267 709 1291 674 1291
323 1209 339 1209 339 1234 323 1234
185 333 204 333 204 358 185 358
389 961 419 961 419 986 389 986
249 404 279 404 279 429 249 429
240 784 287 784 287 809 240 809
323 541 341 541 341 566 323 566
685 1022 704 1022 704 1047 685 1047
470 334 490 334 490 359 470 359
829 1213 850 1213 850 1238 829 1238
671 422 702 422 702 447 671 447
684 996 704 996 704 1022 684 1022
891 1362 911 1362 911 1388 891 1388
679 677 702 677 702 703 679 703
534 722 563 722 563 748 534 748
529 553 563 553 563 579 529 579
310 510 351 510 351 536 310 536
614 440 625 440 625 466 614 466
187 810 201 810 201 836 187 836
615 371 632 371 632 397 615 397
183 1382 203 1382 203 1408 183 1408
249 1178 274 1178 274 1204 249 1204
248 1344 273 1344 273 1370 248 1370
462 394 489 394 489 420 462 420
110 1049 144 1049 144 1075 110 1075
175 1358 211 1358 211 1384 175 1384
809 593 847 593 847 619 809 619
107 978 149 978 149 1004 107 1004
802 1160 814 1160 814 1187 802 1187
544 581 557 581 557 608 544 608
390 772 408 772 408 799 390 799
827 1084 850 1084 850 1111 827 1111
532 1074 563 1074 563 1101 532 1101
256 995 270 995 270 1022 256 1022
539 403 553 403 553 430 539 430
320 803 338 803 338 830 320 830
751 1057 770 1057 770 1084 751 1084
462 954 487 954 487 981 462 981
809 1386 840 1386 840 1413 809 1413
531 1141 565 1141 565 1168 531 1168
536 825 556 825 556 852 536 852
466 1066 486 1066 486 1093 466 1093
743 1091 775 1091 775 1118 743 1118
742 930 778 930 778 957 742 957
111 1080 147 1080 147 1107 111 1107
242 848 279 848 279 875 242 875
117 412 135 412 135 440 117 440
176 873 207 873 207 901 176 901
312 383 347 383 347 411 312 411
747 735 760 735 760 763 747 763
752 801 766 801 766 829 752 829
116 380 134 380 134 408 116 408
176 734 205 734 205 762 176 762
601 739 637 739 637 767 601 767
459 916 496 916 496 944 459 944
103 1301 141 1301 141 1329 103 1329
117 1164 134 1164 134 1193 117 1193
819 832 838 832 838 861 819 861
465 482 486 482 486 511 465 511
815 758 837 758 837 787 815 787
810 714 845 714 845 743 810 743
241 1372 278 1372 278 1401 241 1401
901 1240 909 1240 909 1269 901 1269
890 803 914 803 914 832 890 832
112 931 148 931 148 960 112 960
245 433 282 433 282 462 245 462
739 672 776 672 776 701 739 701
181 933 200 933 200 962 181 962
116 1191 139 1191 139 1220 116 1220
250 720 282 720 282 749 250 749
740 446 779 446 779 475 740 475
875 592 916 592 916 621 875 621
309 1367 353 1367 353 1396 309 1396
313 1314 360 1314 360 1343 313 1343
681 1375 700 1375 700 1405 681 1405
248 1024 277 1024 277 1054 248 1054
243 751 279 751 279 781 243 781
173 536 209 536 209 566 173 566
244 598 283 598 283 628 244 628
320 1339 347 1339 347 1370 320 1370
668 1230 708 1230 708 1261 668 1261
739 880 782 880 782 911 739 911
121 1330 135 1330 135 1361 121 1361
680 502 697 502 697 533 680 533
744 576 763 576 763 607 744 607
317 985 347 985 347 1016 317 1016
881 1269 914 1269 914 1300 881 1300
313 1232 352 1232 352 1263 313 1263
477 884 487 884 487 915 477 915
807 337 851 337 851 368 807 368
883 771 916 771 916 803 883 803
317 1284 351 1284 351 1316 317 1316
460 598 497 598 497 630 460 630
314 924 353 924 353 956 314 956
529 686 571 686 571 718 529 718
308 1016 351 1016 351 1048 308 1048
834 1136 847 1136 847 1168 834 1168
542 1265 558 1265 558 1297 542 1297
543 1168 562 1168 562 1200 543 1200
610 672 630 672 630 704 610 704
182 837 202 837 202 869 182 869
810 947 845 947 845 979 810 979
746 1304 772 1304 772 1337 746 1337
111 440 138 440 138 473 111 473
111 1269 140 1269 140 1302 111 1302
246 565 281 565 281 598 246 598
741 1126 780 1126 780 1159 741 1159
890 536 911 536 911 569 890 569
797 1194 821 1194 821 1227 797 1227
813 453 840 453 840 486 813 486
246 815 273 815 273 848 246 848
322 949 352 949 352 982 322 982
746 334 764 334 764 367 746 367
115 582 135 582 135 615 115 615
749 701 769 701 769 734 749 734
250 525 275 525 275 558 250 558
172 641 211 641 211 674 172 674
829 1172 852 1172 852 1206 829 1206
534 608 560 608 560 642 534 642
384 578 415 578 415 612 384 612
106 682 142 682 142 716 106 716
184 603 202 603 202 637 184 637
247 620 276 620 276 654 247 654
460 984 493 984 493 1018 460 1018
174 762 207 762 207 796 174 796
316 889 349 889 349 923 316 923
312 831 347 831 347 865 312 865
308 590 346 590 346 624 308 624
242 1250 282 1250 282 1284 242 1284
553 791 560 791 560 826 553 826
468 361 485 361 485 396 468 396
614 704 631 704 631 739 614 739
110 755 140 755 140 790 110 790
534 1037 569 1037 569 1072 534 1072
314 475 353 475 353 510 314 510
529 857 565 857 565 892 529 892
108 1231 144 1231 144 1266 108 1266
892 851 909 851 909 886 892 886
180 963 200 963 200 998 180 998
251 459 280 459 280 494 251 494
179 1131 213 1131 213 1166 179 1166
383 732 420 732 420 767 383 767
532 1101 569 1101 569 1136 532 1136
878 1027 919 1027 919 1062 878 1062
243 1105 288 1105 288 1140 243 1140
672 885 703 885 703 921 672 921
246 1208 277 1208 277 1244 246 1244
316 1075 351 1075 351 1111 316 1111
672 1105 707 1105 707 1141 672 1141
173 404 212 404 212 440 173 440
598 589 642 589 642 625 598 625
825 676 831 676 831 712 825 712
757 1176 763 1176 763 1212 757 1212
885 452 910 452 910 488 885 488
676 1339 702 1339 702 1375 676 1375
173 1023 209 1023 209 1059 173 1059
109 721 146 721 146 757 109 757
458 776 495 776 495 812 458 812
740 1004 779 1004 779 1040 740 1040
467 511 481 511 481 548 467 548
176 1169 206 1169 206 1206 176 1206
534 513 567 513 567 550 534 550
529 642 563 642 563 679 529 679
313 689 347 689 347 726 313 726
180 1256 204 1256 204 1293 180 1293
110 1362 141 1362 141 1399 110 1399
813 865 844 865 844 902 813 902
241 680 278 680 278 717 241 717
529 914 570 914 570 951 529 951
742 635 784 635 784 672 742 672
685 848 703 848 703 885 685 885
251 956 281 956 281 993 251 993
674 533 705 533 705 570 674 570
883 1151 916 1151 916 1188 883 1188
109 896 146 896 146 933 109 933
168 1320 208 1320 208 1357 168 1357
309 768 353 768 353 805 309 805
184 358 204 358 204 396 184 396
119 790 139 790 139 828 119 828
668 1051 716 1051 716 1089 668 1089
471 421 487 421 487 459 471 459
118 494 135 494 135 532 118 532
388 615 409 615 409 653 388 653
311 728 346 728 346 766 311 766
882 740 920 740 920 778 882 778
809 1292 848 1292 848 1330 809 1330
742 759 783 759 783 797 742 797
122 616 134 616 134 655 122 655
678 1184 709 1184 709 1223 678 1223
742 407 780 407 780 446 742 446
807 372 858 372 858 411 807 411
180 496 209 496 209 535 180 535
875 1111 908 1111 908 1150 875 1150
670 575 714 575 714 614 670 614
251 1285 267 1285 267 1324 251 1324
531 430 564 430 564 469 531 469
600 331 634 331 634 370 600 370
671 643 707 643 707 682 671 682
878 1068 915 1068 915 1107 878 1107
533 951 573 951 573 990 533 990
380 841 415 841 415 881 380 881
600 497 640 497 640 537 600 537
245 335 289 335 289 375 245 375
530 470 562 470 562 510 530 510
107 536 146 536 146 576 107 576
810 1250 851 1250 851 1290 810 1290
240 915 283 915 283 955 240 955
198 1049 207 1049 207 1090 198 1090
603 625 640 625 640 666 603 666
822 411 833 411 833 452 822 452
597 792 636 792 636 833 597 833
670 816 709 816 709 857 670 857
887 908 910 908 910 949 887 949
536 991 565 991 565 1032 536 1032
319 341 349 341 349 382 319 382
745 962 778 962 778 1003 745 1003
668 383 714 383 714 424 668 424
386 799 404 799 404 841 386 841
881 338 913 338 913 380 881 380
534 748 567 748 567 790 534 790
111 1007 146 1007 146 1049 111 1049
679 1292 700 1292 700 1334 679 1334
745 831 774 831 774 873 745 873
601 398 634 398 634 440 601 440
675 728 708 728 708 770 675 770
458 631 492 631 492 673 458 673
312 294 353 294 353 336 312 336
737 1215 780 1215 780 1257 737 1257
747 494 772 494 772 537 747 537
185 441 202 441 202 484 185 484
813 902 837 902 837 945 813 945
172 1210 211 1210 211 1253 172 1253
740 367 776 367 776 411 740 411
173 1086 211 1086 211 1130 173 1130
458 728 493 728 493 773 458 773
807 1002 844 1002 844 1047 807 1047
880 950 917 950 917 995 880 995
670 771 709 771 709 816 670 816
739 1258 784 1258 784 1303 739 1303
888 405 904 405 904 450 888 450
460 548 491 548 491 593 460 593
382 527 413 527 413 573 382 573
185 675 204 675 204 721 185 721
312 1168 354 1168 354 1214 312 1214
384 682 415 682 415 729 384 729
389 909 413 909 413 956 389 956
673 951 712 951 712 998 673 998
177 902 216 902 216 949 177 949
457 1016 502 1016 502 1063 457 1063
240 1057 277 1057 277 1104 240 1104
456 678 493 678 493 726 456 726
880 1191 921 1191 921 1239 880 1239
386 986 426 986 426 1034 386 1034
528 355 573 355 573 403 528 403
527 1216 567 1216 567 1265 527 1265
733 1359 773 1359 773 1408 733 1408
319 418 344 418 344 467 319 467
462 833 493 833 493 884 462 884
107 1110 146 1110 146 1161 107 1161
810 1330 846 1330 846 1381 810 1381
809 623 853 623 853 675 809 675
316 1115 357 1115 357 1168 316 1168
876 687 919 687 919 740 876 740
103 328 146 328 146 381 103 381
612 528 637 528 637 583 612 583
105 835 142 835 142 891 105 891
316 627 346 627 346 688 316 688
668 446 713 446 713 509 668 509
669 331 712 331 712 394 669 394
