31 1217 61 1217 61 1222 31 1222
423 553 445 553 445 560 423 560
688 884 702 884 702 894 688 894
185 1178 202 1178 202 1188 185 1188
429 514 438 514 438 526 429 526
487 1313 509 1313 509 1325 487 1325
319 330 338 330 338 342 319 342
715 410 732 410 732 423 715 423
712 971 730 971 730 984 712 984
395 1209 405 1209 405 1222 395 1222
425 833 438 833 438 846 425 846
455 890 472 890 472 903 455 903
37 813 61 813 61 826 37 826
767 831 781 831 781 845 767 845
376 775 392 775 392 789 376 789
233 801 258 801 258 815 233 815
302 1267 330 1267 330 1281 302 1281
353 1226 384 1226 384 1240 353 1240
102 1196 124 1196 124 1211 102 1211
365 1233 375 1233 375 1249 365 1249
389 1083 414 1083 414 1099 389 1099
322 456 337 456 337 472 322 472
358 1208 374 1208 374 1224 358 1224
517 1179 541 1179 541 1195 517 1195
99 832 123 832 123 848 99 848
110 1069 119 1069 119 1085 110 1085
157 1161 171 1161 171 1177 157 1177
308 998 326 998 326 1014 308 1014
315 346 340 346 340 362 315 362
364 1190 375 1190 375 1207 364 1207
363 1335 377 1335 377 1352 363 1352
374 445 391 445 391 462 374 462
390 1224 413 1224 413 1241 390 1241
310 1320 325 1320 325 1337 310 1337
701 1230 720 1230 720 1247 701 1247
173 872 192 872 192 889 173 889
356 1065 380 1065 380 1082 356 1082
451 821 475 821 475 838 451 838
496 567 526 567 526 584 496 584
364 1150 375 1150 375 1167 364 1167
428 691 440 691 440 708 428 708
684 925 698 925 698 942 684 942
426 472 437 472 437 490 426 490
635 336 652 336 652 354 635 354
767 413 785 413 785 431 767 431
765 1309 784 1309 784 1327 765 1327
433 1123 459 1123 459 1141 433 1141
94 894 135 894 135 912 94 912
365 1128 375 1128 375 1146 365 1146
239 545 256 545 256 563 239 563
437 1169 454 1169 454 1187 437 1187
569 634 587 634 587 652 569 652
107 456 126 456 126 474 107 474
571 497 590 497 590 515 571 515
503 415 522 415 522 433 503 433
43 709 62 709 62 727 43 727
502 755 522 755 522 773 502 773
151 1289 169 1289 169 1308 151 1308
571 1004 589 1004 589 1023 571 1023
172 568 191 568 191 587 172 587
634 788 654 788 654 807 634 807
682 336 705 336 705 355 682 355
235 1247 259 1247 259 1266 235 1266
112 912 120 912 120 931 112 931
54 1222 64 1222 64 1241 54 1241
702 656 721 656 721 675 702 675
486 1165 508 1165 508 1184 486 1184
448 343 476 343 476 362 448 362
28 1123 63 1123 63 1142 28 1142
702 1289 713 1289 713 1308 702 1308
306 667 325 667 325 686 306 686
759 1019 783 1019 783 1038 759 1038
386 1265 412 1265 412 1284 386 1284
559 1171 598 1171 598 1190 559 1190
158 1236 170 1236 170 1256 158 1256
524 1130 537 1130 537 1150 524 1150
395 1242 409 1242 409 1262 395 1262
638 600 657 600 657 620 638 620
769 466 791 466 791 486 769 486
391 1333 414 1333 414 1353 391 1353
309 1279 321 1279 321 1299 309 1299
106 784 121 784 121 804 106 804
503 863 518 863 518 883 503 883
436 1303 451 1303 451 1323 436 1323
361 1168 377 1168 377 1188 361 1188
421 301 440 301 440 321 421 321
420 609 441 609 441 629 420 629
757 1035 785 1035 785 1055 757 1055
576 613 606 613 606 633 576 633
45 591 61 591 61 612 45 612
40 1308 56 1308 56 1329 40 1329
711 1014 731 1014 731 1035 711 1035
153 1141 174 1141 174 1162 153 1162
712 893 734 893 734 914 712 914
35 1104 60 1104 60 1125 35 1125
145 1332 174 1332 174 1353 145 1353
106 1046 121 1046 121 1067 106 1067
422 493 447 493 447 514 422 514
565 802 591 802 591 823 565 823
33 792 63 792 63 813 33 813
306 1338 337 1338 337 1359 306 1359
30 727 72 727 72 748 30 748
297 419 310 419 310 440 297 440
303 777 322 777 322 798 303 798
372 610 396 610 396 631 372 631
633 400 657 400 657 421 633 421
323 391 333 391 333 413 323 413
426 847 437 847 437 869 426 869
426 526 439 526 439 548 426 548
293 440 310 440 310 462 293 462
423 869 446 869 446 891 423 891
422 893 446 893 446 915 422 915
450 944 474 944 474 966 450 966
708 990 733 990 733 1012 708 1012
451 412 481 412 481 434 451 434
188 1133 199 1133 199 1155 188 1155
713 429 734 429 734 451 713 451
357 1106 380 1106 380 1128 357 1128
452 866 475 866 475 888 452 888
581 1119 606 1119 606 1141 581 1141
707 512 738 512 738 534 707 534
295 333 305 333 305 355 295 355
191 1109 201 1109 201 1131 191 1131
241 1006 255 1006 255 1028 241 1028
174 657 189 657 189 679 174 679
359 1084 378 1084 378 1106 359 1106
423 345 442 345 442 367 423 367
320 473 340 473 340 495 320 495
452 682 474 682 474 704 452 704
686 1017 708 1017 708 1039 686 1039
450 790 473 790 473 812 450 812
496 882 524 882 524 904 496 904
765 1328 794 1328 794 1350 765 1350
367 466 398 466 398 488 367 488
386 1032 417 1032 417 1054 386 1054
445 966 480 966 480 988 445 988
426 991 466 991 466 1013 426 1013
639 378 652 378 652 401 639 401
486 1260 508 1260 508 1283 486 1283
392 1148 416 1148 416 1171 392 1171
450 841 474 841 474 864 450 864
691 1307 727 1307 727 1330 691 1330
312 1109 323 1109 323 1132 312 1132
427 449 438 449 438 472 427 472
305 613 320 613 320 636 305 636
425 320 441 320 441 343 425 343
684 357 703 357 703 380 684 380
93 761 138 761 138 784 93 784
690 454 702 454 702 478 690 478
689 832 705 832 705 856 689 856
697 775 714 775 714 799 697 799
453 658 476 658 476 682 453 682
389 1312 414 1312 414 1336 389 1336
287 462 312 462 312 486 287 486
420 425 446 425 446 449 420 449
447 441 477 441 477 465 447 465
494 697 525 697 525 721 494 721
427 1141 465 1141 465 1165 427 1165
295 1300 337 1300 337 1324 295 1324
363 1248 376 1248 376 1272 363 1272
438 1076 453 1076 453 1100 438 1100
183 1088 204 1088 204 1112 183 1112
151 1182 180 1182 180 1206 151 1206
759 1148 790 1148 790 1172 759 1172
491 903 529 903 529 927 491 927
363 631 402 631 402 655 363 655
525 1298 534 1298 534 1322 525 1322
234 1305 246 1305 246 1329 234 1329
319 365 334 365 334 389 319 389
701 601 716 601 716 625 701 625
172 1016 191 1016 191 1040 172 1040
183 1255 204 1255 204 1279 183 1279
421 632 443 632 443 656 421 656
761 1220 789 1220 789 1244 761 1244
33 1328 62 1328 62 1352 33 1352
299 799 332 799 332 823 299 823
375 967 389 967 389 992 375 992
307 940 324 940 324 965 307 965
186 1300 204 1300 204 1325 186 1325
373 719 392 719 392 744 373 744
517 1033 540 1033 540 1058 517 1058
32 1184 64 1184 64 1209 32 1209
96 616 133 616 133 641 96 641
751 1055 793 1055 793 1080 751 1080
193 1150 206 1150 206 1175 193 1175
237 491 253 491 253 516 237 516
174 514 190 514 190 539 174 539
766 777 783 777 783 802 766 802
569 777 588 777 588 802 569 802
154 1085 176 1085 176 1110 154 1110
708 914 732 914 732 939 708 939
392 1127 416 1127 416 1152 392 1152
301 1130 329 1130 329 1155 301 1155
34 617 64 617 64 642 34 642
420 399 452 399 452 424 420 424
299 1020 331 1020 331 1045 299 1045
764 1084 802 1084 802 1109 764 1109
242 702 255 702 255 727 242 727
174 815 191 815 191 840 174 840
763 588 783 588 783 613 763 613
525 1270 546 1270 546 1295 525 1295
423 750 445 750 445 775 423 775
156 1209 178 1209 178 1234 156 1234
389 1103 418 1103 418 1128 389 1128
229 1135 260 1135 260 1160 229 1160
162 631 200 631 200 656 162 656
293 1047 339 1047 339 1072 293 1072
570 952 586 952 586 978 570 978
154 1305 171 1305 171 1331 154 1331
240 1162 262 1162 262 1188 240 1188
229 305 260 305 260 331 229 331
692 710 724 710 724 736 692 736
92 1331 125 1331 125 1357 92 1357
692 680 725 680 725 706 692 706
630 695 667 695 667 721 630 721
93 1023 135 1023 135 1049 93 1049
690 857 703 857 703 883 690 883
424 807 438 807 438 833 424 833
358 1303 377 1303 377 1329 358 1329
289 362 312 362 312 388 289 388
520 1323 547 1323 547 1349 520 1349
230 515 257 515 257 541 230 541
433 1327 464 1327 464 1353 433 1353
627 421 661 421 661 447 627 447
715 451 734 451 734 478 715 478
501 672 522 672 522 699 501 699
102 588 130 588 130 615 102 615
568 467 598 467 598 494 568 494
370 992 400 992 400 1019 370 1019
316 298 348 298 348 325 316 325
231 1330 264 1330 264 1357 231 1357
758 1244 792 1244 792 1271 758 1271
226 1217 262 1217 262 1244 226 1244
493 1014 504 1014 504 1041 493 1041
110 560 124 560 124 587 110 587
636 826 652 826 652 853 636 853
422 951 442 951 442 978 422 978
237 595 259 595 259 622 237 622
712 863 734 863 734 890 712 890
451 591 475 591 475 618 451 618
447 470 480 470 480 497 447 497
561 822 598 822 598 849 561 849
491 585 531 585 531 612 491 612
39 1077 52 1077 52 1104 39 1104
567 691 589 691 589 718 567 718
489 1284 514 1284 514 1311 489 1311
504 539 519 539 519 567 504 567
503 356 519 356 519 384 503 384
237 567 262 567 262 595 237 595
353 1274 378 1274 378 1302 353 1302
37 457 67 457 67 485 37 485
569 1090 602 1090 602 1118 569 1118
628 807 666 807 666 835 628 835
690 1069 728 1069 728 1097 690 1097
525 1151 538 1151 538 1179 525 1179
376 521 390 521 390 549 376 549
108 804 122 804 122 832 108 832
361 1030 375 1030 375 1058 361 1058
159 1111 174 1111 174 1139 159 1139
235 728 263 728 263 756 235 756
707 1037 736 1037 736 1065 707 1065
179 1279 210 1279 210 1307 179 1307
367 744 399 744 399 772 367 772
99 995 131 995 131 1023 99 1023
430 1095 467 1095 467 1123 430 1123
434 367 440 367 440 396 434 396
571 1294 584 1294 584 1323 571 1323
714 833 729 833 729 862 714 862
371 491 390 491 390 520 371 520
491 1324 510 1324 510 1353 491 1353
709 484 738 484 738 513 709 513
692 799 721 799 721 828 692 828
515 1004 544 1004 544 1033 515 1033
180 1226 209 1226 209 1255 180 1255
100 394 131 394 131 423 100 423
385 1284 420 1284 420 1313 385 1313
31 834 67 834 67 863 31 863
425 1051 463 1051 463 1080 425 1080
159 1256 165 1256 165 1285 159 1285
378 581 389 581 389 610 378 610
105 931 116 931 116 960 105 960
682 983 706 983 706 1012 682 1012
570 1260 597 1260 597 1289 570 1289
566 1324 595 1324 595 1353 566 1353
100 964 131 964 131 993 100 993
563 975 595 975 595 1004 563 1004
170 225 205 225 205 254 170 254
687 895 698 895 698 924 687 924
176 683 189 683 189 712 176 712
101 1252 120 1252 120 1281 101 1281
38 679 62 679 62 708 38 708
289 388 318 388 318 417 289 417
167 714 197 714 197 743 167 743
168 537 201 537 201 566 168 566
429 777 436 777 436 807 429 807
390 1054 409 1054 409 1084 390 1084
184 1194 208 1194 208 1224 184 1224
367 413 395 413 395 443 367 443
757 434 786 434 786 464 757 464
515 1057 545 1057 545 1087 515 1087
708 939 739 939 739 969 708 969
450 564 482 564 482 594 450 594
564 442 596 442 596 472 564 472
233 1187 265 1187 265 1217 233 1217
757 521 791 521 791 551 757 551
163 484 200 484 200 514 163 514
754 678 797 678 797 708 754 708
244 917 258 917 258 947 244 947
696 1172 713 1172 713 1202 696 1202
167 840 194 840 194 870 167 870
760 613 791 613 791 643 760 643
756 348 790 348 790 378 756 378
688 1197 724 1197 724 1227 688 1227
364 687 403 687 403 717 364 717
365 357 389 357 389 387 365 387
710 337 739 337 739 367 710 367
99 1086 130 1086 130 1116 99 1116
301 963 336 963 336 993 301 993
301 825 337 825 337 855 301 855
295 585 334 585 334 615 295 615
518 973 539 973 539 1004 518 1004
568 1058 590 1058 590 1089 568 1089
759 797 784 797 784 828 759 828
422 661 449 661 449 692 422 692
498 384 528 384 528 415 498 415
634 450 666 450 666 481 634 481
431 1190 466 1190 466 1221 431 1221
754 951 790 951 790 982 754 982
560 543 604 543 604 574 560 574
631 566 661 566 661 597 631 597
101 424 132 424 132 455 101 455
628 541 660 541 660 572 628 572
760 710 796 710 796 741 760 741
176 927 189 927 189 959 176 959
685 483 702 483 702 515 685 515
40 943 58 943 58 975 40 975
488 1185 507 1185 507 1217 488 1217
568 575 593 575 593 607 568 607
231 1103 261 1103 261 1135 231 1135
631 853 662 853 662 885 631 885
496 615 530 615 530 647 496 647
166 252 201 252 201 284 166 284
627 757 663 757 663 789 627 789
565 848 602 848 602 880 565 880
756 855 794 855 794 887 756 887
690 568 729 568 729 600 690 600
361 299 403 299 403 331 361 331
171 959 187 959 187 991 171 991
455 621 480 621 480 653 455 653
453 535 480 535 480 567 453 567
566 746 597 746 597 778 566 778
32 1239 65 1239 65 1271 32 1271
230 1074 264 1074 264 1106 230 1106
687 302 700 302 700 334 687 334
178 986 197 986 197 1018 178 1018
520 1236 543 1236 543 1268 520 1268
301 636 330 636 330 668 301 668
232 893 262 893 262 925 232 925
366 386 397 386 397 418 366 418
631 304 662 304 662 336 631 336
300 1234 333 1234 333 1266 300 1266
35 909 69 909 69 941 35 941
692 622 727 622 727 654 692 654
231 860 268 860 268 892 231 892
752 922 792 922 792 954 752 954
571 1025 585 1025 585 1058 571 1058
238 1267 253 1267 253 1300 238 1300
759 377 787 377 787 410 759 410
429 1220 458 1220 458 1253 429 1253
165 1041 195 1041 195 1074 165 1074
96 1121 129 1121 129 1154 96 1154
629 483 666 483 666 516 629 516
365 858 404 858 404 891 365 891
364 796 405 796 405 829 364 829
291 299 305 299 305 332 291 332
571 519 585 519 585 552 571 552
697 1324 719 1324 719 1357 697 1357
421 915 446 915 446 948 421 948
565 716 596 716 596 749 565 749
563 924 601 924 601 957 563 957
688 536 726 536 726 569 688 569
35 1044 55 1044 55 1077 35 1077
231 423 260 423 260 456 231 456
388 1172 418 1172 418 1205 388 1205
493 777 537 777 537 810 493 810
245 971 262 971 262 1005 245 1005
246 1295 263 1295 263 1329 246 1329
505 719 522 719 522 753 505 753
634 509 656 509 656 543 634 543
368 831 400 831 400 865 368 865
165 785 202 785 202 819 165 819
694 942 699 942 699 976 694 976
713 370 737 370 737 404 713 404
300 1075 329 1075 329 1109 300 1109
365 331 400 331 400 365 365 365
365 656 400 656 400 690 365 690
629 622 667 622 667 656 629 656
628 353 666 353 666 387 628 387
41 557 58 557 58 592 41 592
452 498 476 498 476 533 452 533
178 1323 206 1323 206 1358 178 1358
708 302 738 302 738 337 708 337
369 547 400 547 400 582 369 582
563 1225 603 1225 603 1260 563 1260
757 885 792 885 792 920 757 920
756 1273 800 1273 800 1308 756 1308
236 944 255 944 255 979 236 979
572 653 592 653 592 688 572 688
485 1125 508 1125 508 1160 485 1160
758 486 789 486 789 521 758 521
629 659 664 659 664 694 629 694
51 529 57 529 57 565 51 565
373 884 394 884 394 920 373 920
682 413 708 413 708 449 682 449
31 1009 64 1009 64 1045 31 1045
562 1142 597 1142 597 1178 562 1178
695 1251 722 1251 722 1287 695 1287
36 642 64 642 64 678 36 678
756 645 792 645 792 681 756 681
753 981 797 981 797 1017 753 1017
29 1147 66 1147 66 1184 29 1184
757 739 794 739 794 776 757 776
451 303 474 303 474 340 451 340
500 926 525 926 525 963 500 963
297 1193 335 1193 335 1230 297 1230
757 550 797 550 797 587 757 587
570 1191 585 1191 585 1228 570 1228
570 884 599 884 599 921 570 921
690 738 730 738 730 775 690 775
631 717 655 717 655 755 631 755
449 906 474 906 474 944 449 944
428 1014 458 1014 458 1052 428 1052
299 1153 333 1153 333 1191 299 1191
35 420 71 420 71 458 35 458
245 661 262 661 262 699 245 699
237 625 258 625 258 663 237 663
165 894 201 894 201 932 165 932
29 974 66 974 66 1012 29 1012
425 709 439 709 439 747 425 747
515 1089 542 1089 542 1127 515 1127
34 381 71 381 71 419 34 419
229 456 267 456 267 494 229 494
96 1216 136 1216 136 1254 96 1254
484 975 508 975 508 1014 484 1014
693 1136 722 1136 722 1175 693 1175
97 1156 130 1156 130 1195 97 1195
163 745 196 745 196 784 163 784
297 902 335 902 335 941 297 941
496 1082 502 1082 502 1121 496 1121
318 415 339 415 339 454 318 454
449 705 471 705 471 744 449 744
564 309 598 309 598 348 564 348
97 480 135 480 135 519 97 519
31 1270 66 1270 66 1310 31 1310
166 389 207 389 207 429 166 429
161 590 203 590 203 630 161 630
421 562 444 562 444 603 421 603
484 1216 508 1216 508 1257 484 1257
755 1108 793 1108 793 1149 755 1149
518 1193 542 1193 542 1234 518 1234
103 519 136 519 136 560 103 560
234 331 260 331 260 372 234 372
484 1042 510 1042 510 1083 484 1083
227 373 269 373 269 414 227 414
560 351 602 351 602 392 560 392
94 853 135 853 135 895 94 895
162 302 204 302 204 344 162 344
96 718 139 718 139 760 96 760
231 1031 268 1031 268 1073 231 1073
231 760 269 760 269 802 231 802
298 493 339 493 339 535 298 535
495 640 522 640 522 683 495 683
169 344 199 344 199 387 169 387
694 1094 723 1094 723 1137 694 1137
229 818 265 818 265 861 229 861
450 745 474 745 474 788 450 788
46 741 53 741 53 785 46 785
449 369 478 369 478 413 449 413
299 857 332 857 332 901 299 901
756 1174 797 1174 797 1218 756 1218
33 864 63 864 63 908 33 908
757 301 792 301 792 346 757 346
94 1282 130 1282 130 1327 94 1327
429 1253 466 1253 466 1299 429 1299
496 436 528 436 528 483 496 483
562 397 601 397 601 444 562 444
31 490 67 490 67 538 31 538
300 536 334 536 334 584 300 584
492 308 534 308 534 356 492 356
168 432 199 432 199 481 168 481
98 299 132 299 132 348 98 348
99 345 129 345 129 394 99 394
367 918 398 918 398 968 367 968
496 810 526 810 526 862 496 862
33 328 67 328 67 380 33 380
494 484 528 484 528 540 494 540
