421 1162 435 1162 435 1170 421 1170
559 1192 575 1192 575 1201 559 1201
351 1358 362 1358 362 1370 351 1370
556 1099 569 1099 569 1112 556 1112
282 463 301 463 301 476 282 476
624 786 635 786 635 799 624 799
415 1119 439 1119 439 1132 415 1132
551 897 566 897 566 911 551 911
676 946 703 946 703 961 676 961
878 974 912 974 912 989 878 989
803 1030 847 1030 847 1045 803 1045
320 1325 335 1325 335 1340 320 1340
317 1364 337 1364 337 1379 317 1379
606 738 630 738 630 754 606 754
529 1276 558 1276 558 1292 529 1292
876 878 908 878 908 894 876 894
604 398 637 398 637 414 604 414
880 829 909 829 909 845 880 845
671 1212 706 1212 706 1228 671 1228
345 1341 368 1341 368 1358 345 1358
313 1258 336 1258 336 1275 313 1275
411 983 440 983 440 1000 411 1000
674 715 704 715 704 732 674 732
887 931 900 931 900 949 887 949
196 760 219 760 219 778 196 778
379 874 406 874 406 892 379 892
404 633 425 633 425 652 404 652
608 1256 623 1256 623 1275 608 1275
330 630 351 630 351 649 330 649
886 365 908 365 908 384 886 384
195 303 213 303 213 322 195 322
332 1038 354 1038 354 1057 332 1057
749 637 774 637 774 656 749 656
123 981 149 981 149 1000 123 1000
190 369 220 369 220 388 190 388
879 344 913 344 913 363 879 363
745 1384 767 1384 767 1404 745 1404
313 1279 338 1279 338 1299 313 1299
125 1182 141 1182 141 1202 125 1202
753 1059 774 1059 774 1079 753 1079
345 1288 370 1288 370 1308 345 1308
410 1135 441 1135 441 1155 410 1155
118 704 159 704 159 724 118 724
282 296 304 296 304 317 282 317
119 767 150 767 150 788 119 788
339 1264 370 1264 370 1285 339 1285
599 575 644 575 644 596 599 596
384 972 404 972 404 993 384 993
331 1167 357 1167 357 1188 331 1188
319 1228 338 1228 338 1249 319 1249
126 638 146 638 146 659 126 659
883 474 911 474 911 495 883 495
378 852 406 852 406 873 378 873
532 501 572 501 572 522 532 522
418 1091 435 1091 435 1113 418 1113
385 950 405 950 405 972 385 972
319 1382 343 1382 343 1404 319 1404
873 1314 902 1314 902 1336 873 1336
113 1271 147 1271 147 1293 113 1293
677 1330 694 1330 694 1353 677 1353
281 408 299 408 299 431 281 431
816 533 836 533 836 556 816 556
541 565 562 565 562 588 541 588
315 1301 338 1301 338 1324 315 1324
601 1312 637 1312 637 1335 601 1335
681 689 702 689 702 712 681 712
378 992 407 992 407 1015 378 1015
611 554 633 554 633 577 611 577
279 434 303 434 303 457 279 457
738 299 779 299 779 322 738 322
323 305 366 305 366 328 323 328
884 805 904 805 904 829 884 829
328 257 361 257 361 281 328 281
877 694 912 694 912 718 877 718
805 371 845 371 845 395 805 395
607 1089 625 1089 625 1113 607 1113
410 1062 435 1062 435 1086 410 1086
889 1118 902 1118 902 1143 889 1143
602 982 634 982 634 1007 602 1007
530 585 566 585 566 610 530 610
319 1341 334 1341 334 1366 319 1366
279 349 295 349 295 374 279 374
279 322 301 322 301 347 279 347
382 1017 407 1017 407 1042 382 1042
117 885 153 885 153 910 117 910
545 422 556 422 556 447 545 447
887 392 908 392 908 417 887 417
534 1205 556 1205 556 1230 534 1230
753 1085 776 1085 776 1110 753 1110
750 1181 775 1181 775 1206 750 1206
412 922 441 922 441 947 412 947
119 810 151 810 151 835 119 835
119 786 155 786 155 811 119 811
404 570 421 570 421 596 404 596
757 1154 781 1154 781 1180 757 1180
247 394 274 394 274 420 247 420
185 816 218 816 218 842 185 842
806 858 841 858 841 884 806 884
183 390 222 390 222 416 183 416
870 1339 911 1339 911 1365 870 1365
123 866 145 866 145 892 123 892
747 1208 775 1208 775 1234 747 1234
876 1380 913 1380 913 1406 876 1406
393 333 434 333 434 359 393 359
122 1323 137 1323 137 1350 122 1350
198 848 218 848 218 875 198 875
248 358 271 358 271 385 248 385
678 1303 701 1303 701 1330 678 1330
610 369 635 369 635 396 610 396
807 345 840 345 840 372 807 372
527 611 565 611 565 638 527 638
127 580 141 580 141 607 127 607
386 889 400 889 400 916 386 916
332 975 350 975 350 1002 332 1002
683 408 702 408 702 435 683 435
380 1054 406 1054 406 1081 380 1081
122 301 152 301 152 328 122 328
804 708 835 708 835 735 804 735
606 525 638 525 638 552 606 552
117 1154 156 1154 156 1181 117 1181
528 766 578 766 578 793 528 793
889 947 898 947 898 975 889 975
345 1311 369 1311 369 1339 345 1339
760 429 793 429 793 457 760 457
877 529 917 529 917 557 877 557
254 298 266 298 266 326 254 326
329 566 346 566 346 594 329 594
417 1003 434 1003 434 1031 417 1031
321 1189 361 1189 361 1217 321 1217
529 1379 571 1379 571 1407 529 1407
253 326 269 326 269 354 253 354
874 1359 908 1359 908 1387 874 1387
597 1142 637 1142 637 1170 597 1170
745 505 772 505 772 534 745 534
879 633 911 633 911 662 879 662
879 847 913 847 913 876 879 876
600 1338 638 1338 638 1367 600 1367
744 721 782 721 782 750 744 750
114 912 154 912 154 941 114 941
676 1233 690 1233 690 1262 676 1262
750 661 769 661 769 690 750 690
747 792 773 792 773 821 747 821
604 879 630 879 630 908 604 908
384 917 406 917 406 947 384 947
805 733 839 733 839 763 805 763
808 958 844 958 844 988 808 988
880 498 918 498 918 528 880 528
611 681 630 681 630 711 611 711
615 1207 635 1207 635 1237 615 1237
675 967 698 967 698 997 675 997
413 951 439 951 439 981 413 981
676 439 706 439 706 469 676 469
742 691 773 691 773 721 742 721
598 1229 644 1229 644 1259 598 1259
818 558 834 558 834 588 818 588
334 1138 353 1138 353 1168 334 1168
601 1112 630 1112 630 1142 601 1142
728 430 761 430 761 460 728 460
530 736 564 736 564 766 530 766
740 1352 775 1352 775 1382 740 1382
118 1079 155 1079 155 1109 118 1109
689 373 700 373 700 404 689 404
674 1152 704 1152 704 1183 674 1183
117 1350 151 1350 151 1381 117 1381
392 301 433 301 433 332 392 332
889 447 907 447 907 478 889 478
332 333 353 333 353 364 332 364
329 741 352 741 352 772 329 772
688 343 713 343 713 374 688 374
192 875 222 875 222 906 192 906
599 1175 631 1175 631 1206 599 1206
114 1005 155 1005 155 1036 114 1036
612 708 627 708 627 740 612 740
417 1033 433 1033 433 1065 417 1065
404 772 424 772 424 804 404 804
121 1027 142 1027 142 1059 121 1059
812 633 840 633 840 665 812 665
745 1027 778 1027 778 1059 745 1059
273 374 305 374 305 406 273 406
880 419 913 419 913 451 880 451
119 1054 153 1054 153 1086 119 1086
111 1239 149 1239 149 1271 111 1271
188 784 227 784 227 816 188 816
193 728 225 728 225 760 193 760
740 1324 780 1324 780 1356 740 1356
320 495 360 495 360 527 320 527
407 851 447 851 447 883 407 883
600 1278 640 1278 640 1310 600 1310
745 575 778 575 778 608 745 608
744 388 780 388 780 421 744 421
119 517 156 517 156 550 119 550
743 750 782 750 782 783 743 783
878 660 917 660 917 693 878 693
281 480 306 480 306 513 281 513
326 903 356 903 356 936 326 936
603 1371 643 1371 643 1404 603 1404
810 924 851 924 851 957 810 957
874 1196 918 1196 918 1229 874 1229
397 801 428 801 428 835 397 835
325 1004 359 1004 359 1038 325 1038
396 401 432 401 432 435 396 435
741 322 780 322 780 356 741 356
666 1181 710 1181 710 1215 666 1215
608 454 634 454 634 488 608 488
278 595 308 595 308 629 278 629
744 602 778 602 778 636 744 636
876 1228 912 1228 912 1262 876 1262
815 500 834 500 834 534 815 534
343 1371 373 1371 373 1405 343 1405
874 901 915 901 915 935 874 935
544 713 553 713 553 748 544 748
675 999 709 999 709 1034 675 1034
119 942 157 942 157 977 119 977
877 1035 915 1035 915 1070 877 1070
460 487 498 487 498 522 460 522
397 659 437 659 437 694 397 694
680 512 702 512 702 547 680 547
673 1034 705 1034 705 1069 673 1069
806 760 840 760 840 795 806 795
119 603 155 603 155 638 119 638
674 303 711 303 711 338 674 338
742 212 779 212 779 247 742 247
134 837 147 837 147 873 134 873
806 825 830 825 830 861 806 861
189 695 226 695 226 731 189 731
807 885 844 885 844 921 807 921
667 548 717 548 717 584 667 584
818 392 831 392 831 428 818 428
280 514 307 514 307 550 280 550
599 761 639 761 639 797 599 797
606 413 638 413 638 449 606 449
673 580 707 580 707 616 673 616
744 990 778 990 778 1026 744 1026
535 384 572 384 572 420 535 420
396 362 434 362 434 398 396 398
748 350 786 350 786 386 748 386
113 549 162 549 162 585 113 585
812 432 839 432 839 469 812 469
396 596 432 596 432 633 396 633
602 842 640 842 640 879 602 879
669 613 707 613 707 650 669 650
736 818 785 818 785 855 736 855
536 523 570 523 570 560 536 560
673 1069 710 1069 710 1106 673 1106
803 994 848 994 848 1031 803 1031
599 1051 650 1051 650 1088 599 1088
673 1264 701 1264 701 1302 673 1302
413 884 443 884 443 922 413 922
875 715 912 715 912 753 875 753
396 693 429 693 429 731 396 731
470 522 488 522 488 560 470 560
539 638 558 638 558 676 539 676
610 326 633 326 633 364 610 364
751 1113 784 1113 784 1151 751 1151
673 814 707 814 707 852 673 852
330 408 350 408 350 447 330 447
677 907 704 907 704 946 677 946
330 368 359 368 359 407 330 407
808 467 841 467 841 506 808 506
119 663 154 663 154 702 119 702
320 592 357 592 357 631 320 631
188 523 232 523 232 562 188 562
530 820 576 820 576 859 530 859
808 784 842 784 842 823 808 823
523 1153 572 1153 572 1192 523 1192
335 1101 353 1101 353 1141 335 1141
468 393 488 393 488 433 468 433
126 725 150 725 150 765 126 765
323 772 353 772 353 812 323 812
530 676 565 676 565 716 530 716
804 664 846 664 846 704 804 704
679 649 706 649 706 689 679 689
523 1108 565 1108 565 1148 523 1148
524 1066 568 1066 568 1106 524 1106
599 486 644 486 644 526 599 526
681 856 699 856 699 896 681 896
277 551 305 551 305 592 277 592
405 731 420 731 420 772 405 772
120 1203 137 1203 137 1244 120 1244
531 1234 560 1234 560 1275 531 1275
339 1222 374 1222 374 1263 339 1263
186 561 231 561 231 602 186 602
326 700 356 700 356 742 326 742
673 733 710 733 710 775 673 775
673 773 712 773 712 815 673 815
878 558 921 558 921 600 878 600
600 801 641 801 641 843 600 843
603 1009 631 1009 631 1051 603 1051
319 936 364 936 364 978 319 978
131 1294 144 1294 144 1337 131 1337
682 1109 696 1109 696 1152 682 1152
189 655 227 655 227 698 189 698
738 896 777 896 777 939 738 939
601 948 641 948 641 991 601 991
740 462 783 462 783 505 740 505
331 1059 352 1059 352 1102 331 1102
879 1153 910 1153 910 1196 879 1196
813 589 845 589 845 632 813 632
527 1336 570 1336 570 1380 527 1380
116 415 161 415 161 459 116 459
600 908 646 908 646 952 600 952
875 594 916 594 916 638 875 638
870 1266 914 1266 914 1310 870 1310
118 1113 163 1113 163 1157 118 1157
319 447 367 447 367 491 319 491
194 324 210 324 210 368 194 368
329 655 354 655 354 699 329 699
737 854 779 854 779 898 737 898
319 864 361 864 361 908 319 908
393 531 433 531 433 576 393 576
319 208 361 208 361 253 319 253
388 436 433 436 433 481 388 481
183 418 229 418 229 463 183 463
738 1280 773 1280 773 1325 738 1325
322 524 360 524 360 569 322 569
531 909 572 909 572 954 531 954
743 532 782 532 782 578 743 578
396 484 424 484 424 531 396 531
741 1235 779 1235 779 1282 741 1282
874 996 920 996 920 1043 874 1043
527 1293 573 1293 573 1342 527 1342
389 1083 399 1083 399 1132 389 1132
540 449 574 449 574 498 540 498
669 1354 713 1354 713 1403 669 1403
875 1069 911 1069 911 1118 875 1118
119 464 157 464 157 513 119 513
614 587 624 587 624 638 614 638
875 755 916 755 916 806 875 806
190 601 228 601 228 654 190 654
531 335 577 335 577 388 531 388
323 813 357 813 357 866 323 866
183 466 234 466 234 521 183 521
743 942 781 942 781 998 743 998
819 1042 829 1042 829 1101 819 1101
258 420 267 420 267 484 258 484
133 330 147 330 147 403 133 403
