765 1003 776 1003 776 1010 765 1010
351 762 369 762 369 773 351 773
190 1357 217 1357 217 1368 190 1368
278 370 296 370 296 382 278 382
612 1390 634 1390 634 1402 612 1402
265 1273 279 1273 279 1285 265 1285
118 622 142 622 142 634 118 634
196 515 211 515 211 528 196 528
319 814 343 814 343 827 319 827
266 575 282 575 282 588 266 588
675 924 711 924 711 937 675 937
614 938 631 938 631 952 614 952
341 1238 351 1238 351 1252 341 1252
132 1268 147 1268 147 1282 132 1282
324 831 335 831 335 846 324 846
406 785 422 785 422 800 406 800
677 727 701 727 701 742 677 742
814 888 843 888 843 903 814 903
745 937 774 937 774 952 745 952
337 1131 354 1131 354 1147 337 1147
834 951 858 951 858 967 834 967
325 767 338 767 338 783 325 783
614 1000 629 1000 629 1016 614 1016
109 920 159 920 159 936 109 936
347 854 372 854 372 871 347 871
345 1314 365 1314 365 1332 345 1332
322 1321 334 1321 334 1339 322 1339
330 512 358 512 358 531 330 531
320 1366 338 1366 338 1386 320 1386
405 380 423 380 423 400 405 400
316 908 337 908 337 928 316 928
117 817 147 817 147 837 117 837
618 420 631 420 631 440 618 440
350 1336 368 1336 368 1356 350 1356
345 1359 367 1359 367 1379 345 1379
127 1382 158 1382 158 1402 127 1402
751 1118 772 1118 772 1138 751 1138
343 830 371 830 371 850 343 850
315 956 344 956 344 976 315 976
117 898 148 898 148 919 117 919
606 1018 638 1018 638 1039 606 1039
120 642 148 642 148 664 120 664
325 658 337 658 337 680 325 680
348 779 373 779 373 801 348 801
317 1339 343 1339 343 1361 317 1361
675 787 708 787 708 809 675 809
605 1107 639 1107 639 1129 605 1129
604 681 640 681 640 703 604 703
186 671 223 671 223 693 186 693
461 817 503 817 503 839 461 839
667 974 713 974 713 996 667 996
817 1178 844 1178 844 1201 817 1201
537 467 569 467 569 490 537 490
186 541 219 541 219 564 186 564
406 441 423 441 423 464 406 464
751 877 768 877 768 900 751 900
473 485 491 485 491 508 473 508
248 376 266 376 266 399 248 399
614 1267 632 1267 632 1290 614 1290
743 1012 773 1012 773 1035 743 1035
823 1117 843 1117 843 1141 823 1141
347 806 378 806 378 830 347 830
355 734 366 734 366 758 355 758
404 723 417 723 417 747 404 747
192 1161 220 1161 220 1185 192 1185
603 649 635 649 635 673 603 673
405 1002 422 1002 422 1026 405 1026
752 629 769 629 769 653 752 653
812 968 844 968 844 992 812 992
262 515 278 515 278 540 262 540
408 846 427 846 427 871 408 871
319 740 340 740 340 765 319 765
345 1290 369 1290 369 1315 345 1315
679 513 706 513 706 538 679 538
139 981 167 981 167 1006 139 1006
744 725 775 725 775 750 744 750
120 1093 156 1093 156 1118 120 1118
818 826 835 826 835 851 818 851
545 1013 564 1013 564 1038 545 1038
337 482 356 482 356 507 337 507
609 553 636 553 636 578 609 578
744 556 774 556 774 581 744 581
810 1077 845 1077 845 1102 810 1102
200 889 212 889 212 915 200 915
265 1214 281 1214 281 1240 265 1240
613 878 632 878 632 904 613 904
279 339 299 339 299 365 279 365
265 887 291 887 291 913 265 913
465 554 492 554 492 580 465 580
741 1380 773 1380 773 1406 741 1406
121 1355 155 1355 155 1381 121 1381
534 1118 570 1118 570 1144 534 1144
336 1069 353 1069 353 1095 336 1095
610 775 631 775 631 801 610 801
338 1210 365 1210 365 1236 338 1236
326 342 355 342 355 368 326 368
314 930 344 930 344 956 314 956
191 791 224 791 224 817 191 817
131 1204 145 1204 145 1230 131 1230
317 1386 342 1386 342 1412 317 1412
261 659 291 659 291 685 261 685
202 762 233 762 233 788 202 788
606 1043 639 1043 639 1069 606 1069
115 837 151 837 151 863 115 863
535 855 572 855 572 881 535 881
252 399 264 399 264 426 252 426
686 453 698 453 698 480 686 480
619 1121 633 1121 633 1148 619 1148
268 1382 282 1382 282 1409 268 1409
400 944 422 944 422 971 400 971
191 641 214 641 214 668 191 668
317 713 341 713 341 740 317 740
266 827 293 827 293 854 266 854
814 1049 841 1049 841 1076 814 1076
114 343 149 343 149 370 114 370
674 481 709 481 709 508 674 508
256 1331 294 1331 294 1358 256 1358
187 1129 217 1129 217 1156 187 1156
744 460 775 460 775 487 744 487
329 1252 362 1252 362 1279 329 1279
197 695 213 695 213 723 197 723
317 787 342 787 342 815 317 815
397 1027 429 1027 429 1055 397 1055
536 750 571 750 571 778 536 778
325 532 362 532 362 560 325 560
123 713 143 713 143 741 123 741
680 418 702 418 702 446 680 446
263 598 288 598 288 626 263 626
606 1148 639 1148 639 1176 606 1176
533 545 576 545 576 573 533 573
618 527 631 527 631 555 618 555
343 1379 371 1379 371 1407 343 1407
601 578 640 578 640 606 601 606
195 448 210 448 210 477 195 477
318 849 335 849 335 878 318 878
265 1354 284 1354 284 1383 265 1383
544 986 564 986 564 1015 544 1015
126 1323 148 1323 148 1352 126 1352
317 1291 343 1291 343 1320 317 1320
607 904 637 904 637 933 607 933
399 496 431 496 431 525 399 525
46 475 86 475 86 504 46 504
324 681 336 681 336 710 324 710
196 1325 210 1325 210 1354 196 1354
264 1058 281 1058 281 1087 264 1087
125 865 146 865 146 894 125 894
317 879 339 879 339 908 317 908
607 381 638 381 638 410 607 410
256 1300 295 1300 295 1329 256 1329
404 466 425 466 425 496 404 496
124 781 146 781 146 811 124 811
55 445 83 445 83 475 55 475
63 337 77 337 77 367 63 367
263 729 281 729 281 759 263 759
260 792 282 792 282 822 260 822
674 813 709 813 709 843 674 843
466 450 502 450 502 480 466 480
810 335 847 335 847 365 810 365
394 971 432 971 432 1001 394 1001
820 498 840 498 840 528 820 528
348 948 370 948 370 978 348 978
747 1240 778 1240 778 1270 747 1270
742 1214 774 1214 774 1244 742 1244
476 419 496 419 496 450 476 450
810 852 841 852 841 883 810 883
741 901 773 901 773 932 741 932
681 539 703 539 703 570 681 570
191 602 214 602 214 633 191 633
192 724 221 724 221 755 192 755
535 957 570 957 570 988 535 988
255 627 292 627 292 658 255 658
119 1291 157 1291 157 1322 119 1322
63 412 76 412 76 444 63 444
190 1263 207 1263 207 1295 190 1295
260 956 284 956 284 988 260 988
261 1088 286 1088 286 1120 261 1120
606 810 635 810 635 842 606 842
190 818 220 818 220 850 190 850
190 950 222 950 222 982 190 982
817 1237 850 1237 850 1269 817 1269
255 855 289 855 289 887 255 887
607 1073 637 1073 637 1105 607 1105
812 430 845 430 845 462 812 462
120 1125 157 1125 157 1157 120 1157
393 911 434 911 434 943 393 943
748 1077 776 1077 776 1109 748 1109
119 503 152 503 152 535 119 535
744 422 780 422 780 454 744 454
184 564 220 564 220 596 184 596
741 691 778 691 778 723 741 723
812 923 849 923 849 955 812 955
689 935 694 935 694 968 689 968
614 702 630 702 630 735 614 735
190 338 215 338 215 371 190 371
535 393 566 393 566 426 535 426
609 348 643 348 643 381 609 381
535 783 571 783 571 816 535 816
814 1206 850 1206 850 1239 814 1239
751 333 767 333 767 366 751 366
808 462 842 462 842 495 808 495
252 1238 287 1238 287 1271 252 1271
327 1152 362 1152 362 1186 327 1186
325 1186 367 1186 367 1220 325 1220
117 1011 163 1011 163 1045 117 1045
405 875 435 875 435 909 405 909
741 582 774 582 774 616 741 616
742 967 777 967 777 1001 742 1001
541 921 577 921 577 955 541 955
256 540 286 540 286 574 256 574
187 1006 225 1006 225 1040 187 1040
807 752 846 752 846 786 807 786
532 430 574 430 574 464 532 464
330 1095 362 1095 362 1130 330 1130
396 750 428 750 428 785 396 785
121 1231 155 1231 155 1266 121 1266
328 403 366 403 366 438 328 438
460 384 500 384 500 419 460 419
473 781 492 781 492 816 473 816
541 816 569 816 569 851 541 851
811 529 843 529 843 564 811 564
117 672 149 672 149 707 117 707
536 1182 576 1182 576 1217 536 1217
600 842 644 842 644 877 600 877
688 883 699 883 699 919 688 919
194 1295 209 1295 209 1331 194 1331
190 849 218 849 218 885 190 885
397 344 430 344 430 380 397 380
251 434 291 434 291 470 251 470
350 661 368 661 368 697 350 697
809 709 838 709 838 745 809 745
745 655 775 655 775 691 745 691
742 366 774 366 774 402 742 402
750 1142 767 1142 767 1178 750 1178
190 475 216 475 216 511 190 511
242 337 271 337 271 373 242 373
198 915 217 915 217 952 198 952
121 418 151 418 151 455 121 455
398 809 434 809 434 846 398 846
680 333 695 333 695 370 680 370
124 937 144 937 144 974 124 974
609 484 633 484 633 521 609 521
676 845 706 845 706 882 676 882
186 1043 227 1043 227 1080 186 1080
326 610 368 610 368 647 326 647
802 787 844 787 844 824 802 824
533 1077 581 1077 581 1114 533 1114
330 368 352 368 352 406 330 406
274 386 298 386 298 424 274 424
544 1146 572 1146 572 1184 544 1184
402 586 439 586 439 624 402 624
325 1033 364 1033 364 1071 325 1071
322 298 366 298 366 336 322 336
733 1178 779 1178 779 1216 733 1216
475 346 489 346 489 384 475 384
259 1018 281 1018 281 1056 259 1056
671 574 709 574 709 612 671 612
265 689 281 689 281 727 265 727
259 759 287 759 287 797 259 797
606 960 638 960 638 998 606 998
539 1364 575 1364 575 1402 539 1402
111 582 156 582 156 620 111 620
185 371 221 371 221 410 185 410
741 793 778 793 778 832 741 832
607 735 634 735 634 775 607 775
186 408 220 408 220 448 186 448
814 1143 853 1143 853 1183 814 1183
119 741 147 741 147 781 119 781
344 698 373 698 373 738 344 738
344 872 374 872 374 912 344 912
535 669 576 669 576 709 535 709
606 300 648 300 648 340 606 340
193 1186 209 1186 209 1227 193 1227
609 443 643 443 643 484 609 484
813 1318 849 1318 849 1359 813 1359
396 403 435 403 435 444 396 444
395 299 435 299 435 340 395 340
540 581 569 581 569 622 540 622
539 706 571 706 571 747 539 747
252 472 286 472 286 513 252 513
604 610 640 610 640 651 604 651
330 988 363 988 363 1030 330 1030
739 1278 778 1278 778 1320 739 1320
809 667 841 667 841 709 809 709
119 1161 155 1161 155 1203 119 1203
744 750 776 750 776 793 744 793
258 989 291 989 291 1032 258 1032
673 617 712 617 712 660 673 660
810 564 854 564 854 607 810 607
529 1038 577 1038 577 1081 529 1081
265 913 278 913 278 957 265 957
813 1273 859 1273 859 1317 813 1317
126 455 144 455 144 499 126 499
184 1085 220 1085 220 1129 184 1129
674 744 717 744 717 788 674 788
328 432 356 432 356 476 328 476
539 1218 570 1218 570 1262 539 1262
256 1180 289 1180 289 1224 256 1224
740 832 778 832 778 876 740 876
538 1265 582 1265 582 1309 538 1309
459 734 508 734 508 778 459 778
463 509 505 509 505 554 463 554
120 1044 157 1044 157 1090 120 1090
746 1036 778 1036 778 1082 746 1082
115 536 153 536 153 582 115 582
536 1312 572 1312 572 1358 536 1358
479 580 490 580 490 627 479 627
68 367 78 367 78 414 68 414
666 370 712 370 712 418 666 418
600 1216 648 1216 648 1264 600 1264
393 674 438 674 438 722 393 722
194 1214 201 1214 201 1263 194 1263
533 881 563 881 563 930 533 930
391 626 429 626 429 675 391 675
480 835 487 835 487 886 480 886
116 370 151 370 151 421 116 421
816 1350 852 1350 852 1401 816 1401
334 560 364 560 364 611 334 611
466 680 500 680 500 732 466 732
534 492 566 492 566 544 534 544
741 1323 777 1323 777 1377 741 1377
813 993 844 993 844 1048 813 1048
806 611 843 611 843 666 806 666
460 627 499 627 499 682 460 682
675 665 709 665 709 722 675 722
254 1122 288 1122 288 1179 254 1179
398 528 432 528 432 586 398 586
810 364 844 364 844 429 810 429
749 484 775 484 775 551 749 551
