529 1228 566 1228 566 1236 529 1236
545 766 565 766 565 776 545 776
671 324 681 324 681 334 671 334
699 459 711 459 711 470 699 470
667 527 685 527 685 539 667 539
200 754 218 754 218 768 200 768
134 762 150 762 150 777 134 777
609 441 637 441 637 456 609 456
749 1184 765 1184 765 1200 749 1200
121 372 165 372 165 388 121 388
329 660 359 660 359 676 329 676
263 910 293 910 293 926 263 926
423 1076 438 1076 438 1093 423 1093
751 772 768 772 768 789 751 789
405 726 423 726 423 743 405 743
271 931 289 931 289 948 271 948
193 604 225 604 225 621 193 621
124 424 166 424 166 441 124 441
131 473 159 473 159 491 131 491
391 1005 401 1005 401 1023 391 1023
699 561 712 561 712 579 699 579
197 382 215 382 215 400 197 400
391 937 403 937 403 956 391 956
401 1363 419 1363 419 1382 401 1382
875 850 910 850 910 869 875 869
113 1023 160 1023 160 1042 113 1042
194 518 225 518 225 537 194 537
669 474 683 474 683 494 669 494
693 582 715 582 715 602 693 602
466 320 494 320 494 340 466 340
668 448 683 448 683 468 668 468
325 1191 360 1191 360 1211 325 1211
391 984 401 984 401 1005 391 1005
545 707 561 707 561 728 545 728
473 372 490 372 490 393 473 393
662 580 689 580 689 601 662 601
702 711 711 711 711 732 702 732
665 426 687 426 687 447 665 447
263 564 290 564 290 585 263 585
808 960 842 960 842 981 808 981
475 593 488 593 488 615 475 615
389 1024 405 1024 405 1046 389 1046
541 1317 557 1317 557 1339 541 1339
413 1030 436 1030 436 1052 413 1052
466 922 496 922 496 944 466 944
388 956 403 956 403 978 388 978
698 534 714 534 714 556 698 556
414 1053 437 1053 437 1075 414 1075
741 1336 771 1336 771 1358 741 1358
669 601 683 601 683 624 669 624
812 432 846 432 846 455 812 455
603 496 639 496 639 519 603 519
605 1377 647 1377 647 1400 605 1400
616 754 628 754 628 777 616 777
327 319 364 319 364 342 327 342
478 862 491 862 491 885 478 885
535 389 571 389 571 412 535 412
751 450 769 450 769 474 751 474
534 926 560 926 560 950 534 950
605 1001 634 1001 634 1025 605 1025
671 941 705 941 705 965 671 965
190 410 227 410 227 434 190 434
338 602 351 602 351 626 338 626
270 847 285 847 285 871 270 871
128 1040 147 1040 147 1064 128 1064
693 427 713 427 713 451 693 451
749 1245 761 1245 761 1270 749 1270
408 666 425 666 425 691 408 691
332 1250 355 1250 355 1275 332 1275
265 1018 290 1018 290 1043 265 1043
259 1077 290 1077 290 1102 259 1102
391 1215 426 1215 426 1240 391 1240
260 955 296 955 296 980 260 980
884 1266 901 1266 901 1291 884 1291
136 444 154 444 154 469 136 469
883 742 904 742 904 767 883 767
531 1342 559 1342 559 1367 531 1367
876 623 912 623 912 648 876 648
874 913 915 913 915 938 874 938
117 897 162 897 162 922 117 922
749 965 766 965 766 990 749 990
666 369 685 369 685 394 666 394
665 342 688 342 688 367 665 367
541 498 564 498 564 523 541 523
533 982 564 982 564 1007 533 1007
668 1171 707 1171 707 1196 668 1196
872 1184 913 1184 913 1209 872 1209
825 523 836 523 836 549 825 549
135 698 148 698 148 724 135 724
200 692 216 692 216 718 200 718
544 413 562 413 562 439 544 439
692 480 718 480 718 506 692 506
809 814 843 814 843 840 809 840
462 341 502 341 502 367 462 367
601 465 647 465 647 491 601 491
667 400 684 400 684 426 667 426
694 399 715 399 715 425 694 425
603 682 638 682 638 708 603 708
394 910 402 910 402 937 394 937
825 583 838 583 838 610 825 610
892 939 905 939 905 966 892 966
753 711 769 711 769 738 753 738
539 902 559 902 559 929 539 929
694 365 721 365 721 392 694 392
532 1364 565 1364 565 1391 532 1391
536 471 569 471 569 498 536 498
873 1237 907 1237 907 1264 873 1264
614 908 632 908 632 935 614 935
190 572 230 572 230 599 190 599
340 409 350 409 350 436 340 436
619 848 633 848 633 875 619 875
335 348 355 348 355 375 335 375
527 950 566 950 566 977 527 977
880 1330 895 1330 895 1358 880 1358
888 479 906 479 906 507 888 507
603 1240 635 1240 635 1268 603 1268
132 830 148 830 148 858 132 858
681 1269 699 1269 699 1297 681 1297
695 602 717 602 717 630 695 630
692 733 718 733 718 761 692 761
328 1118 360 1118 360 1146 328 1146
394 1185 431 1185 431 1213 394 1213
599 1348 640 1348 640 1376 599 1376
200 924 218 924 218 953 200 953
663 494 688 494 688 523 663 523
464 753 497 753 497 782 464 782
740 899 779 899 779 928 740 928
872 1010 917 1010 917 1039 872 1039
409 413 421 413 421 442 409 442
202 318 216 318 216 347 202 347
409 829 427 829 427 858 409 858
879 1111 901 1111 901 1140 879 1140
669 1239 705 1239 705 1268 669 1268
464 831 506 831 506 860 464 860
200 859 213 859 213 888 200 888
271 1048 286 1048 286 1077 271 1077
749 1123 767 1123 767 1152 749 1152
611 1026 634 1026 634 1055 611 1055
471 620 494 620 494 649 471 649
605 1092 637 1092 637 1122 605 1122
397 745 430 745 430 775 397 775
121 492 160 492 160 522 121 522
753 1303 765 1303 765 1333 753 1333
204 484 218 484 218 514 204 514
613 1210 628 1210 628 1240 613 1240
669 674 691 674 691 704 669 704
257 438 292 438 292 468 257 468
319 831 357 831 357 861 319 861
531 1287 571 1287 571 1317 531 1317
600 608 642 608 642 638 600 638
540 564 565 564 565 595 540 595
195 347 224 347 224 378 195 378
466 442 500 442 500 473 466 473
261 586 296 586 296 617 261 617
538 632 574 632 574 663 538 663
874 359 917 359 917 390 874 390
193 888 223 888 223 919 193 919
810 926 845 926 845 957 810 957
254 1135 293 1135 293 1166 254 1166
533 594 575 594 575 625 533 625
391 381 435 381 435 412 391 412
123 956 148 956 148 987 123 987
606 777 636 777 636 808 606 808
661 547 692 547 692 578 661 578
123 992 154 992 154 1023 123 1023
195 625 227 625 227 656 195 656
326 626 358 626 358 657 326 657
546 671 579 671 579 702 546 702
874 1042 908 1042 908 1073 874 1073
809 459 843 459 843 490 809 490
547 439 557 439 557 471 547 471
824 893 837 893 837 925 824 925
409 991 437 991 437 1023 409 1023
739 380 770 380 770 412 739 412
606 1269 640 1269 640 1301 606 1301
813 325 852 325 852 357 813 357
671 857 710 857 710 889 671 889
189 828 229 828 229 860 189 860
190 659 233 659 233 691 190 691
458 944 501 944 501 976 458 976
699 504 711 504 711 536 699 536
399 1282 415 1282 415 1314 399 1314
891 1209 908 1209 908 1241 891 1241
253 1100 293 1100 293 1132 253 1132
190 539 225 539 225 572 190 572
876 503 911 503 911 536 876 536
397 691 433 691 433 724 397 724
259 620 298 620 298 653 259 653
671 975 711 975 711 1008 671 1008
529 865 575 865 575 898 529 898
537 526 568 526 568 559 537 559
741 830 777 830 777 863 741 863
874 772 911 772 911 805 874 805
810 1017 847 1017 847 1050 810 1050
320 375 363 375 363 408 320 408
398 858 429 858 429 891 398 891
671 1094 707 1094 707 1127 671 1127
740 1151 776 1151 776 1184 740 1184
325 1148 366 1148 366 1181 325 1181
397 629 439 629 439 662 397 662
735 1359 778 1359 778 1392 735 1392
333 1211 354 1211 354 1245 333 1245
692 324 720 324 720 358 692 358
330 437 358 437 358 471 330 471
262 871 293 871 293 905 262 905
328 1358 364 1358 364 1392 328 1392
267 980 290 980 290 1014 267 1014
692 639 721 639 721 673 692 673
126 724 156 724 156 758 126 758
744 865 775 865 775 899 744 899
129 575 163 575 163 609 129 609
535 355 570 355 570 389 535 389
188 718 224 718 224 752 188 752
614 873 634 873 634 908 614 908
333 1083 354 1083 354 1118 333 1118
124 389 162 389 162 424 124 424
830 610 837 610 837 645 830 645
474 886 493 886 493 921 474 921
746 928 769 928 769 963 746 963
693 676 719 676 719 711 693 711
410 957 437 957 437 992 410 992
125 1064 155 1064 155 1099 125 1099
744 735 776 735 776 770 744 770
750 796 763 796 763 831 750 831
809 551 844 551 844 586 809 586
741 1211 778 1211 778 1246 741 1246
607 1056 645 1056 645 1091 607 1091
809 490 850 490 850 525 809 525
603 324 644 324 644 359 603 359
116 920 161 920 161 955 116 955
204 985 218 985 218 1021 204 1021
469 515 499 515 499 551 469 551
744 991 774 991 774 1027 744 1027
325 862 358 862 358 898 325 898
603 1128 638 1128 638 1164 603 1164
324 1004 364 1004 364 1040 324 1040
749 412 771 412 771 448 749 448
413 913 442 913 442 949 413 949
607 812 642 812 642 848 607 848
330 738 368 738 368 774 330 774
388 1240 431 1240 431 1276 388 1276
677 1008 698 1008 698 1045 677 1045
330 1314 357 1314 357 1351 330 1351
880 705 909 705 909 742 880 742
383 1046 413 1046 413 1083 383 1083
877 1289 908 1289 908 1326 877 1326
878 322 914 322 914 359 878 359
538 729 575 729 575 766 538 766
876 807 915 807 915 844 876 844
667 892 709 892 709 929 667 929
402 442 428 442 428 479 402 479
396 1096 423 1096 423 1133 396 1133
404 534 440 534 440 571 404 571
261 356 298 356 298 393 261 393
534 822 571 822 571 859 534 859
811 354 851 354 851 391 811 391
258 319 300 319 300 356 258 356
736 1088 781 1088 781 1125 736 1125
880 965 908 965 908 1002 880 1002
746 574 782 574 782 611 746 611
533 1184 569 1184 569 1221 533 1221
875 1146 912 1146 912 1183 875 1183
672 775 710 775 710 812 672 812
464 477 503 477 503 514 464 514
531 1058 569 1058 569 1096 531 1096
337 1275 351 1275 351 1313 337 1313
819 979 835 979 835 1017 819 1017
669 1133 707 1133 707 1171 669 1171
878 578 918 578 918 616 878 616
126 858 153 858 153 897 126 897
123 784 160 784 160 823 123 823
872 1358 909 1358 909 1397 872 1397
887 537 905 537 905 576 887 576
262 524 293 524 293 563 262 563
670 704 682 704 682 743 670 743
742 474 774 474 774 513 742 513
263 653 299 653 299 692 263 692
602 639 642 639 642 678 602 678
329 1043 359 1043 359 1083 329 1083
528 1097 566 1097 566 1137 528 1137
603 566 642 566 642 606 603 606
127 279 167 279 167 319 127 319
872 1074 911 1074 911 1114 872 1114
261 397 295 397 295 438 261 438
740 285 780 285 780 326 740 326
540 317 558 317 558 358 540 358
193 777 224 777 224 818 193 818
817 391 849 391 849 432 817 432
601 1307 636 1307 636 1348 601 1348
737 1266 773 1266 773 1307 737 1307
259 800 305 800 305 841 259 841
474 551 492 551 492 592 474 592
612 395 632 395 632 436 612 436
676 1197 703 1197 703 1238 676 1238
189 953 224 953 224 994 189 994
605 361 644 361 644 403 605 403
251 1350 292 1350 292 1392 251 1392
668 812 712 812 712 854 668 854
121 616 166 616 166 658 121 658
611 523 629 523 629 565 611 565
397 277 438 277 438 319 397 319
257 1166 301 1166 301 1208 257 1208
250 1304 295 1304 295 1346 250 1346
389 1312 424 1312 424 1355 389 1355
879 440 921 440 921 483 879 483
817 643 832 643 832 687 817 687
742 666 780 666 780 710 742 710
464 787 505 787 505 831 464 831
207 1021 215 1021 215 1066 207 1066
127 325 160 325 160 370 127 370
324 959 364 959 364 1004 324 1004
472 393 497 393 497 438 472 438
531 1241 566 1241 566 1286 531 1286
670 1346 707 1346 707 1391 670 1391
389 1133 436 1133 436 1180 389 1180
187 437 234 437 234 484 187 484
746 332 768 332 768 379 746 379
678 1299 701 1299 701 1346 678 1346
465 706 502 706 502 753 465 753
603 1162 646 1162 646 1209 603 1209
880 654 907 654 907 701 880 701
676 1045 700 1045 700 1093 676 1093
262 1207 286 1207 286 1255 262 1255
404 485 429 485 429 533 404 533
253 1256 293 1256 293 1304 253 1304
811 844 841 844 841 893 811 893
603 713 645 713 645 762 603 762
665 624 680 624 680 673 665 673
531 1134 564 1134 564 1183 531 1183
123 649 158 649 158 698 123 698
261 749 294 749 294 799 261 799
533 1007 561 1007 561 1057 533 1057
746 615 777 615 777 665 746 665
876 387 909 387 909 437 876 437
892 867 900 867 900 918 892 918
330 779 356 779 356 830 330 830
326 554 366 554 366 605 326 605
261 697 297 697 297 749 261 749
133 522 151 522 151 574 133 574
399 573 434 573 434 625 399 625
406 775 421 775 421 828 406 828
328 500 361 500 361 553 328 553
398 326 427 326 427 380 398 380
604 940 635 940 635 996 604 996
740 1028 776 1028 776 1086 740 1086
327 679 364 679 364 737 327 737
745 514 772 514 772 573 745 573
809 751 846 751 846 812 809 812
