136 560 176 560 176 566 136 566
624 617 665 617 665 625 624 625
832 1247 879 1247 879 1261 832 1261
780 1204 797 1204 797 1219 780 1219
569 1073 588 1073 588 1089 569 1089
907 1335 938 1335 938 1351 907 1351
783 1254 793 1254 793 1270 783 1270
705 677 722 677 722 693 705 693
778 1352 797 1352 797 1369 778 1369
345 809 376 809 376 826 345 826
693 698 735 698 735 715 693 715
563 448 582 448 582 465 563 465
837 1038 869 1038 869 1056 837 1056
418 1265 454 1265 454 1283 418 1283
492 689 512 689 512 708 492 708
423 982 439 982 439 1001 423 1001
495 1224 514 1224 514 1243 495 1243
765 1233 804 1233 804 1252 765 1252
138 499 172 499 172 518 138 518
276 362 311 362 311 381 276 381
634 375 655 375 655 395 634 395
274 308 309 308 309 328 274 328
349 438 370 438 370 458 349 458
139 695 172 695 172 715 139 715
139 342 172 342 172 362 139 362
902 432 943 432 943 452 902 452
624 1386 680 1386 680 1407 624 1407
563 688 583 688 583 710 563 710
706 989 728 989 728 1011 706 1011
838 1221 871 1221 871 1243 838 1243
702 370 719 370 719 392 702 392
490 1386 511 1386 511 1408 490 1408
283 1190 305 1190 305 1212 283 1212
133 1078 187 1078 187 1100 133 1100
564 384 581 384 581 407 564 407
493 753 510 753 510 776 493 776
148 1352 166 1352 166 1375 148 1375
779 1296 799 1296 799 1319 779 1319
772 830 793 830 793 853 772 853
210 910 242 910 242 933 210 933
709 1190 726 1190 726 1213 709 1213
842 633 863 633 863 656 842 656
146 1311 167 1311 167 1334 146 1334
147 472 173 472 173 495 147 495
132 776 184 776 184 799 132 799
354 1176 377 1176 377 1200 354 1200
559 513 594 513 594 537 559 537
275 332 315 332 315 356 275 356
355 581 374 581 374 605 355 605
352 550 376 550 376 574 352 574
416 1237 456 1237 456 1261 416 1261
218 737 238 737 238 762 218 762
426 1355 450 1355 450 1380 426 1380
697 1012 728 1012 728 1037 697 1037
832 659 873 659 873 684 832 684
706 929 722 929 722 954 706 954
701 602 719 602 719 627 701 627
776 1136 794 1136 794 1161 776 1161
703 753 731 753 731 778 703 778
131 1336 182 1336 182 1361 131 1361
423 955 442 955 442 981 423 981
708 1258 729 1258 729 1284 708 1284
840 485 863 485 863 511 840 511
704 782 728 782 728 808 704 808
284 904 311 904 311 930 284 930
828 310 864 310 864 336 828 336
832 416 869 416 869 442 832 442
695 1159 735 1159 735 1185 695 1185
130 525 173 525 173 551 130 551
422 1381 468 1381 468 1407 422 1407
212 306 234 306 234 332 212 332
485 862 519 862 519 888 485 888
627 1361 662 1361 662 1387 627 1387
355 373 371 373 371 400 355 400
285 743 305 743 305 770 285 770
846 1192 867 1192 867 1219 846 1219
356 1240 378 1240 378 1267 356 1267
768 854 800 854 800 881 768 881
487 1285 527 1285 527 1312 487 1312
143 363 168 363 168 390 143 390
282 451 308 451 308 478 282 478
834 749 861 749 861 776 834 776
349 1145 378 1145 378 1172 349 1172
557 308 586 308 586 335 557 335
635 306 652 306 652 333 635 333
778 1322 796 1322 796 1349 778 1349
148 1105 167 1105 167 1132 148 1132
214 451 235 451 235 478 214 478
423 308 445 308 445 335 423 335
835 772 864 772 864 799 835 799
434 1203 465 1203 465 1230 434 1230
485 717 527 717 527 744 485 744
896 772 941 772 941 799 896 799
138 714 171 714 171 742 138 742
695 463 736 463 736 491 695 491
763 1272 815 1272 815 1300 763 1300
284 1379 306 1379 306 1407 284 1407
910 891 933 891 933 919 910 919
634 546 658 546 658 574 634 574
775 964 799 964 799 992 775 992
353 867 378 867 378 895 353 895
695 307 720 307 720 335 695 335
347 1337 379 1337 379 1365 347 1365
762 307 795 307 795 335 762 335
432 1324 456 1324 456 1353 432 1353
838 385 862 385 862 414 838 414
147 935 168 935 168 964 147 964
911 1211 935 1211 935 1240 911 1240
143 618 168 618 168 647 143 647
626 1141 662 1141 662 1170 626 1170
561 1149 599 1149 599 1178 561 1178
694 428 726 428 726 457 694 457
902 1085 939 1085 939 1114 902 1114
551 609 591 609 591 638 551 638
897 658 939 658 939 687 897 687
900 625 927 625 927 655 900 655
700 810 729 810 729 840 700 840
832 875 863 875 863 905 832 905
207 1161 242 1161 242 1191 207 1191
699 1285 736 1285 736 1315 699 1315
833 1168 877 1168 877 1198 833 1198
491 615 509 615 509 645 491 645
569 1340 590 1340 590 1370 569 1370
553 577 585 577 585 607 553 607
904 594 936 594 936 624 904 624
830 907 872 907 872 937 830 937
201 615 251 615 251 645 201 645
206 1270 257 1270 257 1300 206 1300
495 971 510 971 510 1002 495 1002
202 586 253 586 253 617 202 617
353 740 372 740 372 771 353 771
495 1151 516 1151 516 1182 495 1182
288 932 309 932 309 963 288 963
415 445 453 445 453 476 415 476
223 555 246 555 246 587 223 587
142 1010 171 1010 171 1042 142 1042
834 717 870 717 870 749 834 749
690 336 726 336 726 368 690 368
414 337 451 337 451 369 414 369
128 392 172 392 172 424 128 424
495 456 511 456 511 488 495 488
432 1168 470 1168 470 1200 432 1200
211 1376 250 1376 250 1408 211 1408
130 745 173 745 173 777 130 777
499 1350 513 1350 513 1383 499 1383
700 392 719 392 719 425 700 425
636 1330 657 1330 657 1363 636 1363
629 576 660 576 660 609 629 609
623 983 658 983 658 1016 623 1016
417 1036 459 1036 459 1069 417 1069
278 1055 320 1055 320 1088 278 1088
274 770 316 770 316 803 274 803
301 600 311 600 311 633 301 633
354 895 375 895 375 928 354 928
557 409 592 409 592 442 557 442
279 567 314 567 314 600 279 600
277 1303 312 1303 312 1336 277 1336
696 950 732 950 732 983 696 983
832 685 872 685 872 718 832 718
484 1249 525 1249 525 1282 484 1282
414 1002 459 1002 459 1035 414 1035
355 1301 382 1301 382 1334 355 1334
626 915 665 915 665 948 626 948
825 802 872 802 872 835 825 835
422 373 447 373 447 407 422 407
347 607 379 607 379 641 347 641
208 764 246 764 246 798 208 798
691 491 731 491 731 525 691 525
340 304 381 304 381 338 340 338
290 415 310 415 310 449 290 449
633 437 656 437 656 471 633 471
355 1103 384 1103 384 1137 355 1137
901 733 933 733 933 767 901 767
557 1000 594 1000 594 1034 557 1034
554 1265 598 1265 598 1299 554 1299
626 879 671 879 671 913 626 913
408 407 461 407 461 441 408 441
624 335 654 335 654 370 624 370
697 565 729 565 729 600 697 600
487 1005 520 1005 520 1040 487 1040
624 1101 663 1101 663 1136 624 1136
345 1269 386 1269 386 1304 345 1304
354 1063 369 1063 369 1098 354 1098
293 706 311 706 311 741 293 741
285 1339 308 1339 308 1374 285 1374
843 1263 871 1263 871 1298 843 1298
135 302 168 302 168 337 135 337
555 711 590 711 590 746 555 746
768 1373 806 1373 806 1408 768 1408
485 778 523 778 523 813 485 813
418 734 442 734 442 769 418 769
353 1202 382 1202 382 1238 353 1238
768 561 798 561 798 597 768 597
278 632 310 632 310 668 278 668
345 769 378 769 378 805 345 805
345 971 383 971 383 1007 345 1007
628 1219 666 1219 666 1255 628 1255
767 1163 805 1163 805 1199 767 1199
766 886 806 886 806 922 766 922
204 478 249 478 249 514 204 514
703 1073 729 1073 729 1109 703 1109
564 539 578 539 578 576 564 576
641 508 657 508 657 545 641 545
558 1371 592 1371 592 1408 558 1408
694 629 729 629 729 666 694 666
139 1176 179 1176 179 1213 139 1213
343 1372 388 1372 388 1409 343 1409
128 1043 174 1043 174 1080 128 1080
843 543 862 543 862 580 843 580
705 1217 726 1217 726 1254 705 1254
559 748 595 748 595 785 559 785
766 787 805 787 805 824 766 824
556 1030 596 1030 596 1067 556 1067
484 417 526 417 526 454 484 454
757 339 806 339 806 376 757 376
433 882 442 882 442 919 433 919
649 945 658 945 658 982 649 982
151 898 170 898 170 935 151 935
346 395 378 395 378 432 346 432
625 399 665 399 665 436 625 436
628 1256 668 1256 668 1293 628 1293
690 1037 740 1037 740 1074 690 1074
485 647 518 647 518 685 485 685
209 1240 245 1240 245 1278 209 1278
830 445 870 445 870 483 830 483
478 1312 530 1312 530 1350 478 1350
212 414 233 414 233 452 212 452
354 515 380 515 380 553 354 553
426 810 455 810 455 848 426 848
490 1180 523 1180 523 1218 490 1218
903 555 945 555 945 593 903 593
621 1017 664 1017 664 1055 621 1055
205 646 249 646 249 684 205 684
210 513 244 513 244 552 210 552
554 1223 596 1223 596 1262 554 1262
481 582 526 582 526 621 481 621
566 1298 587 1298 587 1337 566 1337
766 751 805 751 805 790 766 790
901 1115 945 1115 945 1154 901 1154
479 891 527 891 527 930 479 930
299 1261 305 1261 305 1300 299 1300
699 1322 740 1322 740 1361 699 1361
832 835 875 835 875 874 832 874
274 1219 319 1219 319 1258 274 1258
420 844 445 844 445 884 420 884
635 1290 660 1290 660 1330 635 1330
909 1293 939 1293 939 1333 909 1333
486 489 524 489 524 529 486 529
202 806 250 806 250 846 202 846
894 310 946 310 946 350 894 350
277 672 315 672 315 712 277 712
773 921 799 921 799 962 773 962
838 941 861 941 861 982 838 982
691 523 737 523 737 564 691 564
128 1371 181 1371 181 1412 128 1412
566 1178 586 1178 586 1219 566 1219
704 712 728 712 728 753 704 753
767 993 805 993 805 1034 767 1034
276 379 316 379 316 420 276 420
759 379 803 379 803 420 759 420
343 825 390 825 390 866 343 866
902 849 937 849 937 891 902 891
278 476 318 476 318 518 278 518
208 1046 250 1046 250 1088 208 1088
626 1057 665 1057 665 1099 626 1099
764 519 806 519 806 561 764 561
207 1299 250 1299 250 1341 207 1341
486 536 519 536 519 579 486 579
896 388 944 388 944 431 896 431
210 1340 235 1340 235 1383 210 1383
211 333 242 333 242 376 211 376
413 768 456 768 456 811 413 811
624 469 677 469 677 512 624 512
904 690 944 690 944 733 904 733
623 832 668 832 668 875 623 875
759 425 805 425 805 468 759 468
410 575 458 575 458 618 410 618
557 471 596 471 596 515 557 515
136 1130 175 1130 175 1174 136 1174
341 334 381 334 381 378 341 378
698 1113 741 1113 741 1157 698 1157
553 899 599 899 599 943 553 943
496 929 518 929 518 973 496 973
900 352 928 352 928 396 900 396
904 801 945 801 945 845 904 845
759 236 803 236 803 280 759 280
551 339 600 339 600 383 551 383
287 858 308 858 308 903 287 903
765 1041 807 1041 807 1086 765 1086
278 960 320 960 320 1005 278 1005
627 685 676 685 676 730 627 730
226 1194 235 1194 235 1239 226 1239
285 1141 312 1141 312 1186 285 1186
763 600 800 600 800 645 763 645
692 887 738 887 738 932 692 932
826 338 876 338 876 383 826 383
416 1066 457 1066 457 1111 416 1111
412 475 457 475 457 520 412 520
419 908 458 908 458 954 419 954
829 502 880 502 880 548 829 548
127 801 181 801 181 847 127 847
214 378 235 378 235 424 214 424
486 814 520 814 520 860 486 860
622 1171 670 1171 670 1217 622 1217
895 456 948 456 948 502 895 502
127 573 189 573 189 619 127 619
147 965 168 965 168 1012 147 1012
348 928 375 928 375 975 348 975
416 1278 462 1278 462 1325 416 1325
621 634 668 634 668 681 621 681
410 1113 460 1113 460 1160 410 1160
909 1242 934 1242 934 1290 909 1290
141 851 170 851 170 899 141 899
203 685 253 685 253 733 203 733
345 695 382 695 382 743 345 743
345 463 382 463 382 511 345 511
763 1089 809 1089 809 1137 763 1137
697 1363 746 1363 746 1411 697 1411
896 987 940 987 940 1036 896 1036
203 930 249 930 249 979 203 979
831 1063 877 1063 877 1112 831 1112
619 730 667 730 667 779 619 779
278 805 314 805 314 854 278 854
827 583 869 583 869 632 827 632
896 506 940 506 940 555 896 555
763 646 809 646 809 695 763 695
280 1088 315 1088 315 1138 280 1138
206 861 245 861 245 911 206 911
557 1097 601 1097 601 1147 557 1147
480 360 525 360 525 410 480 410
131 1213 183 1213 183 1263 131 1263
693 838 740 838 740 888 693 888
755 470 806 470 806 520 755 520
632 780 653 780 653 831 632 831
767 695 802 695 802 746 767 746
410 523 456 523 456 574 410 574
902 1035 944 1035 944 1087 902 1087
279 516 315 516 315 568 279 568
340 1009 388 1009 388 1061 340 1061
293 1004 304 1004 304 1056 293 1056
483 1111 521 1111 521 1163 483 1163
556 844 596 844 596 896 556 896
839 1116 867 1116 867 1169 839 1169
146 1256 178 1256 178 1309 146 1309
344 643 387 643 387 696 344 696
418 612 454 612 454 665 418 665
556 941 595 941 595 995 556 995
832 982 873 982 873 1036 832 1036
486 312 516 312 516 367 486 367
428 664 437 664 437 721 428 721
150 410 178 410 178 469 150 469
900 1350 942 1350 942 1409 900 1409
562 625 599 625 599 685 562 685
555 780 599 780 599 844 555 844
903 1147 942 1147 942 1213 903 1213
900 921 941 921 941 987 900 987
206 1093 248 1093 248 1159 206 1159
482 1040 524 1040 524 1114 482 1114
