787 1206 814 1206 814 1218 787 1218
796 1297 805 1297 805 1310 796 1310
266 675 295 675 295 688 266 688
790 1388 804 1388 804 1403 790 1403
625 1128 656 1128 656 1143 625 1143
750 1263 775 1263 775 1278 750 1278
778 997 811 997 811 1012 778 1012
260 1387 291 1387 291 1402 260 1402
125 680 151 680 151 696 125 696
790 1222 805 1222 805 1238 790 1238
697 1019 716 1019 716 1035 697 1035
194 841 223 841 223 857 194 857
765 705 782 705 782 722 765 722
697 415 714 415 714 432 697 432
628 930 662 930 662 947 628 947
786 1186 805 1186 805 1203 786 1203
406 339 437 339 437 356 406 356
757 1186 764 1186 764 1204 757 1204
634 1029 649 1029 649 1047 634 1047
465 1267 484 1267 484 1285 465 1285
779 926 803 926 803 944 779 944
483 917 502 917 502 935 483 935
546 603 589 603 589 621 546 621
612 495 624 495 624 514 612 514
917 1356 931 1356 931 1375 917 1375
786 1276 809 1276 809 1295 786 1295
899 661 928 661 928 680 899 680
687 561 717 561 717 580 687 580
900 1198 945 1198 945 1217 900 1217
703 1284 712 1284 712 1303 703 1303
194 971 222 971 222 990 194 990
781 947 800 947 800 966 781 966
464 1202 486 1202 486 1221 464 1221
404 644 436 644 436 663 404 663
753 996 764 996 764 1016 753 1016
755 1164 766 1164 766 1184 755 1184
462 1290 487 1290 487 1310 462 1310
690 838 717 838 717 858 690 858
200 1214 216 1214 216 1234 200 1234
787 1342 804 1342 804 1362 787 1362
343 488 361 488 361 508 343 508
411 697 431 697 431 717 411 717
902 1120 937 1120 937 1140 902 1140
696 682 711 682 711 703 696 703
764 814 788 814 788 835 764 835
689 1219 727 1219 727 1240 689 1240
645 528 656 528 656 549 645 549
696 512 713 512 713 533 696 533
699 1335 720 1335 720 1356 699 1356
259 691 294 691 294 712 259 712
619 1006 656 1006 656 1027 619 1027
792 967 799 967 799 988 792 988
472 1245 486 1245 486 1266 472 1266
768 644 783 644 783 665 768 665
634 729 649 729 649 750 634 750
558 319 576 319 576 340 558 340
409 1156 435 1156 435 1177 409 1177
898 680 933 680 933 701 898 701
456 189 493 189 493 210 456 210
254 354 309 354 309 375 254 375
698 350 713 350 713 372 698 372
496 1173 524 1173 524 1195 496 1195
641 1347 654 1347 654 1369 641 1369
480 600 495 600 495 622 480 622
268 1363 289 1363 289 1385 268 1385
469 1045 512 1045 512 1067 469 1067
269 470 290 470 290 493 269 493
466 1221 487 1221 487 1244 466 1244
784 1137 807 1137 807 1160 784 1160
902 951 929 951 929 974 902 974
123 1049 161 1049 161 1072 123 1072
402 1003 444 1003 444 1026 402 1026
753 1236 764 1236 764 1259 753 1259
403 787 436 787 436 810 403 810
620 821 656 821 656 844 620 844
257 985 294 985 294 1008 257 1008
698 812 713 812 713 835 698 835
131 1135 150 1135 150 1158 131 1158
747 1024 768 1024 768 1047 747 1047
900 702 929 702 929 725 900 725
331 581 365 581 365 604 331 604
125 490 152 490 152 514 125 514
908 897 936 897 936 921 908 921
681 860 722 860 722 884 681 884
697 965 712 965 712 989 697 989
633 1252 649 1252 649 1276 633 1276
131 616 148 616 148 640 131 640
333 882 363 882 363 906 333 906
121 1274 155 1274 155 1298 121 1298
191 1344 226 1344 226 1368 191 1368
414 282 430 282 430 307 414 307
748 1137 772 1137 772 1162 748 1162
780 1079 807 1079 807 1104 780 1104
331 724 364 724 364 749 331 749
898 978 934 978 934 1003 898 1003
615 350 664 350 664 375 615 375
699 1160 716 1160 716 1185 699 1185
269 492 290 492 290 517 269 517
120 751 158 751 158 776 120 776
327 977 376 977 376 1002 327 1002
750 1205 769 1205 769 1230 750 1230
630 1189 651 1189 651 1214 630 1214
335 784 367 784 367 809 335 809
761 865 793 865 793 890 761 890
333 1227 365 1227 365 1252 333 1252
257 1204 297 1204 297 1229 257 1229
467 394 509 394 509 419 467 419
754 892 797 892 797 917 754 917
274 648 291 648 291 674 274 674
266 1008 291 1008 291 1034 266 1034
746 965 773 965 773 991 746 991
771 452 801 452 801 478 771 478
617 950 665 950 665 976 617 976
922 1168 930 1168 930 1194 922 1194
771 837 786 837 786 863 771 863
782 1368 807 1368 807 1394 782 1394
619 397 648 397 648 423 619 423
264 590 298 590 298 616 264 616
543 773 589 773 589 799 543 799
485 1069 498 1069 498 1096 485 1096
203 944 219 944 219 971 203 971
340 457 357 457 357 484 340 484
339 992 363 992 363 1019 339 1019
493 1260 523 1260 523 1287 493 1287
472 783 504 783 504 810 472 810
896 806 930 806 930 833 896 833
558 1128 593 1128 593 1155 558 1155
120 524 159 524 159 551 120 551
124 844 164 844 164 871 124 871
492 1233 526 1233 526 1260 492 1260
119 1105 159 1105 159 1132 119 1132
545 494 586 494 586 521 545 521
793 1158 804 1158 804 1185 793 1185
629 373 643 373 643 400 629 400
610 464 628 464 628 491 610 491
333 1156 369 1156 369 1183 333 1183
680 587 721 587 721 614 680 614
259 743 306 743 306 770 259 770
206 625 219 625 219 653 206 653
270 1333 287 1333 287 1361 270 1361
908 1375 941 1375 941 1403 908 1403
332 1253 367 1253 367 1281 332 1281
188 991 229 991 229 1019 188 1019
121 938 166 938 166 966 121 966
133 585 148 585 148 613 133 613
697 1185 722 1185 722 1213 697 1213
779 1011 805 1011 805 1039 779 1039
268 399 294 399 294 427 268 427
830 756 858 756 858 784 830 784
690 989 721 989 721 1017 690 1017
617 321 648 321 648 349 617 349
261 1176 295 1176 295 1204 261 1204
697 532 712 532 712 561 697 561
908 921 923 921 923 950 908 950
487 1102 502 1102 502 1131 487 1131
903 868 927 868 927 897 903 897
905 1140 932 1140 932 1169 905 1169
825 435 857 435 857 464 825 464
263 873 296 873 296 902 263 902
622 751 655 751 655 780 622 780
558 1015 594 1015 594 1044 558 1044
401 495 434 495 434 524 401 524
406 1095 440 1095 440 1124 406 1124
193 1065 229 1065 229 1094 193 1094
259 713 297 713 297 742 259 742
330 1349 368 1349 368 1378 330 1378
611 425 650 425 650 454 611 454
914 1089 930 1089 930 1118 914 1118
627 972 650 972 650 1001 627 1001
406 308 434 308 434 337 406 337
689 707 719 707 719 736 689 736
624 1049 655 1049 655 1078 624 1078
333 1063 366 1063 366 1092 333 1092
192 777 227 777 227 806 192 806
624 1319 659 1319 659 1348 624 1348
784 1105 810 1105 810 1135 784 1135
124 1072 153 1072 153 1102 124 1102
407 665 436 665 436 695 407 695
263 1109 295 1109 295 1139 263 1139
331 552 364 552 364 582 331 582
757 584 790 584 790 614 757 614
332 1090 365 1090 365 1120 332 1120
769 420 804 420 804 450 769 450
122 357 158 357 158 387 122 387
402 612 439 612 439 642 402 642
470 360 508 360 508 390 470 390
190 1235 229 1235 229 1265 190 1265
402 1180 443 1180 443 1210 402 1210
480 1132 509 1132 509 1162 480 1162
265 367 299 367 299 397 265 397
549 284 584 284 584 314 549 314
691 1304 727 1304 727 1334 691 1334
839 829 854 829 854 860 839 860
470 1169 486 1169 486 1200 470 1200
908 831 926 831 926 862 908 862
415 1025 433 1025 433 1056 415 1056
335 360 360 360 360 391 335 391
195 1179 220 1179 220 1210 195 1210
193 749 226 749 226 780 193 780
896 411 931 411 931 442 896 442
345 941 358 941 358 972 345 972
748 924 770 924 770 955 748 955
694 1040 719 1040 719 1071 694 1071
335 1312 361 1312 361 1343 335 1343
124 422 153 422 153 453 124 453
264 617 297 617 297 648 264 648
633 459 668 459 668 490 633 490
407 1121 445 1121 445 1152 407 1152
686 1064 726 1064 726 1095 686 1095
273 316 286 316 286 348 273 348
269 1231 284 1231 284 1263 269 1263
695 1090 717 1090 717 1122 695 1122
196 657 229 657 229 689 196 689
477 1016 511 1016 511 1048 477 1048
122 645 166 645 166 677 122 677
788 1309 804 1309 804 1341 788 1341
907 533 924 533 924 565 907 565
338 1372 357 1372 357 1404 338 1404
633 490 666 490 666 522 633 522
260 522 300 522 300 554 260 554
257 1074 305 1074 305 1106 257 1106
124 1239 160 1239 160 1271 124 1271
128 388 166 388 166 420 128 420
404 722 444 722 444 754 404 754
480 319 495 319 495 352 480 352
130 552 145 552 145 585 130 585
482 810 506 810 506 843 482 843
904 771 928 771 928 804 904 804
831 322 856 322 856 355 831 355
481 883 517 883 517 916 481 916
333 608 370 608 370 641 333 641
551 739 592 739 592 772 551 772
403 964 445 964 445 997 403 997
792 1242 805 1242 805 1275 792 1275
268 1137 283 1137 283 1170 268 1170
124 1297 153 1297 153 1330 124 1330
903 1257 937 1257 937 1290 903 1290
195 476 231 476 231 509 195 509
491 185 529 185 529 218 491 218
405 756 444 756 444 789 405 789
332 1122 373 1122 373 1155 332 1155
269 1259 287 1259 287 1293 269 1293
549 465 582 465 582 499 549 499
189 354 224 354 224 388 189 388
406 846 442 846 442 880 406 880
823 360 859 360 859 394 823 394
265 556 303 556 303 590 265 590
120 1374 160 1374 160 1408 120 1408
204 714 223 714 223 748 204 748
125 776 154 776 154 810 125 810
477 284 510 284 510 318 477 318
685 613 731 613 731 647 685 647
183 1313 231 1313 231 1347 183 1347
746 1097 773 1097 773 1131 746 1131
473 622 506 622 506 656 473 656
476 939 511 939 511 973 476 973
331 1280 367 1280 367 1314 331 1314
755 318 797 318 797 352 755 352
123 710 155 710 155 745 123 745
335 907 367 907 367 942 335 942
331 748 368 748 368 783 331 783
615 588 659 588 659 623 615 623
478 419 495 419 495 454 478 454
781 1040 804 1040 804 1075 781 1075
693 1130 721 1130 721 1165 693 1165
491 1289 523 1289 523 1324 491 1324
261 944 296 944 296 979 261 979
905 1326 941 1326 941 1361 905 1361
329 393 365 393 365 428 329 428
404 575 440 575 440 610 404 610
124 811 162 811 162 846 124 846
622 1370 665 1370 665 1405 622 1405
400 927 451 927 451 962 400 962
130 1162 149 1162 149 1198 130 1198
689 377 716 377 716 413 689 413
493 229 527 229 527 265 493 265
753 667 787 667 787 703 753 703
122 1010 159 1010 159 1046 122 1046
546 432 587 432 587 468 546 468
541 667 584 667 584 703 541 703
129 451 144 451 144 487 129 487
131 317 151 317 151 353 131 353
752 1280 773 1280 773 1316 752 1316
336 844 361 844 361 880 336 880
493 1194 525 1194 525 1230 493 1230
620 1219 660 1219 660 1255 620 1255
756 1320 769 1320 769 1356 756 1356
745 1053 774 1053 774 1089 745 1089
906 1050 938 1050 938 1086 906 1086
475 845 513 845 513 881 475 881
896 373 937 373 937 409 896 409
693 436 713 436 713 473 693 473
193 549 227 549 227 586 193 586
472 708 511 708 511 745 472 745
471 1363 511 1363 511 1400 471 1400
190 804 232 804 232 841 190 841
758 282 802 282 802 319 758 319
838 797 855 797 855 834 838 834
557 1162 589 1162 589 1199 557 1199
260 1297 294 1297 294 1334 260 1334
190 590 231 590 231 627 190 627
763 729 787 729 787 767 763 767
556 1087 590 1087 590 1125 556 1125
402 812 440 812 440 850 402 850
630 1279 656 1279 656 1317 630 1317
626 894 658 894 658 932 626 932
329 687 367 687 367 725 329 725
190 863 232 863 232 901 190 901
684 927 731 927 731 965 684 965
553 1047 600 1047 600 1085 553 1085
193 686 227 686 227 724 193 724
180 1368 220 1368 220 1406 180 1406
120 1200 164 1200 164 1238 120 1238
617 655 662 655 662 693 617 693
751 613 801 613 801 651 751 651
846 660 853 660 853 699 846 699
688 475 719 475 719 514 688 514
832 571 864 571 864 610 832 610
687 283 722 283 722 322 687 322
553 931 595 931 595 970 553 970
693 316 715 316 715 355 693 355
331 804 362 804 362 843 331 843
548 393 588 393 588 432 548 432
906 732 930 732 930 772 906 772
757 229 799 229 799 269 757 269
616 618 661 618 661 658 616 658
618 781 668 781 668 821 618 821
484 968 500 968 500 1008 484 1008
192 1095 224 1095 224 1135 192 1135
190 512 230 512 230 552 190 552
616 548 657 548 657 588 616 588
260 428 301 428 301 468 260 468
187 905 232 905 232 945 187 945
552 854 587 854 587 894 552 894
398 360 438 360 438 400 398 400
327 425 375 425 375 465 327 465
411 1054 434 1054 434 1095 411 1095
833 611 863 611 863 652 833 652
753 490 798 490 798 531 753 531
330 509 376 509 376 550 330 550
329 1186 375 1186 375 1227 329 1227
263 1031 294 1031 294 1072 263 1072
187 317 225 317 225 358 187 358
896 490 935 490 935 531 896 531
124 968 163 968 163 1009 124 1009
188 389 233 389 233 430 188 430
613 282 661 282 661 323 613 323
472 740 512 740 512 782 472 782
188 432 231 432 231 474 188 474
556 969 590 969 590 1011 556 1011
259 903 299 903 299 945 259 945
470 556 511 556 511 598 470 598
470 664 512 664 512 706 470 706
753 190 798 190 798 232 753 232
687 645 721 645 721 687 687 687
331 643 367 643 367 685 331 685
546 621 586 621 586 663 546 663
331 318 373 318 373 360 331 360
116 1332 161 1332 161 1374 116 1374
401 402 443 402 443 445 401 445
825 463 865 463 865 506 825 506
896 564 939 564 939 607 896 607
468 458 514 458 514 501 468 501
192 1134 225 1134 225 1178 192 1178
398 525 444 525 444 569 398 569
334 1018 363 1018 363 1062 334 1062
682 767 724 767 724 811 682 811
622 1082 660 1082 660 1127 622 1127
190 1018 230 1018 230 1063 190 1063
553 338 580 338 580 384 553 384
620 695 656 695 656 741 620 741
754 535 792 535 792 581 754 581
182 1265 226 1265 226 1311 182 1311
836 864 867 864 867 911 836 911
474 1318 507 1318 507 1365 474 1365
616 844 664 844 664 891 616 891
766 768 785 768 785 815 766 815
909 1209 932 1209 932 1256 909 1256
896 611 934 611 934 658 896 658
683 882 722 882 722 929 683 929
902 1005 936 1005 936 1053 902 1053
548 516 586 516 586 564 548 564
692 1357 726 1357 726 1405 692 1405
470 508 506 508 506 556 470 556
555 1198 599 1198 599 1246 555 1246
899 443 932 443 932 491 899 491
401 879 443 879 443 927 401 927
686 1240 731 1240 731 1288 686 1288
117 884 164 884 164 933 117 933
260 822 298 822 298 871 260 871
404 442 443 442 443 492 404 492
822 394 870 394 870 445 822 445
897 318 931 318 931 372 897 372
756 358 792 358 792 413 756 413
823 512 869 512 869 569 823 569
829 699 864 699 864 761 829 761
