490 552 508 552 508 563 490 563
21 987 49 987 49 1000 21 1000
364 1171 394 1171 394 1184 364 1184
159 1384 173 1384 173 1398 159 1398
223 1394 250 1394 250 1408 223 1408
91 963 120 963 120 977 91 977
293 869 324 869 324 883 293 883
24 1381 41 1381 41 1396 24 1396
782 905 795 905 795 921 782 921
440 387 457 387 457 403 440 403
575 381 594 381 594 397 575 397
572 1146 592 1146 592 1163 572 1163
166 384 179 384 179 401 166 401
29 1302 43 1302 43 1319 29 1319
504 1115 522 1115 522 1132 504 1132
701 1310 739 1310 739 1327 701 1327
300 1284 312 1284 312 1302 300 1302
361 411 390 411 390 429 361 429
368 658 389 658 389 676 368 676
100 753 122 753 122 771 100 771
518 689 541 689 541 707 518 707
157 662 182 662 182 680 157 680
223 546 268 546 268 564 223 564
563 606 579 606 579 624 563 624
711 1290 729 1290 729 1308 711 1308
367 317 387 317 387 335 367 335
86 718 121 718 121 736 86 736
641 622 660 622 660 641 641 641
488 572 515 572 515 591 488 591
22 1396 49 1396 49 1415 22 1415
150 1395 188 1395 188 1414 150 1414
295 1352 308 1352 308 1371 295 1371
643 430 672 430 672 449 643 449
17 1323 52 1323 52 1342 17 1342
99 733 115 733 115 753 99 753
491 509 510 509 510 529 491 529
709 689 728 689 728 709 709 709
710 1328 731 1328 731 1348 710 1348
438 817 460 817 460 837 438 837
577 924 600 924 600 944 577 944
778 726 795 726 795 746 778 746
643 1052 662 1052 662 1072 643 1072
645 378 666 378 666 398 645 398
151 1371 187 1371 187 1391 151 1391
86 1391 124 1391 124 1411 86 1411
160 1310 178 1310 178 1330 160 1330
708 1236 729 1236 729 1256 708 1256
487 597 509 597 509 617 487 617
497 486 505 486 505 507 497 507
165 493 180 493 180 514 165 514
219 944 260 944 260 965 219 965
234 1171 247 1171 247 1192 234 1192
520 605 539 605 539 626 520 626
574 810 594 810 594 831 574 831
640 996 661 996 661 1017 640 1017
297 1062 320 1062 320 1083 297 1083
562 648 586 648 586 669 562 669
710 985 728 985 728 1007 710 1007
22 705 52 705 52 727 22 727
424 882 472 882 472 904 424 904
521 713 540 713 540 735 521 735
708 779 731 779 731 801 708 801
514 581 538 581 538 603 514 603
164 899 181 899 181 921 164 921
230 921 254 921 254 943 230 943
486 529 511 529 511 551 486 551
27 682 52 682 52 704 27 704
569 626 576 626 576 649 569 649
227 1366 246 1366 246 1389 227 1389
155 920 183 920 183 943 155 943
704 1351 741 1351 741 1374 704 1374
565 425 610 425 610 448 565 448
518 487 543 487 543 510 518 510
156 844 185 844 185 867 156 867
499 899 534 899 534 922 499 922
164 543 182 543 182 566 164 566
503 1272 524 1272 524 1295 503 1295
497 989 533 989 533 1012 497 1012
496 1167 533 1167 533 1190 496 1190
567 677 607 677 607 700 567 700
642 941 656 941 656 965 642 965
441 1005 456 1005 456 1029 441 1029
232 389 251 389 251 413 232 413
577 508 598 508 598 532 577 532
87 825 118 825 118 849 87 849
289 1230 321 1230 321 1254 289 1254
632 403 671 403 671 427 632 427
85 610 124 610 124 634 85 634
566 867 607 867 607 891 566 891
574 1291 592 1291 592 1315 574 1315
22 1205 45 1205 45 1229 22 1229
773 572 797 572 797 596 773 596
362 1385 395 1385 395 1409 362 1409
570 399 605 399 605 423 570 423
220 1075 258 1075 258 1099 220 1099
644 570 659 570 659 595 644 595
96 431 114 431 114 456 96 456
229 896 250 896 250 921 229 921
158 565 187 565 187 590 158 590
772 433 802 433 802 458 772 458
222 616 257 616 257 641 222 641
564 1172 602 1172 602 1197 564 1197
520 517 536 517 536 542 520 542
369 808 390 808 390 833 369 833
639 1075 662 1075 662 1100 639 1100
702 1261 736 1261 736 1286 702 1286
221 1239 256 1239 256 1264 221 1264
220 1265 260 1265 260 1290 220 1290
232 987 245 987 245 1012 232 1012
595 645 609 645 609 670 595 670
493 650 512 650 512 675 493 675
93 1051 113 1051 113 1076 93 1076
710 436 731 436 731 461 710 461
89 1077 111 1077 111 1102 89 1102
518 660 545 660 545 685 518 685
152 871 191 871 191 896 152 896
497 1142 536 1142 536 1167 497 1167
85 1305 109 1305 109 1331 85 1331
561 1232 599 1232 599 1258 561 1258
23 468 62 468 62 494 23 494
370 468 390 468 390 494 370 494
26 930 46 930 46 956 26 956
360 382 392 382 392 408 360 408
767 845 800 845 800 871 767 871
765 1007 801 1007 801 1033 765 1033
148 943 184 943 184 969 148 969
701 1036 743 1036 743 1062 701 1062
294 451 322 451 322 478 294 478
90 934 123 934 123 961 90 961
154 514 193 514 193 541 154 541
506 924 522 924 522 951 506 951
371 1345 389 1345 389 1372 371 1372
366 1256 385 1256 385 1283 366 1283
439 536 459 536 459 563 439 563
298 395 320 395 320 422 298 422
487 621 512 621 512 648 487 648
93 691 120 691 120 718 93 718
707 1009 738 1009 738 1036 707 1036
556 1348 605 1348 605 1375 556 1375
579 750 593 750 593 777 579 777
372 597 388 597 388 624 372 624
709 1176 726 1176 726 1203 709 1203
712 749 732 749 732 776 712 776
520 738 543 738 543 765 520 765
639 594 664 594 664 621 639 621
586 577 615 577 615 604 586 604
428 352 461 352 461 379 428 379
20 824 53 824 53 851 20 851
439 1353 455 1353 455 1381 439 1381
438 318 454 318 454 346 438 346
710 626 727 626 727 654 710 654
500 1296 527 1296 527 1324 500 1324
642 645 671 645 671 673 642 673
570 318 602 318 602 346 570 346
768 1364 802 1364 802 1392 768 1392
768 499 804 499 804 527 768 527
219 451 257 451 257 479 219 479
507 1055 521 1055 521 1083 507 1083
232 781 249 781 249 809 232 809
26 1176 44 1176 44 1204 26 1204
294 1254 312 1254 312 1282 294 1282
571 1318 592 1318 592 1346 571 1346
162 402 184 402 184 430 162 430
635 1297 659 1297 659 1325 635 1325
85 1367 114 1367 114 1395 85 1395
300 634 320 634 320 663 300 663
86 1246 111 1246 111 1275 86 1275
289 1376 317 1376 317 1405 289 1405
291 758 321 758 321 787 291 787
637 319 668 319 668 348 637 348
515 267 548 267 548 296 515 296
634 1022 668 1022 668 1051 634 1051
86 1017 124 1017 124 1046 86 1046
18 730 56 730 56 759 18 759
428 900 466 900 466 929 428 929
355 1286 397 1286 397 1315 355 1315
104 1275 112 1275 112 1304 104 1304
437 754 455 754 455 783 437 783
22 525 48 525 48 554 22 554
640 345 671 345 671 374 640 374
13 1234 51 1234 51 1263 13 1263
87 493 127 493 127 522 87 522
643 453 659 453 659 482 643 482
367 1312 390 1312 390 1341 367 1341
636 745 667 745 667 774 636 774
291 1082 325 1082 325 1111 291 1111
511 226 551 226 551 255 511 255
352 1195 403 1195 403 1224 352 1224
309 419 317 419 317 449 309 449
571 1087 586 1087 586 1117 571 1117
520 626 545 626 545 656 520 656
574 346 601 346 601 376 574 376
92 456 119 456 119 486 92 486
518 548 547 548 547 578 518 578
157 434 188 434 188 464 157 464
632 1380 663 1380 663 1410 632 1410
362 678 403 678 403 708 362 708
569 450 611 450 611 480 569 480
373 1137 389 1137 389 1167 373 1167
370 748 390 748 390 778 370 778
298 1030 319 1030 319 1060 298 1060
226 808 257 808 257 838 226 838
701 1107 738 1107 738 1137 701 1137
493 866 535 866 535 896 493 896
222 1011 266 1011 266 1041 222 1041
163 770 179 770 179 801 163 801
574 1198 592 1198 592 1229 574 1229
711 402 734 402 734 433 711 433
368 495 391 495 391 526 368 526
91 392 119 392 119 423 91 423
432 1379 462 1379 462 1410 432 1410
702 1204 734 1204 734 1235 702 1235
84 1216 123 1216 123 1247 84 1247
150 590 191 590 191 621 150 621
289 1156 332 1156 332 1187 289 1187
85 855 130 855 130 886 85 886
434 782 464 782 464 813 434 813
23 898 53 898 53 929 23 929
567 834 602 834 602 865 567 865
564 946 602 946 602 977 564 977
563 1115 601 1115 601 1146 563 1146
232 1041 248 1041 248 1072 232 1072
97 629 114 629 114 660 97 660
435 407 458 407 458 438 435 438
23 494 54 494 54 525 23 525
222 1103 253 1103 253 1134 222 1134
153 971 186 971 186 1002 153 1002
22 761 56 761 56 792 22 792
360 995 398 995 398 1026 360 1026
13 1266 54 1266 54 1297 13 1297
313 1344 320 1344 320 1376 313 1376
297 790 315 790 315 822 297 822
229 863 249 863 249 895 229 895
497 1083 531 1083 531 1115 497 1115
17 952 51 952 51 984 17 984
633 965 667 965 667 997 633 997
432 1028 466 1028 466 1060 432 1060
764 922 801 922 801 954 764 954
435 1063 465 1063 465 1095 435 1095
573 534 604 534 604 566 573 566
158 460 191 460 191 492 158 492
153 352 187 352 187 384 153 384
701 715 736 715 736 747 701 747
636 710 673 710 673 742 636 742
766 875 804 875 804 907 766 907
701 366 740 366 740 398 701 398
228 355 249 355 249 387 228 387
155 1005 182 1005 182 1037 155 1037
570 776 598 776 598 808 570 808
296 570 326 570 326 602 296 602
702 653 735 653 735 685 702 685
701 921 735 921 735 953 701 953
770 689 805 689 805 721 770 721
634 675 670 675 670 707 634 707
28 397 50 397 50 430 28 430
368 528 396 528 396 561 368 561
223 709 258 709 258 742 223 742
151 1155 188 1155 188 1188 151 1188
361 776 401 776 401 809 361 809
361 1029 403 1029 403 1062 361 1062
379 429 387 429 387 462 379 462
440 929 458 929 458 962 440 962
708 800 728 800 728 833 708 833
226 476 253 476 253 509 226 509
497 358 525 358 525 391 497 391
582 609 615 609 615 642 582 642
96 659 113 659 113 693 96 693
366 625 395 625 395 659 366 659
703 563 741 563 741 597 703 597
87 1101 126 1101 126 1135 87 1135
356 960 399 960 399 994 356 994
354 1222 398 1222 398 1256 354 1256
89 1331 112 1331 112 1365 89 1365
363 1057 389 1057 389 1091 363 1091
433 563 462 563 462 597 433 597
638 1173 673 1173 673 1207 638 1207
431 602 467 602 467 636 431 636
569 474 612 474 612 508 569 508
229 642 248 642 248 676 229 676
705 949 733 949 733 983 705 983
226 1333 255 1333 255 1367 226 1367
364 833 396 833 396 867 364 867
429 722 468 722 468 756 429 756
157 1039 189 1039 189 1074 157 1074
17 792 58 792 58 827 17 827
558 570 585 570 585 605 558 605
770 752 798 752 798 787 770 787
157 804 187 804 187 839 157 839
155 1236 189 1236 189 1271 155 1271
224 677 264 677 264 712 224 712
701 1375 737 1375 737 1411 701 1411
159 1274 185 1274 185 1310 159 1310
770 459 803 459 803 495 770 495
634 1143 669 1143 669 1179 634 1179
429 1144 467 1144 467 1180 429 1180
764 1314 803 1314 803 1350 764 1350
83 984 129 984 129 1020 83 1020
305 602 320 602 320 638 305 638
230 415 256 415 256 451 230 451
497 323 542 323 542 359 497 359
95 350 113 350 113 387 95 387
703 836 734 836 734 873 703 873
499 1230 531 1230 531 1267 499 1267
504 1191 523 1191 523 1228 504 1228
495 1375 535 1375 535 1412 495 1412
559 1255 607 1255 607 1292 559 1292
23 643 56 643 56 681 23 681
293 357 327 357 327 395 293 395
150 1332 188 1332 188 1370 150 1370
631 1106 674 1106 674 1144 631 1144
29 1140 46 1140 46 1178 29 1178
565 888 591 888 591 926 565 926
16 1106 52 1106 52 1144 16 1144
429 1319 471 1319 471 1357 429 1357
632 534 677 534 677 572 632 572
431 443 467 443 467 481 431 481
703 1066 741 1066 741 1104 703 1104
216 834 262 834 262 872 216 872
21 430 55 430 55 469 21 469
700 1135 736 1135 736 1174 700 1174
86 522 128 522 128 561 86 561
150 1117 192 1117 192 1156 150 1156
289 529 337 529 337 568 289 568
295 1111 322 1111 322 1150 295 1150
246 962 257 962 257 1002 246 1002
772 1194 795 1194 795 1234 772 1234
287 1191 332 1191 332 1231 287 1231
502 395 521 395 521 435 502 435
223 1133 256 1133 256 1173 223 1173
154 622 191 622 191 662 154 662
217 741 259 741 259 781 217 781
775 599 797 599 797 639 775 639
502 436 533 436 533 476 502 476
11 1344 54 1344 54 1384 11 1384
356 561 405 561 405 601 356 601
764 528 814 528 814 568 764 568
634 816 674 816 674 857 634 857
428 681 470 681 470 722 428 722
85 1173 127 1173 127 1214 85 1214
297 665 331 665 331 706 297 706
152 729 191 729 191 770 152 770
497 945 544 945 544 986 497 986
435 841 464 841 464 882 435 882
627 904 670 904 670 945 627 945
428 1278 475 1278 475 1319 428 1319
218 507 260 507 260 549 218 549
496 766 540 766 540 808 496 808
478 227 514 227 514 269 478 269
703 320 745 320 745 362 703 362
628 1254 671 1254 671 1296 628 1296
28 603 52 603 52 646 28 646
494 1014 534 1014 534 1057 494 1057
289 826 336 826 336 869 289 869
702 518 745 518 745 561 702 561
221 1192 264 1192 264 1235 221 1235
492 680 505 680 505 723 492 723
769 390 809 390 809 433 769 433
372 701 388 701 388 745 372 745
431 637 468 637 468 681 431 681
175 1072 197 1072 197 1116 175 1116
228 1287 251 1287 251 1332 228 1332
153 684 189 684 189 729 153 729
356 336 400 336 400 381 356 381
356 1094 403 1094 403 1139 356 1139
632 489 681 489 681 534 632 534
23 557 51 557 51 602 23 602
18 348 59 348 59 393 18 393
426 1185 472 1185 472 1230 426 1230
426 959 472 959 472 1004 426 1004
704 590 730 590 730 635 704 635
287 1302 320 1302 320 1347 287 1347
427 1228 468 1228 468 1273 427 1273
358 916 400 916 400 961 358 961
104 1127 114 1127 114 1173 104 1173
497 1325 528 1325 528 1371 497 1371
701 875 741 875 741 921 701 921
90 777 120 777 120 824 90 824
627 1208 667 1208 667 1255 627 1255
149 1189 192 1189 192 1236 149 1236
296 479 329 479 329 527 296 527
570 705 603 705 603 753 570 753
428 486 469 486 469 534 428 534
83 561 128 561 128 609 83 609
85 884 124 884 124 932 85 932
631 854 675 854 675 902 631 902
784 1140 793 1140 793 1189 784 1189
295 882 317 882 317 931 295 931
282 925 329 925 329 974 282 974
290 709 328 709 328 758 290 758
634 775 675 775 675 824 634 824
21 853 52 853 52 903 21 903
222 569 261 569 261 619 222 619
430 1097 476 1097 476 1147 430 1147
765 956 812 956 812 1007 765 1007
771 1037 800 1037 800 1088 771 1088
20 1056 54 1056 54 1108 20 1108
770 1088 804 1088 804 1140 770 1140
698 464 746 464 746 516 698 516
497 811 535 811 535 863 497 863
766 788 809 788 809 842 766 842
565 976 601 976 601 1030 565 1030
288 976 328 976 328 1031 288 1031
628 1325 672 1325 672 1381 628 1381
565 1030 606 1030 606 1087 565 1087
