829 1005 843 1005 843 1013 829 1013
396 417 423 417 423 429 396 429
41 867 65 867 65 880 41 880
468 459 494 459 494 472 468 472
323 316 352 316 352 330 323 330
468 808 485 808 485 822 468 822
750 858 766 858 766 873 750 873
393 816 422 816 422 831 393 831
618 391 633 391 633 406 618 406
611 777 626 777 626 792 611 792
808 1131 835 1131 835 1147 808 1147
47 316 62 316 62 332 47 332
673 1063 688 1063 688 1079 673 1079
396 1084 411 1084 411 1100 396 1100
464 787 490 787 490 803 464 803
537 547 562 547 562 564 537 564
258 703 274 703 274 721 258 721
317 479 360 479 360 497 317 497
186 707 202 707 202 725 186 725
525 1033 556 1033 556 1051 525 1051
600 871 639 871 639 889 600 889
797 1344 845 1344 845 1362 797 1362
679 715 697 715 697 734 679 734
113 806 132 806 132 825 113 825
531 1053 550 1053 550 1072 531 1072
802 1086 848 1086 848 1105 802 1105
828 471 843 471 843 491 828 491
333 415 366 415 366 435 333 435
813 1357 827 1357 827 1377 813 1377
469 910 485 910 485 930 469 930
400 982 426 982 426 1002 400 1002
246 931 275 931 275 951 246 951
109 563 139 563 139 583 109 583
676 806 707 806 707 826 676 826
380 1037 425 1037 425 1058 380 1058
472 434 487 434 487 455 472 455
818 809 835 809 835 830 818 830
524 1250 553 1250 553 1271 524 1271
26 1148 73 1148 73 1169 26 1169
404 389 420 389 420 411 404 411
49 630 67 630 67 652 49 652
392 528 421 528 421 550 392 550
111 326 140 326 140 348 111 348
691 436 703 436 703 458 691 458
50 406 66 406 66 428 50 428
528 1301 550 1301 550 1323 528 1323
458 1288 488 1288 488 1310 458 1310
812 1321 828 1321 828 1344 812 1344
113 1021 130 1021 130 1044 113 1044
112 993 132 993 132 1016 112 1016
537 455 566 455 566 478 537 478
734 1103 768 1103 768 1126 734 1126
106 941 142 941 142 964 106 964
180 913 205 913 205 936 180 936
256 457 283 457 283 480 256 480
811 1149 840 1149 840 1172 811 1172
744 482 779 482 779 505 744 505
393 1366 407 1366 407 1389 393 1389
741 1168 756 1168 756 1191 741 1191
472 361 492 361 492 384 472 384
183 441 214 441 214 464 183 464
529 775 568 775 568 798 529 798
472 727 486 727 486 751 472 751
394 754 417 754 417 778 394 778
470 885 493 885 493 909 470 909
809 1244 832 1244 832 1268 809 1268
738 953 769 953 769 977 738 977
520 1272 558 1272 558 1296 520 1296
825 365 837 365 837 389 825 389
530 1329 545 1329 545 1353 530 1353
607 716 624 716 624 740 607 740
259 435 278 435 278 459 259 459
535 976 549 976 549 1001 535 1001
671 1262 687 1262 687 1287 671 1287
751 598 769 598 769 623 751 623
462 963 487 963 487 988 462 988
595 1103 631 1103 631 1128 595 1128
392 1308 407 1308 407 1333 392 1333
604 1197 620 1197 620 1222 604 1222
613 570 631 570 631 595 613 595
108 355 145 355 145 380 108 380
618 324 630 324 630 349 618 349
401 639 416 639 416 664 401 664
393 1277 410 1277 410 1302 393 1302
47 804 61 804 61 830 47 830
184 887 200 887 200 913 184 913
466 937 486 937 486 963 466 963
251 904 272 904 272 930 251 930
534 1219 546 1219 546 1245 534 1245
254 874 273 874 273 900 254 900
383 1103 416 1103 416 1129 383 1129
117 746 132 746 132 773 117 773
668 1289 693 1289 693 1316 668 1316
458 1260 484 1260 484 1287 458 1287
389 880 423 880 423 907 389 907
684 459 696 459 696 486 684 486
811 1295 827 1295 827 1322 811 1322
115 537 135 537 135 564 115 564
669 1232 692 1232 692 1259 669 1259
466 1232 479 1232 479 1259 466 1259
749 797 763 797 763 824 749 824
675 1002 689 1002 689 1029 675 1029
805 967 838 967 838 994 805 994
806 1217 840 1217 840 1244 806 1244
246 724 284 724 284 751 246 751
328 524 344 524 344 552 328 552
43 688 69 688 69 716 43 716
528 1001 555 1001 555 1029 528 1029
385 1165 416 1165 416 1193 385 1193
679 649 694 649 694 677 679 677
259 636 275 636 275 664 259 664
42 1021 61 1021 61 1049 42 1049
398 778 418 778 418 806 398 806
615 990 642 990 642 1018 615 1018
530 863 559 863 559 891 530 891
811 498 844 498 844 526 811 526
460 477 495 477 495 505 460 505
467 857 485 857 485 886 467 886
669 1030 696 1030 696 1059 669 1059
735 1192 762 1192 762 1221 735 1221
53 465 82 465 82 494 53 494
747 410 781 410 781 439 747 439
50 375 64 375 64 404 50 404
814 1098 832 1098 832 1127 814 1127
36 1247 54 1247 54 1276 36 1276
671 894 699 894 699 923 671 923
746 881 764 881 764 910 746 910
40 1324 58 1324 58 1353 40 1353
755 334 774 334 774 363 755 363
390 916 423 916 423 945 390 945
606 633 642 633 642 662 606 662
827 664 835 664 835 694 827 694
402 665 415 665 415 695 402 695
610 920 624 920 624 950 610 950
677 827 695 827 695 857 677 857
530 1189 550 1189 550 1219 530 1219
740 825 766 825 766 855 740 855
593 1317 621 1317 621 1347 593 1347
595 1223 626 1223 626 1253 595 1253
460 826 492 826 492 856 460 856
810 525 844 525 844 555 810 555
745 439 780 439 780 469 745 469
731 1221 768 1221 768 1251 731 1251
591 1295 630 1295 630 1325 591 1325
119 385 133 385 133 415 119 415
679 775 696 775 696 805 679 805
538 802 559 802 559 832 538 832
392 1053 417 1053 417 1083 392 1083
669 1121 696 1121 696 1151 669 1151
396 484 428 484 428 514 396 514
457 1125 496 1125 496 1155 457 1155
318 552 358 552 358 582 318 582
103 584 144 584 144 614 103 614
105 1311 119 1311 119 1342 105 1342
41 1357 57 1357 57 1388 41 1388
814 1018 832 1018 832 1049 814 1049
113 962 134 962 134 993 113 993
602 740 630 740 630 771 602 771
601 953 630 953 630 984 601 984
812 633 843 633 843 664 812 664
532 480 566 480 566 511 532 511
189 641 200 641 200 672 189 672
189 406 203 406 203 437 189 437
799 1365 819 1365 819 1396 799 1396
38 830 64 830 64 861 38 861
526 894 560 894 560 925 526 925
594 1262 634 1262 634 1293 594 1293
136 505 152 505 152 536 136 536
544 364 562 364 562 395 544 395
676 863 695 863 695 894 676 894
815 1054 840 1054 840 1085 815 1085
249 480 282 480 282 511 249 511
36 986 71 986 71 1017 36 1017
243 949 279 949 279 980 243 980
593 1126 634 1126 634 1157 593 1157
532 1119 550 1119 550 1151 532 1151
465 752 492 752 492 784 465 784
607 595 636 595 636 627 607 627
532 652 565 652 565 684 532 684
603 799 639 799 639 831 603 831
136 469 147 469 147 501 136 501
815 599 837 599 837 631 815 631
387 1333 411 1333 411 1365 387 1365
672 678 701 678 701 710 672 710
460 1355 493 1355 493 1387 460 1387
742 561 778 561 778 593 742 593
175 465 213 465 213 497 175 497
180 329 220 329 220 361 180 361
48 655 65 655 65 688 48 688
109 771 135 771 135 804 109 804
324 491 353 491 353 524 324 524
250 562 283 562 283 595 250 595
679 369 714 369 714 402 679 402
598 1068 634 1068 634 1101 598 1101
107 1174 131 1174 131 1207 107 1207
44 492 72 492 72 525 44 525
676 930 698 930 698 963 676 963
599 1354 621 1354 621 1387 599 1387
548 424 572 424 572 457 548 457
176 850 200 850 200 883 176 883
749 623 774 623 774 656 749 656
320 380 355 380 355 413 320 413
808 891 845 891 845 924 808 924
388 948 426 948 426 981 388 981
49 592 62 592 62 626 49 626
814 1268 830 1268 830 1302 814 1302
45 557 68 557 68 591 45 591
540 395 574 395 574 429 540 429
519 1355 558 1355 558 1389 519 1389
396 1004 408 1004 408 1038 396 1038
51 523 65 523 65 557 51 557
610 887 626 887 626 921 610 921
41 340 71 340 71 374 41 374
34 1168 65 1168 65 1202 34 1202
105 1044 137 1044 137 1078 105 1078
395 446 428 446 428 480 395 480
404 1130 420 1130 420 1165 404 1165
612 350 639 350 639 385 612 385
248 665 280 665 280 700 248 700
172 937 210 937 210 972 172 972
740 703 779 703 779 738 740 738
743 1128 758 1128 758 1163 743 1163
609 530 628 530 628 565 609 565
180 669 207 669 207 704 180 704
747 660 782 660 782 695 747 695
531 610 568 610 568 645 531 645
452 1312 489 1312 489 1347 452 1347
175 815 218 815 218 850 175 850
50 429 69 429 69 464 50 464
110 864 133 864 133 899 110 899
812 689 842 689 842 724 812 724
456 1156 494 1156 494 1191 456 1191
684 491 697 491 697 527 684 527
532 511 570 511 570 547 532 547
111 615 150 615 150 651 111 651
603 1155 623 1155 623 1191 603 1191
385 1195 421 1195 421 1231 385 1231
661 1317 699 1317 699 1353 661 1353
525 830 565 830 565 866 525 866
532 570 573 570 573 606 532 606
668 1083 697 1083 697 1120 668 1120
254 516 287 516 287 553 254 553
680 531 714 531 714 568 680 568
665 963 707 963 707 1000 665 1000
746 1027 761 1027 761 1064 746 1064
740 916 771 916 771 953 740 953
801 1172 844 1172 844 1209 801 1209
470 552 490 552 490 589 470 589
819 391 840 391 840 428 819 428
671 739 704 739 704 776 671 776
107 900 146 900 146 937 107 937
114 826 127 826 127 864 114 864
181 777 206 777 206 815 181 815
329 440 343 440 343 478 329 478
27 1205 68 1205 68 1243 27 1243
675 333 718 333 718 371 675 371
103 707 152 707 152 745 103 745
673 571 706 571 706 610 673 610
605 457 644 457 644 496 605 496
398 351 439 351 439 390 398 390
391 600 424 600 424 639 391 639
744 1065 758 1065 758 1104 744 1104
248 834 281 834 281 873 248 873
454 1192 495 1192 495 1231 454 1231
656 1354 701 1354 701 1393 656 1393
811 327 857 327 857 366 811 366
817 559 833 559 833 599 817 599
403 315 421 315 421 355 403 355
40 1114 58 1114 58 1154 40 1154
254 388 277 388 277 428 254 428
181 498 218 498 218 538 181 538
755 500 767 500 767 540 755 540
815 831 838 831 838 872 815 872
96 1344 121 1344 121 1385 96 1385
389 837 425 837 425 878 389 878
99 1133 142 1133 142 1174 99 1174
525 1154 569 1154 569 1195 525 1195
746 982 759 982 759 1023 746 1023
258 752 272 752 272 793 258 793
675 1152 692 1152 692 1193 675 1193
749 525 769 525 769 566 749 566
37 760 71 760 71 801 37 801
105 279 146 279 146 320 105 320
260 594 279 594 279 635 260 635
467 317 502 317 502 358 467 358
248 279 288 279 288 320 248 320
671 611 706 611 706 653 671 653
673 284 716 284 716 326 673 326
620 496 630 496 630 538 620 538
755 365 770 365 770 407 755 407
397 698 419 698 419 740 397 740
113 416 143 416 143 458 113 458
808 767 841 767 841 809 808 809
178 280 220 280 220 322 178 322
181 365 216 365 216 409 181 409
320 336 358 336 358 380 320 380
745 284 786 284 786 328 745 328
462 694 494 694 494 738 462 738
550 318 558 318 558 363 550 363
812 426 846 426 846 471 812 471
531 730 569 730 569 775 531 775
480 590 486 590 486 635 480 635
35 1279 65 1279 65 1324 35 1324
39 717 82 717 82 762 39 762
252 790 274 790 274 836 252 836
525 1073 558 1073 558 1119 525 1119
601 827 645 827 645 873 601 873
390 1232 414 1232 414 1278 390 1278
535 681 566 681 566 727 535 727
462 385 505 385 505 432 462 432
99 1262 129 1262 129 1310 99 1310
456 1076 493 1076 493 1124 456 1124
179 539 218 539 218 588 179 588
179 589 217 589 217 639 179 639
107 656 142 656 142 706 107 706
523 925 566 925 566 976 523 976
605 663 634 663 634 715 605 715
456 506 501 506 501 559 456 559
179 730 198 730 198 784 179 784
675 1174 681 1174 681 1230 675 1230
102 1081 137 1081 137 1137 102 1137
741 739 784 739 784 796 741 796
460 635 495 635 495 693 460 693
100 1204 138 1204 138 1262 100 1262
254 332 282 332 282 391 254 391
35 1047 69 1047 69 1111 35 1111
