856 555 874 555 874 565 856 565
576 1169 598 1169 598 1180 576 1180
493 874 505 874 505 887 493 887
865 681 874 681 874 696 865 696
351 884 362 884 362 899 351 899
341 641 372 641 372 656 341 656
898 455 931 455 931 471 898 471
578 1267 590 1267 590 1283 578 1283
913 942 926 942 926 958 913 958
852 800 881 800 881 816 852 816
758 373 796 373 796 389 758 389
687 409 722 409 722 425 687 425
545 1149 557 1149 557 1166 545 1166
693 604 720 604 720 621 693 621
865 881 875 881 875 899 865 899
827 665 841 665 841 683 827 683
490 428 509 428 509 446 490 446
770 478 795 478 795 496 770 496
274 434 305 434 305 452 274 452
555 632 588 632 588 650 555 650
758 962 789 962 789 980 758 980
417 459 438 459 438 477 417 477
576 1182 598 1182 598 1200 576 1200
765 858 786 858 786 877 765 877
270 1383 302 1383 302 1402 270 1402
339 570 376 570 376 589 339 589
862 941 875 941 875 961 862 961
908 815 928 815 928 835 908 835
485 1151 507 1151 507 1171 485 1171
338 1037 386 1037 386 1057 338 1057
562 653 582 653 582 673 562 673
904 1314 924 1314 924 1334 904 1334
903 995 921 995 921 1016 903 1016
402 679 439 679 439 700 402 700
136 861 156 861 156 882 136 882
541 1124 562 1124 562 1145 541 1145
487 805 509 805 509 826 487 826
853 586 879 586 879 607 853 607
217 354 227 354 227 376 217 376
845 375 861 375 861 397 845 397
137 1024 157 1024 157 1046 137 1046
818 457 841 457 841 479 818 479
906 667 928 667 928 689 906 689
692 545 721 545 721 567 692 567
896 840 935 840 935 862 896 862
861 740 877 740 877 762 861 762
347 1015 369 1015 369 1037 347 1037
820 588 843 588 843 610 820 610
690 1176 725 1176 725 1198 690 1198
552 487 588 487 588 509 552 509
478 366 517 366 517 388 478 388
200 327 239 327 239 349 200 349
829 352 872 352 872 374 829 374
543 1196 558 1196 558 1219 543 1219
573 978 595 978 595 1001 573 1001
854 453 881 453 881 476 854 476
539 1251 568 1251 568 1274 539 1274
334 595 389 595 389 618 334 618
345 1102 367 1102 367 1126 345 1126
855 525 877 525 877 549 855 549
571 1044 599 1044 599 1068 571 1068
573 1205 604 1205 604 1229 573 1229
533 1224 566 1224 566 1248 533 1248
132 323 170 323 170 348 132 348
479 291 518 291 518 316 479 316
558 887 579 887 579 912 558 912
819 525 845 525 845 550 819 550
826 681 843 681 843 707 826 707
488 577 507 577 507 603 488 603
766 1068 789 1068 789 1094 766 1094
817 556 844 556 844 582 817 582
475 738 513 738 513 764 475 764
125 721 165 721 165 747 125 747
484 933 503 933 503 959 484 959
763 1098 793 1098 793 1124 763 1124
268 665 307 665 307 691 268 691
699 515 719 515 719 542 699 542
337 1267 368 1267 368 1294 337 1294
689 571 726 571 726 598 689 598
489 1347 508 1347 508 1374 489 1374
414 647 436 647 436 674 414 674
695 1381 730 1381 730 1408 695 1408
853 653 879 653 879 681 853 681
348 783 369 783 369 811 348 811
688 965 725 965 725 993 688 993
688 1327 729 1327 729 1355 688 1355
686 1355 729 1355 729 1383 686 1383
345 1370 364 1370 364 1398 345 1398
415 395 435 395 435 423 415 423
347 539 369 539 369 567 347 567
344 610 367 610 367 638 344 638
897 1340 925 1340 925 1368 897 1368
135 292 169 292 169 320 135 320
265 1153 307 1153 307 1181 265 1181
132 789 156 789 156 818 132 818
412 486 438 486 438 515 412 515
849 852 878 852 878 881 849 881
128 690 164 690 164 719 128 719
282 1307 292 1307 292 1337 282 1337
859 962 876 962 876 992 859 992
633 448 652 448 652 478 633 478
204 1113 235 1113 235 1143 204 1143
574 1372 606 1372 606 1402 574 1402
210 906 230 906 230 936 210 936
346 937 370 937 370 967 346 967
575 1232 602 1232 602 1262 575 1262
894 1242 928 1242 928 1272 894 1272
337 854 374 854 374 884 337 884
197 841 240 841 240 871 197 871
559 730 581 730 581 761 559 761
491 1375 519 1375 519 1406 491 1406
482 608 511 608 511 639 482 639
480 960 511 960 511 991 480 991
339 902 373 902 373 933 339 933
476 1087 512 1087 512 1118 476 1118
624 329 665 329 665 360 624 360
540 1088 562 1088 562 1119 540 1119
541 1163 557 1163 557 1194 541 1194
897 1099 924 1099 924 1130 897 1130
270 539 306 539 306 570 270 570
402 704 444 704 444 735 402 735
487 451 510 451 510 483 487 483
901 1171 925 1171 925 1203 901 1203
572 1104 601 1104 601 1136 572 1136
897 735 931 735 931 767 897 767
198 749 233 749 233 781 198 781
477 1173 516 1173 516 1205 477 1205
862 764 877 764 877 796 862 796
209 376 229 376 229 408 209 408
821 488 843 488 843 520 821 520
765 297 791 297 791 329 765 329
129 534 167 534 167 566 129 566
580 1286 592 1286 592 1319 580 1319
574 1133 600 1133 600 1166 574 1166
837 399 868 399 868 432 837 432
895 1134 930 1134 930 1167 895 1167
619 677 655 677 655 710 619 710
273 926 295 926 295 959 273 959
277 367 300 367 300 400 277 400
822 713 845 713 845 746 822 746
541 1050 555 1050 555 1083 541 1083
829 785 845 785 845 818 829 818
692 782 723 782 723 815 692 815
570 1008 605 1008 605 1041 570 1041
550 415 591 415 591 448 550 448
474 1116 515 1116 515 1149 474 1149
197 464 243 464 243 497 197 497
853 899 874 899 874 933 853 933
825 751 849 751 849 785 825 785
538 1016 566 1016 566 1050 538 1050
757 818 791 818 791 852 757 852
695 333 720 333 720 367 695 367
896 1017 927 1017 927 1051 896 1051
554 291 597 291 597 325 554 325
209 869 233 869 233 904 209 904
570 1069 601 1069 601 1104 570 1104
903 376 937 376 937 411 903 411
269 1119 304 1119 304 1154 269 1154
126 952 167 952 167 987 126 987
763 883 787 883 787 918 763 918
409 424 442 424 442 459 409 459
761 245 801 245 801 280 761 280
622 603 662 603 662 638 622 638
549 450 594 450 594 485 549 485
859 613 874 613 874 648 859 648
541 976 565 976 565 1011 541 1011
765 982 789 982 789 1017 765 1017
272 694 296 694 296 730 272 730
340 1333 373 1333 373 1369 340 1369
865 814 873 814 873 850 865 850
902 627 932 627 932 663 902 663
137 561 167 561 167 597 137 597
210 1366 245 1366 245 1402 210 1402
477 765 512 765 512 801 477 801
348 457 371 457 371 494 348 494
556 593 587 593 587 630 556 630
129 750 168 750 168 787 129 787
405 357 452 357 452 394 405 394
691 1200 723 1200 723 1237 691 1237
269 770 308 770 308 807 269 807
279 1187 297 1187 297 1224 279 1224
268 328 309 328 309 365 268 365
336 1131 384 1131 384 1169 336 1169
127 987 165 987 165 1025 127 1025
127 917 169 917 169 955 127 955
127 883 177 883 177 921 127 921
857 696 879 696 879 735 857 735
484 389 517 389 517 428 484 428
552 559 592 559 592 598 552 598
219 627 227 627 227 666 219 666
208 590 230 590 230 629 208 629
628 640 653 640 653 679 628 679
853 481 886 481 886 520 853 520
759 498 794 498 794 537 759 537
900 410 935 410 935 449 900 449
619 481 660 481 660 520 619 520
128 818 172 818 172 857 128 857
474 994 521 994 521 1033 474 1033
122 1047 172 1047 172 1086 122 1086
334 660 387 660 387 699 334 699
904 1202 924 1202 924 1242 904 1242
134 1088 161 1088 161 1128 134 1128
409 559 436 559 436 599 409 599
693 1238 733 1238 733 1278 693 1278
621 362 662 362 662 402 621 402
287 400 295 400 295 441 287 441
899 1270 932 1270 932 1311 899 1311
126 492 171 492 171 533 126 533
763 435 789 435 789 476 763 476
204 706 235 706 235 747 204 747
343 971 377 971 377 1012 343 1012
898 899 935 899 935 940 898 940
693 1039 731 1039 731 1080 693 1080
755 682 799 682 799 723 755 723
129 357 174 357 174 398 129 398
347 813 369 813 369 854 347 854
630 404 657 404 657 445 630 445
207 1149 237 1149 237 1190 207 1190
496 484 506 484 506 526 496 526
414 602 439 602 439 644 414 644
276 453 302 453 302 495 276 495
767 390 791 390 791 432 767 432
900 1366 925 1366 925 1408 900 1408
285 730 294 730 294 773 285 773
356 495 368 495 368 538 356 538
129 646 167 646 167 689 129 689
691 917 729 917 729 960 691 960
895 1056 934 1056 934 1099 895 1099
267 1222 312 1222 312 1265 267 1265
338 1219 373 1219 373 1262 338 1262
621 758 662 758 662 801 621 801
204 1027 237 1027 237 1070 204 1070
271 886 306 886 306 929 271 929
757 640 794 640 794 683 757 683
757 778 794 778 794 821 757 821
339 331 378 331 378 374 339 374
333 1291 382 1291 382 1334 333 1334
346 743 369 743 369 787 346 787
697 994 726 994 726 1038 697 1038
902 950 926 950 926 994 902 994
621 803 657 803 657 847 621 847
552 376 597 376 597 420 552 420
548 917 593 917 593 961 548 961
490 1202 510 1202 510 1247 490 1247
271 1333 294 1333 294 1378 271 1378
207 1315 240 1315 240 1360 207 1360
345 411 383 411 383 456 345 456
553 683 593 683 593 728 553 728
755 541 800 541 800 586 755 586
128 447 173 447 173 492 128 492
620 563 667 563 667 608 620 608
914 856 922 856 922 901 914 901
424 517 435 517 435 562 424 562
556 762 574 762 574 807 556 807
690 734 719 734 719 779 690 779
685 470 724 470 724 515 685 515
340 698 381 698 381 743 340 743
267 572 315 572 315 617 267 617
275 840 295 840 295 885 275 885
275 1259 295 1259 295 1304 275 1304
212 415 234 415 234 460 212 460
208 658 232 658 232 703 208 703
692 428 719 428 719 473 692 473
687 1279 741 1279 741 1324 687 1324
906 689 928 689 928 735 906 735
553 510 588 510 588 556 553 556
822 614 843 614 843 660 822 660
836 301 865 301 865 347 836 347
897 579 935 579 935 625 897 625
220 935 228 935 228 982 220 982
698 1080 722 1080 722 1127 698 1127
478 693 515 693 515 740 478 740
132 217 176 217 176 264 132 264
224 1069 234 1069 234 1117 224 1117
755 1018 791 1018 791 1066 755 1066
197 983 240 983 240 1031 197 1031
703 366 709 366 709 414 703 414
770 917 779 917 779 965 770 965
481 317 516 317 516 366 481 366
900 764 939 764 939 813 900 813
267 952 312 952 312 1001 267 1001
827 819 841 819 841 868 827 868
130 597 176 597 176 646 130 646
477 824 517 824 517 873 477 873
265 616 316 616 316 665 265 665
699 816 714 816 714 866 699 866
692 1126 728 1126 728 1176 692 1176
264 493 307 493 307 543 264 543
617 713 669 713 669 763 617 763
554 327 586 327 586 377 554 377
761 593 795 593 795 643 761 643
356 367 363 367 363 418 356 418
755 725 792 725 792 776 755 776
562 833 569 833 569 885 562 885
582 1318 590 1318 590 1370 582 1370
196 785 241 785 241 837 196 837
134 400 174 400 174 453 134 453
621 519 659 519 659 572 621 572
471 641 523 641 523 694 471 694
772 330 781 330 781 383 772 383
353 1047 359 1047 359 1101 353 1101
903 472 931 472 931 526 903 526
899 531 937 531 937 586 899 586
487 876 497 876 497 931 487 931
474 1028 518 1028 518 1084 474 1084
264 998 309 998 309 1054 264 1054
485 515 511 515 511 575 485 575
285 793 292 793 292 854 285 854
487 1238 514 1238 514 1299 487 1299
411 291 444 291 444 352 411 352
268 1056 308 1056 308 1118 268 1118
493 1281 503 1281 503 1348 493 1348
896 305 944 305 944 378 896 378
558 772 585 772 585 847 558 847
