698 978 726 978 726 990 698 990
775 1374 805 1374 805 1390 775 1390
422 339 452 339 452 355 422 355
490 502 523 502 523 519 490 519
80 844 111 844 111 861 80 861
563 1297 594 1297 594 1315 563 1315
434 717 448 717 448 735 434 735
289 627 319 627 319 645 289 645
82 1309 114 1309 114 1327 82 1327
418 1229 464 1229 464 1248 418 1248
88 1329 108 1329 108 1349 88 1349
634 1013 660 1013 660 1033 634 1033
149 770 181 770 181 790 149 790
84 869 104 869 104 889 84 889
279 339 324 339 324 359 279 359
157 1094 173 1094 173 1115 157 1115
355 536 390 536 390 558 355 558
83 1014 101 1014 101 1038 83 1038
148 1164 182 1164 182 1188 148 1188
564 346 586 346 586 370 564 370
634 782 666 782 666 806 634 806
630 951 667 951 667 975 630 975
843 1337 863 1337 863 1362 843 1362
363 1297 393 1297 393 1322 363 1322
490 1075 524 1075 524 1100 490 1100
764 1115 803 1115 803 1140 764 1140
367 1355 383 1355 383 1380 367 1380
773 677 795 677 795 702 773 702
420 362 458 362 458 387 420 387
698 583 735 583 735 609 698 609
421 832 464 832 464 858 421 858
701 617 731 617 731 643 701 643
82 452 99 452 99 478 82 478
566 443 586 443 586 469 566 469
361 1266 396 1266 396 1292 361 1292
831 1047 871 1047 871 1073 831 1073
842 387 862 387 862 414 842 414
777 706 797 706 797 733 777 733
145 510 184 510 184 537 145 537
432 1159 451 1159 451 1187 432 1187
145 573 182 573 182 601 145 601
570 1268 585 1268 585 1296 570 1296
361 1197 376 1197 376 1225 361 1225
697 1142 725 1142 725 1170 697 1170
84 1243 103 1243 103 1271 84 1271
837 1122 860 1122 860 1150 837 1150
629 1037 674 1037 674 1065 629 1065
360 1323 384 1323 384 1352 360 1352
767 536 805 536 805 565 767 565
775 1262 796 1262 796 1291 775 1291
837 619 865 619 865 648 837 648
700 887 733 887 733 916 700 916
78 646 112 646 112 675 78 675
214 391 253 391 253 420 214 420
155 1328 175 1328 175 1358 155 1358
153 739 174 739 174 769 153 769
831 973 862 973 862 1003 831 1003
153 368 189 368 189 398 153 398
281 478 324 478 324 508 281 508
353 1381 397 1381 397 1411 353 1411
423 995 461 995 461 1025 423 1025
497 468 515 468 515 498 497 498
154 542 174 542 174 572 154 572
834 941 869 941 869 971 834 971
298 1160 309 1160 309 1191 298 1191
505 721 517 721 517 752 505 752
349 921 387 921 387 952 349 952
295 862 311 862 311 893 295 893
496 941 526 941 526 972 496 972
283 446 317 446 317 477 283 477
489 1301 525 1301 525 1332 489 1332
707 389 728 389 728 421 707 421
567 409 590 409 590 441 567 441
152 1265 179 1265 179 1297 152 1297
783 1336 804 1336 804 1368 783 1368
433 1379 454 1379 454 1411 433 1411
153 339 184 339 184 371 153 371
557 374 593 374 593 406 557 406
354 953 391 953 391 985 354 985
147 1297 187 1297 187 1329 147 1329
144 874 190 874 190 906 144 906
699 852 732 852 732 885 699 885
75 898 114 898 114 931 75 931
493 808 538 808 538 841 493 841
841 459 858 459 858 492 841 492
84 768 103 768 103 801 84 801
74 1272 110 1272 110 1305 74 1305
66 340 112 340 112 373 66 373
623 561 673 561 673 594 623 594
364 555 382 555 382 589 364 589
419 437 461 437 461 471 419 471
73 419 109 419 109 453 73 453
626 343 663 343 663 377 626 377
161 1188 180 1188 180 1222 161 1222
839 1256 865 1256 865 1290 839 1290
563 1124 592 1124 592 1158 563 1158
352 1122 388 1122 388 1156 352 1156
696 1341 744 1341 744 1375 696 1375
72 930 115 930 115 965 72 965
775 1180 791 1180 791 1215 775 1215
834 838 870 838 870 873 834 873
90 1037 105 1037 105 1073 90 1073
356 1228 384 1228 384 1264 356 1264
771 1295 805 1295 805 1331 771 1331
347 450 382 450 382 486 347 486
420 641 458 641 458 677 420 677
695 1275 735 1275 735 1311 695 1311
696 1312 739 1312 739 1348 696 1348
222 622 255 622 255 658 222 658
352 634 386 634 386 670 352 670
288 786 324 786 324 822 288 822
560 892 598 892 598 928 560 928
843 420 858 420 858 457 843 457
161 838 185 838 185 875 161 875
142 964 194 964 194 1001 142 1001
435 1115 453 1115 453 1152 435 1152
151 398 180 398 180 435 151 435
698 1047 730 1047 730 1084 698 1084
626 695 664 695 664 732 626 732
349 1085 389 1085 389 1122 349 1122
75 521 116 521 116 558 75 558
558 555 606 555 606 592 558 592
152 659 176 659 176 697 152 697
153 1057 187 1057 187 1095 153 1095
79 1211 116 1211 116 1249 79 1249
429 1234 451 1234 451 1272 429 1272
427 1073 457 1073 457 1111 427 1111
831 493 862 493 862 531 831 531
634 860 670 860 670 898 634 898
289 360 314 360 314 398 289 398
768 1140 804 1140 804 1179 768 1179
71 728 115 728 115 767 71 767
279 745 328 745 328 784 279 784
692 1373 744 1373 744 1412 692 1412
567 754 599 754 599 793 567 793
491 1022 531 1022 531 1061 491 1061
767 1074 795 1074 795 1114 767 1114
424 1187 452 1187 452 1227 424 1227
419 679 462 679 462 719 419 719
295 828 313 828 313 868 295 868
705 535 737 535 737 575 705 575
357 592 384 592 384 632 357 632
79 551 107 551 107 591 79 591
496 900 526 900 526 940 496 940
71 800 109 800 109 840 71 840
629 977 674 977 674 1017 629 1017
629 473 667 473 667 514 629 514
438 737 447 737 447 778 438 778
636 382 653 382 653 423 636 423
695 738 736 738 736 779 695 779
146 1223 192 1223 192 1265 146 1265
348 489 387 489 387 531 348 531
213 576 255 576 255 618 213 618
831 577 874 577 874 619 831 619
420 1028 470 1028 470 1070 420 1070
837 1365 865 1365 865 1407 837 1407
346 1157 394 1157 394 1199 346 1199
432 1270 448 1270 448 1313 432 1313
434 903 452 903 452 946 434 946
495 1331 524 1331 524 1374 495 1374
355 665 384 665 384 708 355 708
562 516 597 516 597 559 562 559
286 1004 323 1004 323 1047 286 1047
153 1360 174 1360 174 1403 153 1403
559 471 592 471 592 514 559 514
698 1229 732 1229 732 1272 698 1272
349 408 389 408 389 451 349 451
695 696 740 696 740 739 695 739
556 1089 604 1089 604 1132 556 1132
278 402 326 402 326 445 278 445
156 696 174 696 174 740 156 740
767 489 809 489 809 533 767 533
561 792 604 792 604 836 561 836
763 979 806 979 806 1023 763 1023
695 1000 739 1000 739 1044 695 1044
835 690 872 690 872 734 835 734
631 1069 676 1069 676 1113 631 1113
829 746 875 746 875 790 829 790
212 421 260 421 260 465 212 465
557 1311 593 1311 593 1355 557 1355
283 1190 323 1190 323 1234 283 1234
627 731 671 731 671 775 627 775
348 714 393 714 393 758 348 758
72 1073 122 1073 122 1117 72 1117
563 1361 594 1361 594 1406 563 1406
423 860 458 860 458 905 423 905
281 698 323 698 323 743 281 743
828 1081 871 1081 871 1126 828 1126
838 340 870 340 870 385 838 385
697 343 736 343 736 388 697 388
74 595 116 595 116 640 74 640
765 839 809 839 809 884 765 884
833 1005 877 1005 877 1050 833 1050
72 1163 117 1163 117 1208 72 1208
702 488 740 488 740 534 702 534
702 430 740 430 740 476 702 476
833 1151 871 1151 871 1197 833 1197
695 645 744 645 744 691 695 691
694 919 738 919 738 965 694 965
416 388 461 388 461 434 416 434
71 968 119 968 119 1014 71 1014
635 648 660 648 660 694 635 694
632 513 666 513 666 559 632 559
146 1118 189 1118 189 1164 146 1164
282 1114 330 1114 330 1160 282 1160
346 1037 401 1037 401 1083 346 1083
851 649 863 649 863 696 851 696
562 644 598 644 598 691 562 691
494 849 531 849 531 896 494 896
770 1217 807 1217 807 1264 770 1264
492 1154 530 1154 530 1201 492 1201
147 610 187 610 187 657 147 657
282 649 329 649 329 696 282 696
765 736 812 736 812 783 765 783
71 679 118 679 118 726 71 726
84 1116 110 1116 110 1163 84 1163
212 466 254 466 254 513 212 513
765 886 809 886 809 933 765 933
767 441 814 441 814 488 767 488
760 344 812 344 812 391 760 391
839 530 868 530 868 578 839 578
835 1289 869 1289 869 1337 835 1337
495 625 534 625 534 673 495 673
627 1111 674 1111 674 1159 627 1159
146 787 184 787 184 835 146 835
630 1359 668 1359 668 1407 630 1407
68 370 120 370 120 418 68 418
426 593 458 593 458 641 426 641
492 573 526 573 526 621 492 621
148 460 190 460 190 508 148 508
490 1196 532 1196 532 1244 490 1244
355 812 392 812 392 861 355 861
771 392 809 392 809 441 771 441
641 423 651 423 651 473 641 473
151 1003 189 1003 189 1053 151 1053
765 620 807 620 807 670 765 670
631 1159 675 1159 675 1209 631 1209
630 1259 666 1259 666 1309 630 1309
361 987 381 987 381 1038 361 1038
631 1204 668 1204 668 1255 631 1255
562 1033 601 1033 601 1084 562 1084
628 595 671 595 671 646 628 646
349 763 394 763 394 814 349 814
783 1021 791 1021 791 1073 783 1073
281 579 325 579 325 631 281 631
624 898 670 898 670 950 624 950
839 786 873 786 873 838 839 838
82 1354 116 1354 116 1406 82 1406
490 753 528 753 528 805 490 805
768 930 806 930 806 982 768 982
283 951 324 951 324 1003 283 1003
559 588 603 588 603 640 559 640
496 971 522 971 522 1024 496 1024
92 479 119 479 119 532 92 532
420 779 456 779 456 832 420 832
553 1207 594 1207 594 1261 553 1261
558 839 606 839 606 893 558 893
772 782 800 782 800 836 772 836
287 895 316 895 316 950 287 950
699 1086 733 1086 733 1141 699 1141
765 564 805 564 805 619 765 619
416 474 464 474 464 529 416 529
830 1199 871 1199 871 1255 830 1255
554 977 596 977 596 1033 554 1033
482 406 525 406 525 462 482 462
144 906 188 906 188 962 144 962
417 1319 462 1319 462 1376 417 1376
489 1245 535 1245 535 1302 489 1302
209 338 256 338 256 395 209 395
344 340 380 340 380 397 344 397
493 1104 532 1104 532 1162 493 1162
556 930 602 930 602 989 556 989
693 1171 740 1171 740 1230 693 1230
556 693 608 693 608 752 556 752
832 873 878 873 878 935 832 935
298 510 309 510 309 572 298 572
281 1052 323 1052 323 1114 281 1114
212 513 254 513 254 577 212 577
696 782 736 782 736 848 696 848
435 924 443 924 443 995 435 995
764 1341 806 1341 806 1413 764 1413
486 339 532 339 532 418 486 418
