199 1097 219 1097 219 1108 199 1108
101 812 120 812 120 824 101 824
314 721 341 721 341 734 314 734
132 803 156 803 156 816 132 816
108 718 117 718 117 733 108 733
390 1262 416 1262 416 1277 390 1277
524 769 554 769 554 784 524 784
525 684 550 684 550 699 525 699
190 1228 221 1228 221 1243 190 1243
128 1116 150 1116 150 1132 128 1132
41 726 68 726 68 742 41 742
381 939 413 939 413 955 381 955
170 1102 179 1102 179 1118 170 1118
202 1214 215 1214 215 1230 202 1230
165 1240 186 1240 186 1256 165 1256
98 765 121 765 121 781 98 781
192 1280 218 1280 218 1297 192 1297
739 1231 757 1231 757 1248 739 1248
229 1156 258 1156 258 1173 229 1173
650 1126 699 1126 699 1143 650 1143
202 1042 216 1042 216 1059 202 1059
330 379 352 379 352 396 330 396
194 1352 218 1352 218 1369 194 1369
173 654 205 654 205 671 173 671
443 573 485 573 485 590 443 590
239 1138 255 1138 255 1156 239 1156
736 485 759 485 759 503 736 503
168 1045 193 1045 193 1063 168 1063
237 1088 253 1088 253 1106 237 1106
253 697 274 697 274 715 253 715
521 1099 553 1099 553 1117 521 1117
443 551 479 551 479 569 443 569
790 846 828 846 828 864 790 864
189 602 201 602 201 621 189 621
386 550 415 550 415 569 386 569
37 675 72 675 72 694 37 694
168 1213 185 1213 185 1232 168 1232
802 824 827 824 827 843 802 843
176 992 207 992 207 1011 176 1011
269 1106 289 1106 289 1125 269 1125
807 1193 827 1193 827 1213 807 1213
249 376 271 376 271 396 249 396
320 1118 344 1118 344 1138 320 1138
735 832 760 832 760 852 735 852
181 873 202 873 202 893 181 893
125 1033 154 1033 154 1053 125 1053
131 906 154 906 154 927 131 927
802 700 825 700 825 721 802 721
94 868 119 868 119 889 94 889
92 785 121 785 121 806 92 806
133 1092 149 1092 149 1113 133 1113
133 878 150 878 150 899 133 899
181 543 203 543 203 564 181 564
245 748 279 748 279 769 245 769
323 341 336 341 336 362 323 362
99 892 114 892 114 913 99 913
109 627 138 627 138 648 109 648
738 961 768 961 768 982 738 982
724 982 764 982 764 1003 724 1003
310 489 351 489 351 510 310 510
136 751 149 751 149 773 136 773
734 1175 748 1175 748 1197 734 1197
396 762 413 762 413 784 396 784
112 470 133 470 133 492 112 492
660 943 692 943 692 965 660 965
307 319 343 319 343 341 307 341
129 1327 139 1327 139 1349 129 1349
168 1121 183 1121 183 1143 168 1143
739 637 757 637 757 659 739 659
167 1184 189 1184 189 1206 167 1206
237 978 260 978 260 1000 237 1000
267 1081 290 1081 290 1103 267 1103
235 926 260 926 260 948 235 948
584 562 624 562 624 584 584 584
251 513 271 513 271 536 251 536
798 772 826 772 826 795 798 795
315 1274 345 1274 345 1297 315 1297
179 899 213 899 213 922 179 922
194 1298 220 1298 220 1321 194 1321
389 785 417 785 417 808 389 808
728 314 758 314 758 337 728 337
738 433 751 433 751 456 738 456
394 1236 409 1236 409 1259 394 1259
802 907 823 907 823 930 802 930
133 1005 155 1005 155 1028 133 1028
246 823 275 823 275 846 246 846
174 1365 203 1365 203 1388 174 1388
39 554 77 554 77 577 39 577
794 1039 832 1039 832 1063 794 1063
238 1008 254 1008 254 1032 238 1032
735 1035 754 1035 754 1059 735 1059
101 404 138 404 138 428 101 428
102 740 119 740 119 765 102 765
118 603 139 603 139 628 118 628
124 1349 146 1349 146 1374 124 1374
812 505 837 505 837 530 812 530
662 596 693 596 693 621 662 621
101 914 118 914 118 939 101 939
254 799 272 799 272 824 254 824
128 725 157 725 157 750 128 750
311 823 345 823 345 848 311 848
198 1185 218 1185 218 1210 198 1210
189 923 210 923 210 948 189 948
133 851 155 851 155 876 133 876
269 988 293 988 293 1013 269 1013
234 952 261 952 261 977 234 977
243 1346 272 1346 272 1371 243 1371
103 687 118 687 118 713 103 713
802 1105 821 1105 821 1131 802 1131
251 1397 270 1397 270 1423 251 1423
121 1134 154 1134 154 1160 121 1160
106 538 140 538 140 564 106 564
326 1249 344 1249 344 1275 326 1275
235 896 262 896 262 922 235 922
385 374 413 374 413 400 385 400
314 1225 350 1225 350 1251 314 1251
516 587 553 587 553 613 516 613
235 1109 255 1109 255 1136 235 1136
243 431 279 431 279 458 243 458
442 523 481 523 481 550 442 550
794 797 837 797 837 824 794 824
273 1126 286 1126 286 1153 273 1153
99 943 114 943 114 970 99 970
738 773 755 773 755 800 738 800
307 1300 351 1300 351 1327 307 1327
239 1034 254 1034 254 1061 239 1061
670 570 688 570 688 597 670 597
131 772 155 772 155 799 131 799
268 960 296 960 296 987 268 987
522 557 552 557 552 584 522 584
37 1142 71 1142 71 1169 37 1169
118 1164 157 1164 157 1191 118 1191
168 1013 207 1013 207 1040 168 1040
183 624 202 624 202 652 183 652
805 1393 828 1393 828 1421 805 1421
266 892 294 892 294 920 266 920
806 475 839 475 839 503 806 503
313 1151 352 1151 352 1179 313 1179
803 642 821 642 821 670 803 670
128 823 156 823 156 851 128 851
265 1051 293 1051 293 1079 265 1079
523 945 552 945 552 973 523 973
35 698 71 698 71 726 35 726
723 369 768 369 768 397 723 397
593 692 612 692 612 720 593 720
131 971 158 971 158 999 131 999
122 1227 150 1227 150 1255 122 1255
192 1324 225 1324 225 1352 192 1352
728 608 769 608 769 636 728 636
259 770 280 770 280 799 259 799
130 1056 153 1056 153 1085 130 1085
111 315 136 315 136 344 111 344
163 1073 191 1073 191 1102 163 1102
194 1065 224 1065 224 1094 194 1094
192 1115 222 1115 222 1144 192 1144
384 477 418 477 418 506 384 506
244 717 282 717 282 746 244 746
168 671 211 671 211 700 168 700
254 633 269 633 269 662 254 662
393 1045 413 1045 413 1074 393 1074
122 1298 145 1298 145 1327 122 1327
394 604 419 604 419 633 394 633
161 1259 187 1259 187 1288 161 1288
586 588 619 588 619 617 586 617
41 614 75 614 75 643 41 643
726 337 761 337 761 366 726 366
241 846 281 846 281 875 241 875
182 809 199 809 199 839 182 839
46 644 65 644 65 674 46 674
736 1355 757 1355 757 1385 736 1385
673 835 699 835 699 865 673 865
731 577 758 577 758 607 731 607
381 570 415 570 415 600 381 600
103 374 139 374 139 404 103 404
728 1252 764 1252 764 1282 728 1282
659 462 696 462 696 492 659 492
40 943 78 943 78 973 40 973
169 370 210 370 210 400 169 400
723 857 769 857 769 887 723 887
169 1148 189 1148 189 1178 169 1178
531 615 553 615 553 645 531 645
520 704 554 704 554 734 520 734
248 571 283 571 283 601 248 601
176 511 215 511 215 541 176 541
102 648 142 648 142 678 102 678
239 1370 280 1370 280 1400 239 1400
582 399 626 399 626 429 582 429
248 313 264 313 264 343 248 343
793 231 826 231 826 261 793 261
315 1047 349 1047 349 1077 315 1077
518 827 558 827 558 857 518 857
727 507 769 507 769 537 727 537
34 401 78 401 78 431 34 431
309 1386 336 1386 336 1417 309 1417
735 1387 762 1387 762 1418 735 1418
795 930 828 930 828 961 795 961
516 1207 560 1207 560 1238 516 1238
48 1103 61 1103 61 1134 48 1134
238 1058 252 1058 252 1089 238 1089
388 1123 406 1123 406 1154 388 1154
269 1155 289 1155 289 1186 269 1186
800 1295 828 1295 828 1326 800 1326
247 535 278 535 278 566 247 566
241 343 273 343 273 374 241 374
520 649 555 649 555 680 520 680
241 1272 277 1272 277 1303 241 1303
34 1253 75 1253 75 1284 34 1284
730 1060 762 1060 762 1092 730 1092
121 1196 153 1196 153 1228 121 1228
311 1013 347 1013 347 1045 311 1045
655 395 702 395 702 427 655 427
798 395 835 395 835 427 798 427
655 663 700 663 700 695 655 695
806 1361 825 1361 825 1393 806 1393
179 478 202 478 202 510 179 510
730 452 764 452 764 484 730 484
244 603 281 603 281 635 244 635
252 455 291 455 291 487 252 487
382 632 421 632 421 664 382 664
794 580 834 580 834 612 794 612
243 485 284 485 284 517 243 517
101 343 147 343 147 375 101 375
166 1391 213 1391 213 1423 166 1423
531 1172 556 1172 556 1205 531 1205
730 659 760 659 760 692 730 692
525 1022 556 1022 556 1055 525 1055
174 704 212 704 212 737 174 737
382 955 420 955 420 988 382 988
37 870 78 870 78 903 37 903
384 1200 426 1200 426 1233 384 1233
534 733 552 733 552 766 534 766
183 567 202 567 202 600 183 600
799 356 820 356 820 389 799 389
98 830 123 830 123 863 98 863
267 924 293 924 293 957 267 957
264 1015 292 1015 292 1048 264 1048
795 963 829 963 829 996 795 996
308 933 345 933 345 966 308 966
269 1187 283 1187 283 1221 269 1221
803 1130 820 1130 820 1164 803 1164
733 1318 758 1318 758 1352 733 1352
127 689 154 689 154 723 127 723
660 430 692 430 692 464 660 464
37 905 75 905 75 939 37 939
660 771 698 771 698 805 660 805
655 1090 698 1090 698 1124 655 1124
100 971 115 971 115 1005 100 1005
736 1005 764 1005 764 1039 736 1039
38 434 72 434 72 468 38 468
664 865 698 865 698 899 664 899
245 662 280 662 280 696 245 696
792 430 832 430 832 464 792 464
738 887 752 887 752 921 738 921
183 954 205 954 205 988 183 988
385 443 418 443 418 477 385 477
796 1327 837 1327 837 1361 796 1361
242 395 284 395 284 429 242 429
309 687 353 687 353 721 309 721
394 665 414 665 414 700 394 700
534 904 557 904 557 939 534 939
662 802 694 802 694 837 662 837
659 1010 694 1010 694 1045 659 1045
728 1195 763 1195 763 1230 728 1230
728 798 764 798 764 833 728 833
379 806 419 806 419 841 379 841
737 1283 752 1283 752 1318 737 1318
176 838 208 838 208 873 176 873
526 470 559 470 559 505 526 505
112 567 146 567 146 602 112 602
39 513 77 513 77 548 39 548
794 265 833 265 833 300 794 300
791 668 830 668 830 703 791 703
790 1001 832 1001 832 1037 790 1037
799 867 825 867 825 903 799 903
389 1082 408 1082 408 1118 389 1118
112 498 147 498 147 534 112 534
311 557 347 557 347 593 311 593
105 433 142 433 142 469 105 469
580 617 619 617 619 653 580 653
40 577 80 577 80 613 40 613
582 427 629 427 629 463 582 463
379 1157 426 1157 426 1193 379 1193
44 361 65 361 65 398 44 398
38 1170 76 1170 76 1207 38 1207
311 848 351 848 351 885 311 885
315 1186 361 1186 361 1223 315 1223
740 538 756 538 756 575 740 575
120 1259 150 1259 150 1296 120 1296
173 401 206 401 206 438 173 438
314 1080 349 1080 349 1117 314 1117
40 1022 77 1022 77 1059 40 1059
789 1064 830 1064 830 1101 789 1101
32 475 78 475 78 512 32 512
793 1218 832 1218 832 1256 793 1256
171 733 210 733 210 771 171 771
378 851 422 851 422 889 378 889
41 787 64 787 64 825 41 825
799 1255 824 1255 824 1293 799 1293
728 924 756 924 756 962 728 962
43 1380 71 1380 71 1418 43 1418
171 439 209 439 209 477 171 477
795 1158 834 1158 834 1196 795 1196
582 653 627 653 627 691 582 691
670 695 687 695 687 733 670 733
312 250 349 250 349 288 312 288
662 733 690 733 690 772 662 772
521 1056 553 1056 553 1095 521 1095
724 1096 770 1096 770 1135 724 1135
665 530 692 530 692 569 665 569
195 1147 227 1147 227 1186 195 1186
449 355 484 355 484 394 449 394
134 928 151 928 151 968 134 968
795 320 831 320 831 360 795 360
662 902 700 902 700 942 662 942
728 694 768 694 768 734 728 734
669 492 686 492 686 533 669 533
525 863 555 863 555 904 525 904
726 393 763 393 763 434 726 434
383 891 416 891 416 932 383 932
34 832 73 832 73 873 34 873
656 356 700 356 700 397 656 397
31 978 76 978 76 1019 31 1019
33 1062 78 1062 78 1103 33 1103
446 438 492 438 492 479 446 479
528 427 552 427 552 469 528 469
174 768 212 768 212 810 174 810
344 398 352 398 352 440 344 440
381 404 411 404 411 446 381 446
40 743 70 743 70 785 40 785
728 733 765 733 765 775 728 775
311 596 356 596 356 638 311 638
318 890 346 890 346 933 318 933
663 622 698 622 698 665 663 665
725 1133 761 1133 761 1176 725 1176
310 514 350 514 350 557 310 557
34 1210 76 1210 76 1253 34 1253
792 533 837 533 837 576 792 576
242 1226 288 1226 288 1269 242 1269
527 975 554 975 554 1018 527 1018
447 396 488 396 488 439 447 439
310 444 356 444 356 487 310 487
204 1237 212 1237 212 1281 204 1281
530 785 549 785 549 829 530 829
242 1306 278 1306 278 1350 242 1350
242 1171 249 1171 249 1216 242 1216
40 1287 75 1287 75 1332 40 1332
310 735 351 735 351 780 310 780
586 517 623 517 623 562 586 562
804 727 827 727 827 772 804 772
658 962 698 962 698 1007 658 1007
581 354 624 354 624 399 581 399
394 507 409 507 409 553 394 553
308 776 354 776 354 822 308 822
53 1333 74 1333 74 1379 53 1379
527 1236 550 1236 550 1282 527 1282
671 1132 681 1132 681 1179 671 1179
794 606 827 606 827 653 794 653
313 639 348 639 348 686 313 686
444 478 490 478 490 525 444 525
310 964 358 964 358 1011 310 1011
522 509 557 509 557 557 522 557
380 710 423 710 423 760 380 760
583 466 627 466 627 517 583 517
521 376 552 376 552 428 521 428
168 316 208 316 208 368 168 368
517 1118 561 1118 561 1170 517 1170
393 989 410 989 410 1045 393 1045
457 583 466 583 466 640 457 640
308 1326 348 1326 348 1387 308 1387
