551 1068 562 1068 562 1074 551 1074
422 1322 436 1322 436 1331 422 1331
552 982 565 982 565 992 552 992
106 551 122 551 122 561 106 561
417 394 425 394 425 406 417 406
463 682 483 682 483 695 463 695
612 1015 627 1015 627 1029 612 1029
684 725 698 725 698 739 684 739
751 407 762 407 762 421 751 421
178 920 194 920 194 934 178 934
478 1389 491 1389 491 1404 478 1404
460 732 485 732 485 747 460 747
466 1334 493 1334 493 1349 466 1349
820 764 834 764 834 779 820 779
542 332 558 332 558 347 542 347
398 789 413 789 413 805 398 805
825 422 841 422 841 438 825 438
534 740 564 740 564 756 534 756
683 1068 701 1068 701 1084 683 1084
891 758 907 758 907 774 891 774
893 1130 909 1130 909 1146 893 1146
613 690 630 690 630 706 613 706
221 1002 230 1002 230 1019 221 1019
195 696 211 696 211 713 195 713
751 1316 767 1316 767 1333 751 1333
124 771 140 771 140 788 124 788
467 1191 483 1191 483 1208 467 1208
610 333 627 333 627 350 610 350
125 336 142 336 142 353 125 353
131 571 153 571 153 588 131 588
397 1084 423 1084 423 1101 397 1101
751 836 767 836 767 853 751 853
328 1252 356 1252 356 1269 328 1269
173 935 199 935 199 953 173 953
394 938 425 938 425 956 394 956
895 552 910 552 910 570 895 570
895 370 912 370 912 389 895 389
606 1112 643 1112 643 1131 606 1131
884 570 913 570 913 589 884 589
400 582 417 582 417 602 400 602
542 676 560 676 560 696 542 696
102 499 124 499 124 519 102 519
688 404 714 404 714 424 688 424
457 748 492 748 492 768 457 768
121 982 151 982 151 1002 121 1002
892 419 905 419 905 440 892 440
181 996 201 996 201 1017 181 1017
889 474 915 474 915 495 889 495
484 318 515 318 515 339 484 339
882 1279 917 1279 917 1300 882 1300
542 564 557 564 557 586 542 586
197 844 214 844 214 866 197 866
540 393 566 393 566 415 540 415
605 1202 642 1202 642 1224 605 1224
117 1260 156 1260 156 1282 117 1282
392 1035 435 1035 435 1057 392 1057
126 429 141 429 141 452 126 452
471 554 487 554 487 577 471 577
103 562 125 562 125 585 103 585
467 1093 490 1093 490 1116 467 1116
460 881 492 881 492 904 460 904
461 975 494 975 494 998 461 998
214 1018 225 1018 225 1041 214 1041
213 947 227 947 227 970 213 970
404 1061 419 1061 419 1084 404 1084
404 1224 421 1224 421 1247 404 1247
679 867 699 867 699 890 679 890
884 529 920 529 920 552 884 552
673 335 712 335 712 358 673 358
753 1262 768 1262 768 1285 753 1285
684 517 700 517 700 540 684 540
610 469 628 469 628 492 610 492
469 942 487 942 487 965 469 965
886 393 921 393 921 416 886 416
111 523 121 523 121 547 111 547
616 623 629 623 629 647 616 647
822 585 840 585 840 609 822 609
121 792 142 792 142 816 121 816
536 1193 560 1193 560 1217 536 1217
185 549 214 549 214 573 185 573
392 968 425 968 425 992 392 992
821 709 835 709 835 733 821 733
889 934 907 934 907 958 889 958
330 330 348 330 348 354 330 354
683 1196 701 1196 701 1220 683 1220
672 453 705 453 705 477 672 477
320 569 353 569 353 593 320 593
617 956 630 956 630 981 617 981
210 974 229 974 229 999 210 999
762 959 790 959 790 984 762 984
613 814 631 814 631 839 613 839
466 426 488 426 488 451 466 451
883 849 910 849 910 874 883 874
207 919 237 919 237 944 207 944
812 559 845 559 845 584 812 584
403 680 419 680 419 705 403 705
463 491 497 491 497 516 463 516
744 342 782 342 782 367 744 367
458 1068 501 1068 501 1093 458 1093
684 1345 700 1345 700 1371 684 1371
885 590 915 590 915 616 885 616
745 1020 781 1020 781 1046 745 1046
823 965 835 965 835 991 823 991
402 907 420 907 420 933 402 933
748 779 766 779 766 805 748 805
334 710 366 710 366 736 334 736
816 365 850 365 850 391 816 391
809 941 843 941 843 967 809 967
324 681 360 681 360 707 324 707
324 1270 361 1270 361 1296 324 1296
393 650 431 650 431 676 393 676
893 700 907 700 907 727 893 727
129 1193 144 1193 144 1220 129 1220
820 645 841 645 841 672 820 672
809 820 842 820 842 847 809 847
813 441 846 441 846 468 813 468
389 1101 426 1101 426 1128 389 1128
112 1341 155 1341 155 1368 112 1368
341 1296 353 1296 353 1323 341 1323
542 455 560 455 560 482 542 482
886 874 905 874 905 901 886 901
606 710 640 710 640 737 606 737
681 669 697 669 697 696 681 696
613 1349 629 1349 629 1376 613 1376
492 336 508 336 508 363 492 363
400 555 416 555 416 582 400 582
673 424 702 424 702 451 673 451
817 391 849 391 849 418 817 418
890 1069 906 1069 906 1097 890 1097
888 1223 917 1223 917 1251 888 1251
115 396 152 396 152 424 115 424
400 840 416 840 416 868 400 868
407 1131 434 1131 434 1159 407 1159
189 871 220 871 220 899 189 899
191 1379 226 1379 226 1407 191 1407
397 1285 435 1285 435 1313 397 1313
762 560 771 560 771 589 762 589
132 927 157 927 157 956 132 956
816 500 842 500 842 529 816 529
614 1131 632 1131 632 1160 614 1160
672 694 709 694 709 723 672 723
458 808 500 808 500 837 458 837
455 1157 498 1157 498 1186 455 1186
739 748 785 748 785 777 739 777
131 1038 146 1038 146 1067 131 1067
121 1070 149 1070 149 1099 121 1099
328 1218 366 1218 366 1247 328 1247
393 492 425 492 425 522 393 522
605 391 643 391 643 421 605 421
896 1297 911 1297 911 1327 896 1327
891 498 909 498 909 528 891 528
889 1254 908 1254 908 1284 889 1284
129 533 154 533 154 563 129 563
888 1328 914 1328 914 1358 888 1358
463 578 490 578 490 608 463 608
885 819 912 819 912 849 885 849
884 959 913 959 913 989 884 989
326 403 357 403 357 433 326 433
462 393 499 393 499 423 462 423
391 812 428 812 428 842 391 842
121 953 141 953 141 984 121 984
749 499 772 499 772 530 749 530
536 421 559 421 559 452 536 452
117 857 148 857 148 888 117 888
885 727 921 727 921 758 885 758
617 1221 631 1221 631 1252 617 1252
535 481 564 481 564 512 535 512
607 1251 638 1251 638 1282 607 1282
534 703 567 703 567 734 534 734
392 525 428 525 428 556 392 556
532 814 571 814 571 845 532 845
599 1375 640 1375 640 1406 599 1406
741 893 782 893 782 924 741 924
675 890 703 890 703 921 675 921
187 662 218 662 218 693 187 693
745 1341 776 1341 776 1372 745 1372
400 1252 433 1252 433 1283 400 1283
812 730 846 730 846 761 812 761
390 757 429 757 429 788 390 788
604 356 645 356 645 387 604 387
687 1006 702 1006 702 1038 687 1038
133 590 156 590 156 622 133 622
816 992 843 992 843 1024 816 1024
816 612 845 612 845 644 816 644
321 467 351 467 351 499 321 499
883 902 914 902 914 934 883 934
885 337 917 337 917 369 885 369
461 1258 498 1258 498 1290 461 1290
817 912 834 912 834 944 817 944
748 1151 778 1151 778 1183 748 1183
116 733 149 733 149 765 116 765
609 981 642 981 642 1013 609 1013
817 467 837 467 837 500 817 500
750 527 772 527 772 560 750 560
676 1220 705 1220 705 1253 676 1253
747 987 778 987 778 1020 747 1020
815 880 854 880 854 913 815 913
739 712 778 712 778 745 739 745
742 1373 787 1373 787 1406 742 1406
332 433 348 433 348 466 332 466
117 452 148 452 148 485 117 485
391 327 427 327 427 360 391 360
604 1322 642 1322 642 1355 604 1355
673 479 711 479 711 512 673 512
129 1004 146 1004 146 1037 129 1037
127 1372 145 1372 145 1405 127 1405
121 1283 146 1283 146 1316 121 1316
534 770 566 770 566 803 534 803
812 672 846 672 846 705 812 705
117 1106 159 1106 159 1139 117 1139
607 839 638 839 638 873 607 873
605 493 636 493 636 527 605 527
748 1043 781 1043 781 1077 748 1077
884 1150 918 1150 918 1184 884 1184
530 524 571 524 571 558 530 558
530 987 574 987 574 1021 530 1021
818 528 837 528 837 562 818 562
676 541 705 541 705 575 676 575
750 1118 780 1118 780 1152 750 1152
328 1014 360 1014 360 1048 328 1048
322 537 355 537 355 571 322 571
326 980 366 980 366 1014 326 1014
121 1307 146 1307 146 1342 121 1342
394 997 426 997 426 1032 394 1032
675 1036 712 1036 712 1071 675 1071
880 1036 919 1036 919 1071 880 1071
607 1032 646 1032 646 1067 607 1067
318 499 359 499 359 534 318 534
326 1178 360 1178 360 1213 326 1213
743 1227 778 1227 778 1262 743 1262
391 1369 443 1369 443 1404 391 1404
686 1126 702 1126 702 1161 686 1161
466 837 486 837 486 872 466 872
887 1096 917 1096 917 1131 887 1131
117 359 148 359 148 394 117 394
187 723 218 723 218 758 187 758
119 1218 152 1218 152 1253 119 1253
743 799 776 799 776 834 743 834
742 857 777 857 777 892 742 892
187 1250 224 1250 224 1285 187 1285
673 750 716 750 716 785 673 785
324 785 352 785 352 821 324 821
745 422 781 422 781 458 745 458
883 781 916 781 916 817 883 817
743 370 778 370 778 406 743 406
394 1326 431 1326 431 1362 394 1362
456 1034 494 1034 494 1070 456 1070
743 622 782 622 782 658 743 658
675 1370 715 1370 715 1406 675 1406
466 997 484 997 484 1034 466 1034
189 578 216 578 216 615 189 615
811 783 842 783 842 820 811 820
394 869 427 869 427 906 394 906
748 1284 785 1284 785 1321 748 1321
530 1162 579 1162 579 1199 530 1199
818 847 841 847 841 884 818 884
460 518 491 518 491 555 460 555
886 1185 918 1185 918 1222 886 1222
605 650 638 650 638 687 605 687
745 459 779 459 779 496 745 496
189 1132 224 1132 224 1169 189 1169
113 700 150 700 150 737 113 737
601 778 641 778 641 815 601 815
813 332 837 332 837 369 813 369
675 922 705 922 705 959 675 959
679 1088 712 1088 712 1125 679 1125
745 922 780 922 780 959 745 959
534 352 569 352 569 389 534 389
455 698 494 698 494 735 455 735
176 955 199 955 199 993 176 993
328 1328 358 1328 358 1366 328 1366
186 473 217 473 217 511 186 511
185 514 218 514 218 552 185 552
608 738 641 738 641 776 608 776
128 816 135 816 135 854 128 854
679 786 701 786 701 824 679 824
119 662 143 662 143 700 119 700
326 932 359 932 359 970 326 970
743 1190 779 1190 779 1228 743 1228
390 407 428 407 428 445 390 445
529 860 571 860 571 898 529 898
477 451 486 451 486 490 477 490
543 1217 559 1217 559 1256 543 1256
468 1116 486 1116 486 1155 468 1155
884 667 915 667 915 706 884 706
404 1164 435 1164 435 1203 404 1203
884 439 921 439 921 478 884 478
535 590 568 590 568 629 535 629
181 380 217 380 217 419 181 419
674 824 708 824 708 863 674 863
534 943 569 943 569 982 534 982
322 740 357 740 357 779 322 779
183 758 220 758 220 797 183 797
188 1208 227 1208 227 1247 188 1247
453 606 498 606 498 645 453 645
461 1218 493 1218 493 1258 461 1258
882 997 919 997 919 1037 882 1037
115 628 154 628 154 668 115 668
674 1161 715 1161 715 1201 674 1201
602 1283 645 1283 645 1323 602 1323
466 640 488 640 488 680 466 680
332 1367 359 1367 359 1407 332 1407
606 583 639 583 639 623 606 623
322 641 360 641 360 681 322 681
672 1261 712 1261 712 1301 672 1301
752 1077 775 1077 775 1118 752 1118
183 339 210 339 210 380 183 380
184 621 215 621 215 662 184 662
189 1165 230 1165 230 1206 189 1206
460 1350 504 1350 504 1391 460 1391
322 357 353 357 353 398 322 398
190 797 222 797 222 839 190 839
184 423 218 423 218 465 184 465
474 901 483 901 483 943 474 943
682 358 694 358 694 400 682 400
113 887 149 887 149 929 113 929
183 1092 222 1092 222 1134 183 1134
258 369 272 369 272 412 258 412
458 347 494 347 494 390 458 390
179 289 220 289 220 332 179 332
529 629 578 629 578 672 529 672
258 326 278 326 278 369 258 369
339 1049 361 1049 361 1092 339 1092
741 663 778 663 778 706 741 706
393 450 424 450 424 493 393 493
186 1287 220 1287 220 1330 186 1330
671 1301 715 1301 715 1344 671 1344
616 1067 628 1067 628 1111 616 1111
473 1292 485 1292 485 1336 473 1336
537 1074 559 1074 559 1118 537 1118
390 359 425 359 425 403 390 403
466 766 491 766 491 811 466 811
192 1334 219 1334 219 1379 192 1379
325 886 357 886 357 931 325 931
749 578 772 578 772 623 749 623
741 290 784 290 784 335 741 335
531 1117 566 1117 566 1163 531 1163
387 607 426 607 426 653 387 653
609 422 623 422 623 469 609 469
672 582 713 582 713 629 672 629
671 959 714 959 714 1006 671 1006
674 625 706 625 706 672 674 672
323 592 356 592 356 640 323 640
537 1018 562 1018 562 1067 537 1067
400 706 425 706 425 755 400 755
605 919 642 919 642 968 605 968
610 875 635 875 635 924 610 924
622 1160 631 1160 631 1211 622 1211
321 821 351 821 351 873 321 873
189 1039 216 1039 216 1091 189 1091
119 1138 161 1138 161 1190 119 1190
602 529 638 529 638 582 602 582
884 1359 925 1359 925 1412 884 1412
889 617 916 617 916 670 889 670
