710 442 774 442 774 470 710 470
481 494 531 494 531 522 481 522
51 617 93 617 93 647 51 647
50 532 75 532 75 562 50 562
40 568 84 568 84 601 40 601
632 444 692 444 692 481 632 481
41 304 89 304 89 342 41 342
480 668 537 668 537 706 480 706
234 1204 274 1204 274 1242 234 1242
44 394 94 394 94 433 44 433
272 557 335 557 335 598 272 598
39 347 87 347 87 389 39 389
334 1029 393 1029 393 1072 334 1072
43 434 93 434 93 481 43 481
41 480 91 480 91 527 41 527
480 431 545 431 545 479 480 479
477 362 541 362 541 412 477 412
331 1147 391 1147 391 1198 331 1198
328 1084 391 1084 391 1135 328 1135
486 595 534 595 534 648 486 648
338 966 396 966 396 1020 338 1020
231 957 283 957 283 1012 231 1012
340 1270 404 1270 404 1328 340 1328
482 724 527 724 527 785 482 785
344 1206 392 1206 392 1267 344 1267
270 777 348 777 348 840 270 840
657 577 738 577 738 644 657 644
231 1122 288 1122 288 1192 231 1192
274 614 338 614 338 684 274 684
272 690 341 690 341 768 272 768
227 1249 291 1249 291 1333 227 1333
