666 790 701 790 701 798 666 798
732 1221 768 1221 768 1230 732 1230
802 666 832 666 832 680 802 680
332 380 341 380 341 394 332 394
740 425 764 425 764 440 740 440
325 685 356 685 356 701 325 701
466 669 482 669 482 685 466 685
462 523 491 523 491 540 462 540
110 316 140 316 140 333 110 333
735 796 764 796 764 814 735 814
254 1001 273 1001 273 1019 254 1019
186 599 206 599 206 617 186 617
105 1381 148 1381 148 1399 105 1399
667 409 712 409 712 428 667 428
257 353 278 353 278 372 257 372
666 1369 694 1369 694 1388 666 1388
328 1176 348 1176 348 1196 328 1196
462 1192 491 1192 491 1212 462 1212
397 763 418 763 418 783 397 783
40 505 67 505 67 525 40 525
254 1349 275 1349 275 1370 254 1370
597 551 634 551 634 572 597 572
324 318 344 318 344 339 324 339
743 921 753 921 753 943 743 943
525 635 563 635 563 657 525 657
536 906 551 906 551 929 536 929
811 447 829 447 829 470 811 470
326 1275 345 1275 345 1298 326 1298
185 401 205 401 205 424 185 424
262 541 296 541 296 564 262 564
320 1402 360 1402 360 1425 320 1425
592 609 642 609 642 632 592 632
256 479 275 479 275 503 256 503
331 737 345 737 345 761 331 761
741 1078 758 1078 758 1102 741 1102
184 1356 202 1356 202 1380 184 1380
397 942 417 942 417 966 397 966
671 1242 694 1242 694 1266 671 1266
466 1045 486 1045 486 1069 466 1069
737 896 761 896 761 920 737 920
802 349 836 349 836 373 802 373
528 769 563 769 563 793 528 793
49 1367 63 1367 63 1392 49 1392
599 318 630 318 630 343 599 343
243 381 286 381 286 406 243 406
796 598 839 598 839 623 796 623
186 816 208 816 208 841 186 841
663 880 700 880 700 905 663 905
256 1125 277 1125 277 1151 256 1151
459 424 493 424 493 450 459 450
796 981 831 981 831 1007 796 1007
102 956 142 956 142 982 102 982
317 1008 362 1008 362 1034 317 1034
47 1051 69 1051 69 1077 47 1077
326 565 350 565 350 591 326 591
250 701 277 701 277 727 250 727
800 877 844 877 844 903 800 903
740 734 759 734 759 761 740 761
463 689 484 689 484 716 463 716
462 1356 490 1356 490 1383 462 1383
809 318 838 318 838 345 809 345
108 454 139 454 139 481 108 481
524 489 555 489 555 516 524 516
392 1090 427 1090 427 1117 392 1117
391 697 417 697 417 724 391 724
666 1096 706 1096 706 1123 666 1123
385 1017 426 1017 426 1044 385 1044
259 729 274 729 274 757 259 757
184 468 210 468 210 496 184 496
252 1094 278 1094 278 1122 252 1122
670 846 697 846 697 874 670 874
182 1379 212 1379 212 1407 182 1407
602 488 635 488 635 516 602 516
457 931 492 931 492 959 457 959
104 1275 141 1275 141 1303 104 1303
794 1045 840 1045 840 1073 794 1073
666 1270 698 1270 698 1298 666 1298
111 694 148 694 148 722 111 722
112 1398 152 1398 152 1426 112 1426
387 1118 429 1118 429 1146 387 1146
254 406 276 406 276 434 254 434
668 1064 697 1064 697 1092 668 1092
389 971 425 971 425 999 389 999
802 1010 833 1010 833 1039 802 1039
734 392 765 392 765 421 734 421
318 928 355 928 355 957 318 957
526 1323 563 1323 563 1352 526 1352
659 1297 700 1297 700 1326 659 1326
180 1400 225 1400 225 1429 180 1429
185 1095 203 1095 203 1125 185 1125
254 938 272 938 272 968 254 968
181 981 220 981 220 1011 181 1011
186 535 205 535 205 565 186 565
251 566 279 566 279 596 251 596
247 797 280 797 280 827 247 827
319 1196 354 1196 354 1226 319 1226
246 507 281 507 281 537 246 537
457 313 494 313 494 343 457 343
734 1271 774 1271 774 1301 734 1301
254 597 274 597 274 628 254 628
38 801 76 801 76 832 38 832
520 1108 567 1108 567 1139 520 1139
740 1149 753 1149 753 1180 740 1180
397 1192 423 1192 423 1223 397 1223
182 565 215 565 215 596 182 596
319 1303 353 1303 353 1334 319 1334
521 1218 566 1218 566 1249 521 1249
610 457 628 457 628 489 610 489
391 501 423 501 423 533 391 533
39 468 72 468 72 500 39 500
316 346 349 346 349 378 316 378
663 945 698 945 698 977 663 977
461 394 497 394 497 426 461 426
392 1358 428 1358 428 1390 392 1390
176 1198 215 1198 215 1230 176 1230
533 1287 553 1287 553 1319 533 1319
458 488 491 488 491 520 458 520
178 429 213 429 213 461 178 461
456 1259 495 1259 495 1291 456 1291
244 627 287 627 287 659 244 659
257 653 276 653 276 686 257 686
39 438 72 438 72 471 39 471
389 908 424 908 424 941 389 941
662 975 701 975 701 1008 662 1008
732 1183 772 1183 772 1216 732 1216
466 862 478 862 478 895 466 895
44 1083 63 1083 63 1116 44 1116
605 670 625 670 625 703 605 703
181 844 213 844 213 877 181 877
529 704 563 704 563 737 529 737
109 1303 144 1303 144 1336 109 1336
800 1263 836 1263 836 1296 800 1296
801 409 838 409 838 442 801 442
523 930 562 930 562 963 523 963
677 1125 691 1125 691 1158 677 1158
186 708 203 708 203 741 186 741
396 871 419 871 419 905 396 905
316 1333 349 1333 349 1367 316 1367
319 1106 357 1106 357 1140 319 1140
391 1388 430 1388 430 1422 391 1422
175 742 216 742 216 776 175 776
532 1249 552 1249 552 1283 532 1283
250 1153 279 1153 279 1187 250 1187
322 596 355 596 355 630 322 630
522 960 558 960 558 994 522 994
318 488 359 488 359 522 318 522
247 1282 289 1282 289 1316 247 1316
36 401 63 401 63 436 36 436
664 1327 696 1327 696 1362 664 1362
244 314 282 314 282 349 244 349
797 1383 842 1383 842 1418 797 1418
118 833 130 833 130 868 118 868
533 732 553 732 553 767 533 767
113 757 135 757 135 792 113 792
36 1154 73 1154 73 1189 36 1189
35 369 74 369 74 404 35 404
800 1113 840 1113 840 1148 800 1148
662 367 704 367 704 402 662 402
729 1235 773 1235 773 1270 729 1270
678 907 685 907 685 942 678 942
605 571 629 571 629 606 605 606
385 725 422 725 422 760 385 760
386 576 429 576 429 611 386 611
242 1018 291 1018 291 1053 242 1053
452 1161 504 1161 504 1196 452 1196
680 1159 688 1159 688 1195 680 1195
184 622 209 622 209 658 184 658
806 625 833 625 833 661 806 661
177 1122 211 1122 211 1158 177 1158
177 1228 215 1228 215 1264 177 1264
527 1070 567 1070 567 1106 527 1106
389 367 430 367 430 403 389 403
521 521 567 521 567 557 521 557
670 807 697 807 697 843 670 843
595 804 629 804 629 840 595 840
525 597 565 597 565 633 525 633
391 1270 433 1270 433 1306 391 1306
191 364 203 364 203 401 191 401
246 962 280 962 280 999 246 999
525 1035 559 1035 559 1072 525 1072
320 850 356 850 356 887 320 887
732 358 773 358 773 395 732 395
389 1149 431 1149 431 1186 389 1186
38 1329 81 1329 81 1366 38 1366
106 378 151 378 151 415 106 415
453 960 499 960 499 997 453 997
101 1243 150 1243 150 1280 101 1280
116 917 130 917 130 954 116 954
331 699 347 699 347 736 331 736
258 757 277 757 277 794 258 794
805 512 844 512 844 549 805 549
37 937 78 937 78 974 37 974
104 519 147 519 147 556 104 556
314 1039 359 1039 359 1076 314 1076
459 1126 490 1126 490 1163 459 1163
318 1136 353 1136 353 1173 318 1173
732 756 770 756 770 793 732 793
249 1312 287 1312 287 1349 249 1349
172 1059 218 1059 218 1096 172 1096
102 724 151 724 151 761 102 761
118 482 131 482 131 520 118 520
121 1204 136 1204 136 1242 121 1242
608 422 626 422 626 460 608 460
741 318 761 318 761 356 741 356
255 1054 276 1054 276 1092 255 1092
809 471 831 471 831 509 809 509
115 1168 142 1168 142 1206 115 1206
182 775 217 775 217 813 182 813
727 993 774 993 774 1031 727 1031
806 554 829 554 829 592 806 592
676 472 701 472 701 510 676 510
598 715 625 715 625 753 598 753
735 858 763 858 763 896 735 896
733 441 772 441 772 479 733 479
663 1202 704 1202 704 1240 663 1240
385 659 433 659 433 697 385 697
804 1195 828 1195 828 1234 804 1234
461 544 490 544 490 583 461 583
114 558 151 558 151 597 114 597
527 1137 566 1137 566 1176 527 1176
310 1366 366 1366 366 1405 310 1405
602 384 635 384 635 423 602 423
796 1297 841 1297 841 1336 796 1336
733 1340 767 1340 767 1379 733 1379
462 1383 501 1383 501 1422 462 1422
177 496 219 496 219 535 177 535
453 897 502 897 502 936 453 936
740 479 762 479 762 519 740 519
670 743 698 743 698 783 670 783
665 1387 695 1387 695 1427 665 1427
602 514 634 514 634 554 602 554
391 828 431 828 431 868 391 868
728 1305 775 1305 775 1345 728 1345
393 787 411 787 411 827 393 827
318 1070 348 1070 348 1110 318 1110
528 555 559 555 559 595 528 595
454 624 498 624 498 664 454 664
185 1158 199 1158 199 1199 185 1199
676 426 694 426 694 467 676 467
458 720 489 720 489 761 458 761
108 792 141 792 141 833 108 833
794 943 849 943 849 984 794 984
109 1339 149 1339 149 1380 109 1380
33 1293 79 1293 79 1334 33 1334
381 537 432 537 432 578 381 578
48 1248 72 1248 72 1289 48 1289
37 891 73 891 73 932 37 932
733 1035 771 1035 771 1076 733 1076
666 654 706 654 706 695 666 695
322 520 363 520 363 561 322 561
257 438 269 438 269 480 257 480
465 587 486 587 486 629 465 629
38 967 68 967 68 1009 38 1009
800 1075 831 1075 831 1117 800 1117
727 814 768 814 768 856 727 856
391 452 432 452 432 494 391 494
383 1229 436 1229 436 1271 383 1271
112 981 130 981 130 1023 112 1023
108 415 143 415 143 457 108 457
36 704 76 704 76 746 36 746
802 732 833 732 833 775 802 775
392 404 430 404 430 447 392 447
169 1313 214 1313 214 1356 169 1356
672 697 696 697 696 740 672 740
672 605 695 605 695 648 672 648
320 1229 346 1229 346 1272 320 1272
459 996 487 996 487 1039 459 1039
175 1267 215 1267 215 1310 175 1310
664 513 707 513 707 556 664 556
386 1045 429 1045 429 1088 386 1088
175 935 220 935 220 978 175 978
542 992 548 992 548 1036 542 1036
818 362 825 362 825 406 818 406
330 807 345 807 345 851 330 851
109 868 137 868 137 912 109 912
250 1374 279 1374 279 1418 250 1418
321 396 356 396 356 440 321 440
175 1014 212 1014 212 1058 175 1058
796 835 837 835 837 879 796 879
178 315 223 315 223 359 178 359
730 940 772 940 772 985 730 985
524 802 569 802 569 847 524 847
106 1075 151 1075 151 1120 106 1120
814 1326 822 1326 822 1371 814 1371
458 763 487 763 487 808 458 808
179 661 211 661 211 706 179 706
800 1151 835 1151 835 1196 800 1196
466 441 485 441 485 486 466 486
740 582 769 582 769 627 740 627
324 443 342 443 342 489 324 489
42 312 62 312 62 358 42 358
595 346 637 346 637 392 595 392
520 439 565 439 565 485 520 485
314 958 362 958 362 1004 314 1004
389 1311 428 1311 428 1358 389 1358
35 662 84 662 84 709 35 709
109 601 151 601 151 648 109 648
799 781 844 781 844 828 799 828
523 390 557 390 557 437 523 437
108 1029 143 1029 143 1076 108 1076
245 1234 289 1234 289 1281 245 1281
795 1222 842 1222 842 1269 795 1269
115 651 138 651 138 699 115 699
596 620 628 620 628 668 596 668
524 853 570 853 570 901 524 901
456 1212 492 1212 492 1260 456 1260
800 899 843 899 843 947 800 947
35 525 82 525 82 573 35 573
35 616 76 616 76 665 35 665
245 1191 290 1191 290 1240 245 1240
44 567 69 567 69 616 44 616
320 877 364 877 364 926 320 926
523 655 563 655 563 705 523 705
36 999 80 999 80 1049 36 1049
797 682 837 682 837 732 797 732
104 1116 149 1116 149 1166 104 1166
171 886 218 886 218 936 171 936
110 335 143 335 143 386 110 386
735 685 771 685 771 736 735 736
244 890 289 890 289 941 244 941
35 1112 83 1112 83 1163 35 1163
453 343 488 343 488 394 453 394
661 551 702 551 702 602 661 602
387 613 423 613 423 664 387 664
741 633 761 633 761 685 741 685
323 633 362 633 362 685 323 685
548 1168 556 1168 556 1221 548 1221
398 314 412 314 412 367 398 367
316 754 362 754 362 808 316 808
664 315 705 315 705 370 664 370
592 748 630 748 630 806 592 806
661 1007 696 1007 696 1066 661 1066
36 833 73 833 73 893 36 893
34 1190 77 1190 77 1250 34 1250
246 830 283 830 283 891 246 891
462 1068 486 1068 486 1130 462 1130
40 739 78 739 78 801 40 801
739 518 774 518 774 580 739 580
