792 733 819 733 819 746 792 746
410 1216 423 1216 423 1230 410 1230
91 1251 109 1251 109 1265 91 1265
66 472 83 472 83 487 66 487
147 1040 161 1040 161 1055 147 1055
85 988 103 988 103 1003 85 1003
468 410 497 410 497 425 468 425
535 493 568 493 568 508 535 508
600 767 629 767 629 783 600 783
404 1174 432 1174 432 1190 404 1190
397 935 443 935 443 951 397 951
545 538 556 538 556 554 545 554
793 367 823 367 823 383 793 383
665 1064 695 1064 695 1080 665 1080
80 728 98 728 98 745 80 745
605 586 626 586 626 603 605 603
273 727 295 727 295 745 273 745
400 915 433 915 433 933 400 933
343 735 363 735 363 753 343 753
146 941 168 941 168 959 146 959
62 516 92 516 92 534 62 534
402 1124 426 1124 426 1143 402 1143
197 627 238 627 238 646 197 646
260 510 285 510 285 529 260 529
198 647 251 647 251 666 198 666
206 567 228 567 228 587 206 587
272 1014 294 1014 294 1034 272 1034
214 307 238 307 238 327 214 327
602 1022 629 1022 629 1042 602 1042
800 879 814 879 814 900 800 900
63 448 81 448 81 469 63 469
146 673 166 673 166 694 146 694
341 1010 362 1010 362 1031 341 1031
273 1272 295 1272 295 1293 273 1293
670 834 692 834 692 855 670 855
351 496 376 496 376 517 351 517
96 454 109 454 109 476 96 476
415 700 431 700 431 722 415 722
788 424 827 424 827 446 788 446
674 481 692 481 692 503 674 503
79 1063 115 1063 115 1085 79 1085
276 674 293 674 293 696 276 696
406 1193 428 1193 428 1215 406 1215
608 431 625 431 625 454 608 454
605 1071 625 1071 625 1094 605 1094
531 859 566 859 566 882 531 882
137 961 175 961 175 984 137 984
261 529 289 529 289 552 261 552
528 343 570 343 570 366 528 366
661 1082 703 1082 703 1105 661 1105
266 485 277 485 277 509 266 509
531 556 575 556 575 580 531 580
64 308 105 308 105 332 64 332
148 580 162 580 162 604 148 604
791 582 822 582 822 606 791 606
597 998 633 998 633 1022 597 1022
789 1003 826 1003 826 1027 789 1027
533 436 571 436 571 460 533 460
795 1246 834 1246 834 1270 795 1270
72 1004 112 1004 112 1028 72 1028
65 420 78 420 78 445 65 445
606 709 624 709 624 734 606 734
407 889 428 889 428 914 407 914
466 341 498 341 498 366 466 366
90 477 112 477 112 502 90 502
472 909 502 909 502 934 472 934
264 1333 308 1333 308 1358 264 1358
149 886 163 886 163 911 149 911
795 1025 822 1025 822 1050 795 1050
665 1190 696 1190 696 1215 665 1215
534 405 569 405 569 430 534 430
793 340 834 340 834 365 793 365
266 457 280 457 280 483 266 483
341 674 357 674 357 700 341 700
676 659 691 659 691 685 676 685
468 1234 496 1234 496 1260 468 1260
80 962 109 962 109 988 80 988
465 519 498 519 498 545 465 545
664 414 702 414 702 440 664 440
69 754 114 754 114 780 69 780
608 1339 628 1339 628 1366 608 1366
402 384 440 384 440 411 402 411
397 409 435 409 435 436 397 436
597 454 636 454 636 481 597 481
666 729 702 729 702 756 666 756
79 780 116 780 116 807 79 807
532 579 570 579 570 606 532 606
412 945 429 945 429 972 412 972
741 379 767 379 767 406 741 406
665 588 702 588 702 615 665 615
138 984 172 984 172 1012 138 1012
214 732 228 732 228 760 214 760
607 522 623 522 623 550 607 550
275 823 293 823 293 851 275 851
541 507 563 507 563 535 541 535
93 505 118 505 118 533 93 533
792 703 833 703 833 731 792 731
148 1011 165 1011 165 1039 148 1039
92 1083 110 1083 110 1111 92 1111
404 477 436 477 436 505 404 505
601 851 635 851 635 879 601 879
276 955 290 955 290 984 276 984
210 508 224 508 224 537 210 537
89 1190 105 1190 105 1219 89 1219
735 448 763 448 763 477 735 477
797 930 830 930 830 959 797 959
663 1108 699 1108 699 1137 663 1137
529 1189 571 1189 571 1218 529 1218
85 932 101 932 101 961 85 961
341 951 359 951 359 980 341 980
285 491 315 491 315 520 285 520
532 1065 566 1065 566 1094 532 1094
264 644 303 644 303 673 264 673
75 667 94 667 94 697 75 697
61 486 84 486 84 516 61 516
797 898 827 898 827 928 797 928
467 1261 501 1261 501 1291 467 1291
266 355 303 355 303 385 266 385
469 942 506 942 506 972 469 972
605 608 624 608 624 638 605 638
794 608 821 608 821 638 794 638
795 786 824 786 824 816 795 816
465 1040 498 1040 498 1070 465 1070
666 382 700 382 700 412 666 412
787 672 826 672 826 702 787 702
744 408 753 408 753 438 744 438
85 1221 116 1221 116 1251 85 1251
600 966 638 966 638 996 600 996
272 387 292 387 292 418 272 418
793 387 826 387 826 418 793 418
66 639 106 639 106 670 66 670
272 1072 293 1072 293 1103 272 1103
269 693 302 693 302 724 269 724
266 1237 300 1237 300 1268 266 1268
265 1212 301 1212 301 1243 265 1243
344 1148 362 1148 362 1179 344 1179
77 336 107 336 107 367 77 367
202 534 234 534 234 565 202 565
138 1055 171 1055 171 1086 138 1086
291 522 315 522 315 554 291 554
795 1131 823 1131 823 1163 795 1163
141 910 169 910 169 942 141 942
267 791 304 791 304 823 267 823
466 1290 508 1290 508 1322 466 1322
270 981 298 981 298 1013 270 1013
336 1180 368 1180 368 1212 336 1212
402 723 439 723 439 755 402 755
83 1329 126 1329 126 1361 83 1361
531 1096 575 1096 575 1128 531 1128
330 486 344 486 344 519 330 519
291 458 307 458 307 491 291 491
212 698 229 698 229 731 212 731
85 1298 109 1298 109 1331 85 1331
404 502 432 502 432 535 404 535
71 695 102 695 102 728 71 728
602 1305 636 1305 636 1338 602 1338
215 665 227 665 227 698 215 698
204 440 232 440 232 473 204 473
86 420 117 420 117 453 86 453
264 1040 297 1040 297 1073 264 1073
599 1040 633 1040 633 1073 599 1073
78 1266 117 1266 117 1299 78 1299
529 1259 572 1259 572 1292 529 1292
408 1305 428 1305 428 1338 408 1338
407 971 427 971 427 1004 407 1004
339 1113 364 1113 364 1146 339 1146
337 763 367 763 367 796 337 796
140 637 171 637 171 670 140 670
598 732 630 732 630 765 598 765
330 647 370 647 370 680 330 680
326 450 345 450 345 484 326 484
540 460 560 460 560 494 540 494
799 638 821 638 821 672 799 672
402 1232 438 1232 438 1266 402 1266
660 986 698 986 698 1020 660 1020
795 1052 834 1052 834 1086 795 1086
207 329 228 329 228 363 207 363
600 550 631 550 631 584 600 584
401 580 437 580 437 614 401 614
268 1139 304 1139 304 1173 268 1173
788 847 830 847 830 881 788 881
600 880 635 880 635 914 600 914
269 1107 304 1107 304 1141 269 1141
135 520 172 520 172 554 135 554
332 976 369 976 369 1010 332 1010
468 829 507 829 507 863 468 863
791 818 833 818 833 852 791 852
662 1134 709 1134 709 1168 662 1168
272 1295 292 1295 292 1330 272 1330
670 756 700 756 700 791 670 791
535 1330 572 1330 572 1365 535 1365
139 307 159 307 159 342 139 342
207 402 230 402 230 437 207 437
269 853 294 853 294 888 269 888
408 664 439 664 439 699 408 699
137 859 175 859 175 894 137 894
133 343 172 343 172 378 133 378
686 1215 695 1215 695 1251 686 1251
340 829 359 829 359 865 340 865
532 652 564 652 564 688 532 688
729 340 764 340 764 376 729 376
532 1030 574 1030 574 1066 532 1066
670 1157 692 1157 692 1193 670 1193
803 1273 825 1273 825 1309 803 1309
269 419 293 419 293 455 269 455
336 698 364 698 364 734 336 734
467 773 508 773 508 809 467 809
393 1142 440 1142 440 1178 393 1178
147 604 164 604 164 640 147 640
734 566 760 566 760 602 734 602
129 221 173 221 173 257 129 257
207 590 227 590 227 627 207 627
599 483 632 483 632 520 599 520
798 1204 837 1204 837 1241 798 1241
211 364 229 364 229 401 211 401
341 1075 363 1075 363 1112 341 1112
335 791 361 791 361 828 335 828
267 891 305 891 305 928 267 928
614 636 631 636 631 674 614 674
75 367 94 367 94 405 75 405
674 442 694 442 694 480 674 480
144 697 166 697 166 735 144 735
140 776 164 776 164 814 140 814
338 1035 377 1035 377 1073 338 1073
664 899 704 899 704 937 664 937
531 689 572 689 572 727 531 727
205 760 234 760 234 798 205 798
350 451 380 451 380 489 350 489
470 644 506 644 506 682 470 682
542 368 556 368 556 406 542 406
334 913 371 913 371 951 334 951
658 1268 697 1268 697 1306 658 1306
594 1140 635 1140 635 1178 594 1178
598 390 640 390 640 429 598 429
82 809 104 809 104 848 82 848
404 342 428 342 428 381 404 381
353 519 379 519 379 558 353 558
267 1171 301 1171 301 1210 267 1210
659 859 701 859 701 898 659 898
338 355 363 355 363 394 338 394
268 922 301 922 301 961 268 961
465 1104 511 1104 511 1143 465 1143
136 379 163 379 163 419 136 419
789 745 828 745 828 785 789 785
660 1025 701 1025 701 1065 660 1065
792 495 833 495 833 535 792 535
462 370 505 370 505 410 462 410
662 549 707 549 707 589 662 589
738 478 758 478 758 518 738 518
471 868 501 868 501 908 471 908
83 1151 120 1151 120 1191 83 1191
467 545 505 545 505 585 467 585
135 735 173 735 173 775 135 775
462 1195 511 1195 511 1235 462 1235
272 309 297 309 297 350 272 350
598 667 623 667 623 708 598 708
82 1028 112 1028 112 1069 82 1069
459 1324 503 1324 503 1365 459 1365
199 473 245 473 245 514 199 514
395 1262 445 1262 445 1303 395 1303
138 547 165 547 165 588 138 588
463 1066 503 1066 503 1107 463 1107
796 1163 824 1163 824 1204 796 1204
266 553 307 553 307 594 266 594
592 1218 634 1218 634 1259 592 1259
669 688 696 688 696 730 669 730
336 398 366 398 366 440 336 440
534 886 564 886 564 928 534 928
531 1292 577 1292 577 1334 531 1334
686 790 698 790 698 832 686 832
665 616 697 616 697 658 665 658
594 1261 633 1261 633 1303 594 1303
660 504 701 504 701 546 660 546
526 1216 568 1216 568 1258 526 1258
528 986 571 986 571 1028 528 1028
332 557 376 557 376 599 332 599
457 426 501 426 501 468 457 468
334 312 365 312 365 354 334 354
273 748 295 748 295 791 273 791
268 599 301 599 301 642 268 642
400 756 442 756 442 799 400 799
76 1114 126 1114 126 1157 76 1157
334 601 369 601 369 644 334 644
131 420 178 420 178 463 131 463
76 894 114 894 114 938 76 938
790 961 829 961 829 1005 790 1005
790 539 824 539 824 583 790 583
663 939 700 939 700 984 663 984
401 536 436 536 436 581 401 581
467 470 507 470 507 515 467 515
66 537 112 537 112 582 66 582
596 1175 631 1175 631 1220 596 1220
789 1090 832 1090 832 1135 789 1135
142 814 173 814 173 860 142 860
468 730 504 730 504 776 468 776
532 725 573 725 573 771 532 771
415 839 423 839 423 885 415 885
410 618 435 618 435 664 410 664
77 848 115 848 115 894 77 894
474 683 505 683 505 730 474 730
410 433 429 433 429 481 410 481
528 770 567 770 567 818 528 818
532 808 565 808 565 857 532 857
133 467 172 467 172 516 133 516
528 606 574 606 574 655 528 655
598 344 634 344 634 393 598 393
599 795 636 795 636 844 599 844
727 601 770 601 770 650 727 650
405 794 432 794 432 843 405 843
789 447 830 447 830 496 789 496
729 515 768 515 768 565 729 565
790 1310 836 1310 836 1362 790 1362
465 1143 500 1143 500 1195 465 1195
67 582 103 582 103 634 67 634
332 862 368 862 368 914 332 914
468 982 504 982 504 1035 468 1035
401 1005 435 1005 435 1061 401 1061
532 1129 570 1129 570 1187 532 1187
