699 982 715 982 715 991 699 991
555 789 567 789 567 801 555 801
729 878 751 878 751 890 729 890
727 896 755 896 755 908 727 908
699 1291 715 1291 715 1304 699 1304
559 490 576 490 576 503 559 503
875 1056 901 1056 901 1070 875 1070
464 1241 492 1241 492 1255 464 1255
467 1183 491 1183 491 1197 467 1197
803 1184 848 1184 848 1199 803 1199
732 1055 749 1055 749 1071 732 1071
874 917 902 917 902 933 874 933
883 971 892 971 892 988 883 988
732 855 747 855 747 872 732 872
763 1029 784 1029 784 1046 763 1046
536 1278 561 1278 561 1296 536 1296
613 1248 627 1248 627 1266 613 1266
403 1334 422 1334 422 1352 403 1352
193 468 222 468 222 486 193 486
729 393 778 393 778 411 729 411
133 642 152 642 152 660 133 660
673 798 698 798 698 816 673 816
464 556 492 556 492 574 464 574
810 1251 840 1251 840 1269 810 1269
406 756 417 756 417 775 406 775
732 910 748 910 748 929 732 929
337 1115 357 1115 357 1134 337 1134
414 1045 442 1045 442 1064 414 1064
388 1198 422 1198 422 1217 388 1217
270 453 284 453 284 472 270 472
763 861 782 861 782 880 763 880
734 1030 748 1030 748 1049 734 1049
267 704 288 704 288 723 267 723
199 487 222 487 222 506 199 506
745 680 769 680 769 699 745 699
385 1101 411 1101 411 1120 385 1120
674 300 694 300 694 320 674 320
602 476 622 476 622 496 602 496
330 936 357 936 357 956 330 956
327 418 354 418 354 438 327 438
667 355 697 355 697 375 667 375
614 994 625 994 625 1014 614 1014
272 1344 288 1344 288 1364 272 1364
131 582 152 582 152 602 131 602
269 1204 290 1204 290 1224 269 1224
813 1158 835 1158 835 1178 813 1178
737 407 762 407 762 427 737 427
762 923 788 923 788 943 762 943
736 488 764 488 764 508 736 508
761 1050 791 1050 791 1070 761 1070
467 712 486 712 486 733 467 733
332 801 355 801 355 822 332 822
666 433 698 433 698 454 666 454
547 1086 556 1086 556 1107 547 1107
883 766 893 766 893 787 883 787
758 835 778 835 778 856 758 856
263 394 287 394 287 415 263 415
597 737 634 737 634 758 597 758
450 422 500 422 500 443 450 443
395 1139 412 1139 412 1160 395 1160
727 831 749 831 749 852 727 852
738 369 760 369 760 390 738 390
809 625 832 625 832 646 809 646
602 1226 636 1226 636 1247 602 1247
674 555 690 555 690 577 674 577
602 398 621 398 621 420 602 420
610 711 629 711 629 733 610 733
743 735 767 735 767 757 743 757
391 969 431 969 431 991 391 991
879 888 901 888 901 910 879 910
129 730 152 730 152 752 129 752
812 1199 835 1199 835 1221 812 1221
674 612 698 612 698 634 674 634
416 1069 441 1069 441 1091 416 1091
123 751 153 751 153 773 123 773
267 1366 298 1366 298 1388 267 1388
392 1121 407 1121 407 1144 392 1144
201 612 220 612 220 635 201 635
869 403 902 403 902 426 869 426
749 1341 761 1341 761 1364 749 1364
679 778 694 778 694 801 679 801
540 532 556 532 556 555 540 555
603 450 624 450 624 473 603 473
462 732 493 732 493 755 462 755
808 703 839 703 839 726 808 726
395 773 427 773 427 796 395 796
870 828 905 828 905 852 870 852
200 410 214 410 214 434 200 434
471 1302 489 1302 489 1326 471 1326
541 927 561 927 561 951 541 951
674 867 694 867 694 891 674 891
673 410 694 410 694 434 673 434
197 634 227 634 227 658 197 658
873 1029 906 1029 906 1053 873 1053
462 1157 495 1157 495 1181 462 1181
329 1177 360 1177 360 1202 329 1202
121 662 160 662 160 687 121 687
743 466 764 466 764 491 743 491
325 832 360 832 360 857 325 857
733 1004 747 1004 747 1029 733 1029
265 513 285 513 285 538 265 538
456 358 492 358 492 383 456 383
743 622 758 622 758 648 743 648
420 1124 439 1124 439 1150 420 1150
334 909 354 909 354 935 334 935
601 966 633 966 633 992 601 992
324 441 360 441 360 467 324 467
270 1146 284 1146 284 1172 270 1172
539 840 557 840 557 866 539 866
611 906 630 906 630 932 611 932
726 932 751 932 751 958 726 958
532 1152 562 1152 562 1178 532 1178
801 934 839 934 839 960 801 960
728 511 771 511 771 537 728 537
809 566 828 566 828 592 809 592
266 989 288 989 288 1015 266 1015
767 1002 790 1002 790 1028 767 1028
765 977 791 977 791 1003 765 1003
465 1329 493 1329 493 1355 465 1355
795 835 835 835 835 861 795 861
340 1262 355 1262 355 1289 340 1289
335 743 351 743 351 770 335 770
538 1209 559 1209 559 1236 538 1236
801 805 832 805 832 832 801 832
603 835 636 835 636 862 603 862
122 774 160 774 160 801 122 801
335 395 352 395 352 422 335 422
469 1002 491 1002 491 1029 469 1029
532 421 564 421 564 448 532 448
261 1232 293 1232 293 1259 261 1259
528 1183 567 1183 567 1210 528 1210
749 760 763 760 763 788 749 788
878 452 897 452 897 480 878 480
815 1223 834 1223 834 1251 815 1251
467 528 488 528 488 556 467 556
806 778 830 778 830 806 806 806
386 1073 412 1073 412 1101 386 1101
800 648 833 648 833 676 800 676
803 1272 844 1272 844 1300 803 1300
325 956 368 956 368 984 325 984
876 595 894 595 894 623 876 623
400 1357 421 1357 421 1385 400 1385
276 836 304 836 304 864 276 864
389 607 428 607 428 635 389 635
319 331 360 331 360 359 319 359
543 897 556 897 556 925 543 925
674 710 695 710 695 738 674 738
196 512 220 512 220 540 196 540
416 1094 440 1094 440 1122 416 1122
330 1053 362 1053 362 1081 330 1081
329 1233 363 1233 363 1261 329 1261
529 500 564 500 564 528 529 528
388 797 427 797 427 825 388 825
465 573 488 573 488 602 465 602
799 678 843 678 843 707 799 707
334 1322 355 1322 355 1351 334 1351
874 693 902 693 902 722 874 722
872 487 900 487 900 516 872 516
457 328 490 328 490 357 457 357
617 930 625 930 625 960 617 960
336 1292 359 1292 359 1322 336 1322
529 867 566 867 566 897 529 897
318 365 357 365 357 395 318 395
132 519 147 519 147 549 132 549
269 419 288 419 288 449 269 449
870 519 898 519 898 549 870 549
382 1045 415 1045 415 1075 382 1075
126 257 164 257 164 287 126 287
660 457 700 457 700 487 660 487
264 331 283 331 283 361 264 361
461 1357 499 1357 499 1387 461 1387
808 962 825 962 825 993 808 993
129 309 149 309 149 340 129 340
421 1153 444 1153 444 1184 421 1184
331 1084 362 1084 362 1115 331 1115
806 1103 838 1103 838 1134 806 1134
663 487 700 487 700 518 663 518
873 370 905 370 905 401 873 401
804 1129 838 1129 838 1160 804 1160
599 497 634 497 634 528 599 528
595 418 633 418 633 449 595 449
739 1318 778 1318 778 1349 739 1349
665 818 704 818 704 849 665 849
771 943 782 943 782 975 771 975
872 1139 906 1139 906 1171 872 1171
869 1073 907 1073 907 1105 869 1105
595 363 633 363 633 395 595 395
797 863 837 863 837 895 797 895
190 659 231 659 231 691 190 691
764 888 787 888 787 920 764 920
262 540 290 540 290 572 262 572
125 548 155 548 155 580 125 580
326 1020 366 1020 366 1052 326 1052
453 759 499 759 499 791 453 791
880 789 897 789 897 821 880 821
390 1164 409 1164 409 1196 390 1196
604 564 625 564 625 596 604 596
880 1106 901 1106 901 1138 880 1138
547 1048 570 1048 570 1080 547 1080
672 322 697 322 697 354 672 354
193 543 218 543 218 575 193 575
262 1015 289 1015 289 1047 262 1047
265 1171 294 1171 294 1203 265 1203
739 789 769 789 769 821 739 821
463 910 500 910 500 942 463 942
801 1069 842 1069 842 1101 801 1101
869 935 897 935 897 968 869 968
728 953 759 953 759 986 728 986
736 333 769 333 769 366 736 366
395 1301 430 1301 430 1334 395 1334
467 640 488 640 488 673 467 673
809 342 837 342 837 375 809 375
537 950 569 950 569 983 537 983
399 572 432 572 432 605 399 605
736 302 771 302 771 335 736 335
600 1265 637 1265 637 1298 600 1298
530 452 569 452 569 485 530 485
532 599 572 599 572 632 532 632
328 768 361 768 361 801 328 801
396 1270 429 1270 429 1303 396 1303
330 1143 364 1143 364 1176 330 1176
670 940 707 940 707 973 670 973
799 892 839 892 839 925 799 925
456 790 502 790 502 823 456 823
882 854 897 854 897 888 882 888
132 608 150 608 150 642 132 642
193 434 220 434 220 468 193 468
740 701 769 701 769 735 740 735
743 1281 773 1281 773 1315 743 1315
397 685 429 685 429 719 397 719
867 659 901 659 901 693 867 693
735 647 770 647 770 681 735 681
261 857 297 857 297 891 261 891
667 577 699 577 699 611 667 611
261 670 295 670 295 704 261 704
664 676 702 676 702 710 664 710
258 575 298 575 298 609 258 609
527 337 570 337 570 371 527 371
262 1319 297 1319 297 1354 262 1354
192 580 231 580 231 615 192 615
324 985 364 985 364 1020 324 1020
326 1353 373 1353 373 1388 326 1388
593 531 637 531 637 566 593 566
529 801 575 801 575 836 529 836
752 429 762 429 762 464 752 464
467 1031 496 1031 496 1066 467 1066
601 762 632 762 632 797 601 797
739 1121 771 1121 771 1156 739 1156
668 640 701 640 701 675 668 675
871 1231 906 1231 906 1266 871 1266
538 1018 567 1018 567 1054 538 1054
872 623 902 623 902 659 872 659
406 717 437 717 437 753 406 753
480 1259 489 1259 489 1295 480 1295
266 1281 282 1281 282 1317 266 1317
609 1298 636 1298 636 1334 609 1334
532 1236 568 1236 568 1272 532 1272
738 1157 775 1157 775 1193 738 1193
808 1349 845 1349 845 1385 808 1385
815 208 854 208 854 244 815 244
425 1184 436 1184 436 1221 425 1221
463 673 490 673 490 710 463 710
743 1356 774 1356 774 1393 743 1393
602 1102 634 1102 634 1139 602 1139
265 758 302 758 302 795 265 795
602 636 640 636 640 673 602 673
460 825 499 825 499 862 460 862
601 1140 640 1140 640 1177 601 1177
796 303 836 303 836 340 796 340
258 359 298 359 298 396 258 396
668 739 708 739 708 776 668 776
799 530 841 530 841 567 799 567
747 985 754 985 754 1022 747 1022
602 599 626 599 626 636 602 636
802 592 839 592 839 629 802 629
455 384 497 384 497 421 455 421
335 1199 353 1199 353 1236 335 1236
532 674 563 674 563 711 532 711
331 671 364 671 364 708 331 708
325 504 359 504 359 542 325 542
464 604 501 604 501 642 464 642
253 474 299 474 299 512 253 512
879 724 897 724 897 762 879 762
535 1107 561 1107 561 1145 535 1145
668 898 706 898 706 936 668 936
684 371 693 371 693 410 684 410
467 1199 490 1199 490 1238 467 1238
607 668 633 668 633 707 607 707
395 422 425 422 425 461 395 461
396 461 432 461 432 500 396 500
122 482 159 482 159 521 122 521
325 708 365 708 365 747 325 747
266 727 297 727 297 766 266 766
261 636 294 636 294 675 261 675
394 536 429 536 429 575 394 575
190 374 232 374 232 413 190 413
394 829 437 829 437 868 394 868
529 753 566 753 566 793 529 793
738 1079 775 1079 775 1119 738 1119
394 497 436 497 436 537 394 537
470 1116 491 1116 491 1156 470 1156
123 340 161 340 161 380 123 380
821 247 851 247 851 288 821 288
328 465 362 465 362 506 328 506
666 1197 703 1197 703 1238 666 1238
122 216 161 216 161 257 122 257
593 797 644 797 644 838 593 838
279 1256 290 1256 290 1297 279 1297
190 331 232 331 232 372 190 372
658 515 709 515 709 556 658 556
550 977 557 977 557 1019 550 1019
745 1192 770 1192 770 1234 745 1234
669 1239 704 1239 704 1281 669 1281
667 1153 704 1153 704 1195 667 1195
121 385 165 385 165 427 121 427
129 689 151 689 151 731 129 731
607 1179 630 1179 630 1221 607 1221
876 988 901 988 901 1030 876 1030
733 582 777 582 777 624 733 624
393 922 437 922 437 964 393 964
325 541 362 541 362 584 325 584
262 796 306 796 306 839 262 839
799 435 844 435 844 478 799 478
263 603 287 603 287 647 263 647
462 485 501 485 501 529 462 529
885 419 893 419 893 463 885 463
271 891 289 891 289 935 271 935
806 1024 838 1024 838 1068 806 1068
457 445 498 445 498 489 457 489
666 1042 708 1042 708 1086 666 1086
336 859 358 859 358 904 336 904
536 556 569 556 569 601 536 601
866 550 903 550 903 595 866 595
800 984 843 984 843 1029 800 1029
735 1234 778 1234 778 1280 735 1280
455 866 501 866 501 912 455 912
548 629 559 629 559 675 548 675
622 856 634 856 634 902 622 902
470 1072 492 1072 492 1118 470 1118
812 1300 842 1300 842 1346 812 1346
394 994 430 994 430 1040 394 1040
532 375 567 375 567 421 532 421
604 1052 639 1052 639 1098 604 1098
818 729 827 729 827 776 818 776
256 1052 304 1052 304 1099 256 1099
126 433 155 433 155 481 126 481
398 1222 431 1222 431 1270 398 1270
389 377 435 377 435 425 389 425
398 869 427 869 427 918 398 918
323 624 366 624 366 673 323 673
599 1013 636 1013 636 1062 599 1062
393 330 430 330 430 380 393 380
331 578 355 578 355 628 331 628
798 477 835 477 835 527 798 527
662 990 706 990 706 1040 662 1040
276 935 302 935 302 986 276 986
730 535 769 535 769 586 730 586
882 1169 891 1169 891 1227 882 1227
814 377 825 377 825 435 814 435
457 943 497 943 497 1002 457 1002
265 1094 295 1094 295 1154 265 1154
391 629 432 629 432 690 391 690
