833 327 854 327 854 335 833 335
837 1337 857 1337 857 1346 837 1346
740 385 752 385 752 395 740 395
678 938 693 938 693 951 678 951
616 779 633 779 633 792 616 792
669 954 703 954 703 967 669 967
731 396 761 396 761 410 731 410
808 340 818 340 818 354 808 354
137 1010 151 1010 151 1024 137 1024
549 415 576 415 576 429 549 429
405 1293 436 1293 436 1308 405 1308
767 343 783 343 783 358 767 358
912 1393 930 1393 930 1408 912 1408
280 1114 291 1114 291 1129 280 1129
691 1223 708 1223 708 1238 691 1238
200 819 229 819 229 834 200 834
646 945 656 945 656 961 646 961
411 592 438 592 438 608 411 608
911 1343 922 1343 922 1359 911 1359
805 298 818 298 818 314 805 314
827 619 845 619 845 636 827 636
893 339 907 339 907 356 893 356
756 592 773 592 773 609 756 609
909 1369 924 1369 924 1386 909 1386
683 304 701 304 701 321 683 321
626 538 645 538 645 555 626 555
822 1022 843 1022 843 1039 822 1039
644 802 664 802 664 820 644 820
894 1099 914 1099 914 1117 894 1117
672 866 693 866 693 884 672 884
891 1073 920 1073 920 1091 891 1091
767 299 782 299 782 317 767 317
273 1321 293 1321 293 1339 273 1339
896 616 914 616 914 635 896 635
803 319 822 319 822 338 803 338
670 614 699 614 699 633 670 633
821 753 852 753 852 772 821 772
642 878 654 878 654 897 642 897
345 1057 358 1057 358 1076 345 1076
681 520 710 520 710 539 681 539
130 392 162 392 162 411 130 411
808 1340 825 1340 825 1359 808 1359
890 1228 915 1228 915 1247 890 1247
759 1019 779 1019 779 1039 759 1039
352 1036 373 1036 373 1056 352 1056
828 1143 853 1143 853 1163 828 1163
885 1366 895 1366 895 1386 885 1386
694 1269 710 1269 710 1289 694 1289
613 794 637 794 637 814 613 814
624 1267 658 1267 658 1287 624 1287
874 1323 899 1323 899 1344 874 1344
685 1353 713 1353 713 1374 685 1374
681 763 694 763 694 784 681 784
694 1162 709 1162 709 1183 694 1183
414 757 429 757 429 778 414 778
567 1361 584 1361 584 1382 567 1382
119 1277 152 1277 152 1298 119 1298
557 1086 596 1086 596 1107 557 1107
811 1318 822 1318 822 1340 811 1340
809 1360 823 1360 823 1382 809 1382
346 413 363 413 363 435 346 435
672 641 695 641 695 663 672 663
669 886 696 886 696 908 669 908
669 701 699 701 699 723 669 723
887 857 930 857 930 879 887 879
894 555 909 555 909 578 894 578
736 359 752 359 752 382 736 382
825 555 843 555 843 578 825 578
477 1154 499 1154 499 1177 477 1177
474 720 509 720 509 743 474 743
617 560 652 560 652 583 617 583
881 1343 894 1343 894 1366 881 1366
707 642 722 642 722 665 707 665
760 960 775 960 775 983 760 983
882 1388 901 1388 901 1411 882 1411
835 297 855 297 855 320 835 320
705 798 730 798 730 821 705 821
562 1063 591 1063 591 1086 562 1086
268 357 298 357 298 380 268 380
550 745 584 745 584 768 550 768
617 641 653 641 653 664 617 664
814 1265 826 1265 826 1288 814 1288
708 615 723 615 723 638 708 638
626 480 642 480 642 503 626 503
614 817 636 817 636 840 614 840
623 1163 654 1163 654 1186 623 1186
772 318 780 318 780 342 772 342
811 1292 824 1292 824 1316 811 1316
835 1308 863 1308 863 1332 835 1332
702 767 733 767 733 791 702 791
268 1372 300 1372 300 1396 268 1396
898 1015 912 1015 912 1039 898 1039
761 1341 775 1341 775 1365 761 1365
674 820 695 820 695 844 674 844
894 773 916 773 916 797 894 797
906 747 929 747 929 771 906 771
816 776 856 776 856 800 816 800
744 1222 787 1222 787 1246 744 1246
643 897 657 897 657 922 643 922
628 1354 645 1354 645 1379 628 1379
638 779 656 779 656 804 638 804
197 679 231 679 231 704 197 704
910 1316 924 1316 924 1341 910 1341
640 851 663 851 663 876 640 876
765 417 789 417 789 442 765 442
818 584 844 584 844 609 818 609
193 1332 223 1332 223 1357 193 1357
750 1194 781 1194 781 1219 750 1219
762 736 776 736 776 761 762 761
618 846 639 846 639 871 618 871
908 1289 933 1289 933 1314 908 1314
203 423 234 423 234 448 203 448
117 1333 149 1333 149 1358 117 1358
265 962 298 962 298 987 265 987
399 1341 432 1341 432 1366 399 1366
192 1261 227 1261 227 1286 192 1286
257 326 306 326 306 351 257 351
758 534 771 534 771 560 758 560
828 1201 842 1201 842 1227 828 1227
408 941 433 941 433 967 408 967
753 761 780 761 780 787 753 787
817 958 850 958 850 984 817 984
400 827 433 827 433 853 400 853
888 801 923 801 923 827 888 827
546 811 595 811 595 837 546 837
763 366 790 366 790 392 763 392
197 706 228 706 228 732 197 732
128 800 162 800 162 826 128 826
197 360 232 360 232 386 197 386
193 502 231 502 231 528 193 528
328 1002 369 1002 369 1028 328 1028
114 1215 155 1215 155 1241 114 1241
901 881 916 881 916 908 901 908
627 712 642 712 642 739 627 739
763 392 788 392 788 419 763 419
266 497 296 497 296 524 266 524
126 954 157 954 157 981 126 981
128 635 159 635 159 662 128 662
683 1376 717 1376 717 1403 683 1403
560 1385 596 1385 596 1412 560 1412
619 960 658 960 658 987 619 987
674 396 715 396 715 423 674 423
206 950 223 950 223 977 206 977
685 1240 721 1240 721 1267 685 1267
122 981 160 981 160 1008 122 1008
882 1252 924 1252 924 1279 882 1279
815 1382 822 1382 822 1409 815 1409
807 358 822 358 822 385 807 385
711 908 728 908 728 935 711 935
484 624 504 624 504 651 484 651
735 332 760 332 760 359 735 359
621 1381 649 1381 649 1408 621 1408
702 880 731 880 731 907 702 907
560 970 589 970 589 997 560 997
704 974 734 974 734 1001 704 1001
407 406 442 406 442 433 407 433
748 791 786 791 786 818 748 818
881 1121 924 1121 924 1148 881 1148
677 840 693 840 693 868 677 868
201 984 224 984 224 1012 201 1012
704 821 727 821 727 849 704 849
688 1187 715 1187 715 1215 688 1215
836 1078 846 1078 846 1106 836 1106
675 907 695 907 695 935 675 935
900 1197 913 1197 913 1226 900 1226
761 1172 778 1172 778 1201 761 1201
554 625 573 625 573 654 554 654
880 1290 902 1290 902 1319 880 1319
702 701 725 701 725 730 702 730
677 730 700 730 700 759 677 759
638 822 661 822 661 851 638 851
888 582 913 582 913 611 888 611
623 1328 649 1328 649 1357 623 1357
707 851 734 851 734 880 707 880
890 827 922 827 922 856 890 856
617 505 651 505 651 534 617 534
333 1345 370 1345 370 1374 333 1374
679 1093 719 1093 719 1122 679 1122
884 249 931 249 931 278 884 278
708 672 722 672 722 701 708 701
411 1264 426 1264 426 1293 411 1293
734 301 761 301 761 330 734 330
678 541 718 541 718 570 678 570
885 678 925 678 925 707 885 707
622 878 634 878 634 907 622 907
675 666 704 666 704 695 675 695
668 581 698 581 698 610 668 610
818 524 853 524 853 553 818 553
406 515 442 515 442 544 406 544
124 518 160 518 160 547 124 547
820 689 858 689 858 718 820 718
405 1310 435 1310 435 1340 405 1340
618 612 651 612 651 642 618 642
480 1119 494 1119 494 1149 480 1149
343 522 370 522 370 552 343 552
834 1383 863 1383 863 1413 834 1413
820 1228 851 1228 851 1258 820 1258
332 1375 370 1375 370 1405 332 1405
682 1289 722 1289 722 1319 682 1319
115 1301 157 1301 157 1331 115 1331
832 718 847 718 847 749 832 749
751 560 780 560 780 591 751 591
700 582 730 582 730 613 700 613
199 871 231 871 231 902 199 902
889 394 923 394 923 425 889 425
393 1168 437 1168 437 1199 393 1199
613 583 655 583 655 614 613 614
747 654 791 654 791 685 747 685
686 487 702 487 702 519 686 519
636 918 661 918 661 950 636 950
815 492 851 492 851 524 815 524
753 821 791 821 791 853 753 853
541 558 583 558 583 590 541 590
751 985 780 985 780 1017 751 1017
890 1040 920 1040 920 1072 890 1072
676 359 712 359 712 391 676 391
127 600 164 600 164 632 127 632
556 840 596 840 596 872 556 872
119 1070 160 1070 160 1102 119 1102
814 840 856 840 856 872 814 872
566 908 580 908 580 940 566 940
403 1369 435 1369 435 1401 403 1401
538 299 576 299 576 331 538 331
121 924 161 924 161 956 121 956
124 320 170 320 170 352 124 352
895 909 919 909 919 942 895 942
683 785 691 785 691 818 683 818
694 1314 708 1314 708 1347 694 1347
275 778 294 778 294 811 275 811
401 1197 432 1197 432 1230 401 1230
265 853 300 853 300 886 265 886
265 928 304 928 304 961 265 961
561 1219 603 1219 603 1252 561 1252
329 1229 373 1229 373 1262 329 1262
686 461 702 461 702 495 686 495
709 936 727 936 727 970 709 970
823 1043 848 1043 848 1077 823 1077
563 1291 588 1291 588 1325 563 1325
558 1151 594 1151 594 1185 558 1185
815 923 856 923 856 957 815 957
674 326 717 326 717 360 674 360
206 326 223 326 223 360 206 360
622 741 648 741 648 775 622 775
703 730 734 730 734 764 703 764
198 784 232 784 232 818 198 818
402 1001 437 1001 437 1035 402 1035
745 503 785 503 785 537 745 537
822 1107 848 1107 848 1141 822 1141
680 1059 718 1059 718 1093 680 1093
186 1132 224 1132 224 1166 186 1166
569 1108 584 1108 584 1143 569 1143
562 873 583 873 583 908 562 908
752 1371 781 1371 781 1406 752 1406
816 985 852 985 852 1020 816 1020
556 1324 593 1324 593 1359 556 1359
411 970 428 970 428 1005 411 1005
274 529 294 529 294 564 274 564
264 1179 299 1179 299 1214 264 1214
115 1243 154 1243 154 1278 115 1278
751 924 790 924 790 959 751 959
483 499 503 499 503 535 483 535
891 983 914 983 914 1019 891 1019
558 995 595 995 595 1031 558 1031
750 850 788 850 788 886 750 886
263 1031 302 1031 302 1067 263 1067
618 1230 657 1230 657 1266 618 1266
202 735 228 735 228 771 202 771
269 1073 303 1073 303 1109 269 1109
336 326 378 326 378 362 336 362
402 368 449 368 449 404 402 404
278 457 291 457 291 494 278 494
267 1284 295 1284 295 1321 267 1321
620 1036 652 1036 652 1073 620 1073
339 484 372 484 372 521 339 521
887 639 925 639 925 676 887 676
267 693 305 693 305 730 267 730
894 299 907 299 907 336 894 336
817 800 853 800 853 837 817 837
332 1128 372 1128 372 1165 332 1165
743 405 751 405 751 443 743 443
490 796 498 796 498 834 490 834
750 1131 785 1131 785 1169 750 1169
814 405 852 405 852 443 814 443
196 1168 223 1168 223 1206 196 1206
679 1123 720 1123 720 1161 679 1161
541 587 585 587 585 625 541 625
396 1086 446 1086 446 1124 396 1124
840 1267 857 1267 857 1305 840 1305
895 705 916 705 916 743 895 743
269 813 301 813 301 851 269 851
126 662 161 662 161 700 126 700
884 519 920 519 920 557 884 557
888 946 925 946 925 984 888 984
263 564 301 564 301 602 263 602
619 1191 661 1191 661 1229 619 1229
198 385 241 385 241 423 198 423
206 463 223 463 223 502 206 502
755 613 780 613 780 652 755 652
552 703 587 703 587 742 552 742
557 933 593 933 593 972 557 972
192 839 232 839 232 878 192 878
400 902 442 902 442 941 400 941
396 1228 445 1228 445 1267 396 1267
681 965 691 965 691 1004 681 1004
289 594 300 594 300 633 289 633
343 592 366 592 366 631 343 631
337 691 377 691 377 730 337 730
553 1028 597 1028 597 1067 553 1067
817 1163 850 1163 850 1203 817 1203
563 1179 595 1179 595 1219 563 1219
887 479 921 479 921 519 887 519
194 916 228 916 228 956 194 956
190 1290 232 1290 232 1330 190 1330
122 1026 152 1026 152 1066 122 1066
130 347 164 347 164 387 130 387
558 1253 600 1253 600 1293 558 1293
397 1127 441 1127 441 1167 397 1167
209 1359 220 1359 220 1400 209 1400
625 665 642 665 642 706 625 706
549 330 575 330 575 371 549 371
131 826 162 826 162 867 131 867
622 1287 662 1287 662 1328 622 1328
132 708 162 708 162 749 132 749
609 439 649 439 649 480 609 480
257 1337 301 1337 301 1378 257 1378
263 884 301 884 301 926 263 926
406 546 441 546 441 588 406 588
750 882 792 882 792 924 750 924
886 202 932 202 932 244 886 244
883 351 930 351 930 393 883 393
116 876 164 876 164 918 116 918
681 422 706 422 706 464 681 464
339 553 374 553 374 595 339 595
813 441 849 441 849 484 813 484
553 770 590 770 590 813 553 813
329 1301 366 1301 366 1344 329 1344
325 1261 375 1261 375 1304 325 1304
544 371 581 371 581 414 544 414
542 515 593 515 593 558 542 558
747 1300 786 1300 786 1344 747 1344
474 455 515 455 515 499 474 499
612 1075 656 1075 656 1119 612 1119
116 1167 162 1167 162 1211 116 1211
119 1360 159 1360 159 1404 119 1404
262 1220 304 1220 304 1264 262 1264
546 474 580 474 580 518 546 518
260 988 299 988 299 1032 260 1032
196 634 239 634 239 678 196 678
467 895 510 895 510 939 467 939
406 704 444 704 444 749 406 749
472 749 510 749 510 794 472 794
125 471 168 471 168 516 125 516
343 440 376 440 376 485 343 485
541 432 586 432 586 477 541 477
879 427 925 427 925 472 879 472
403 473 449 473 449 518 403 518
749 1040 793 1040 793 1086 749 1086
400 1037 445 1037 445 1083 400 1083
327 857 374 857 374 903 327 903
265 379 304 379 304 425 265 425
404 664 444 664 444 710 404 710
327 906 369 906 369 952 327 952
607 295 650 295 650 341 607 341
200 521 227 521 227 567 200 567
276 1130 284 1130 284 1177 276 1177
337 1085 368 1085 368 1132 337 1132
755 1085 777 1085 777 1132 755 1132
268 415 306 415 306 462 268 462
609 988 661 988 661 1035 609 1035
403 778 443 778 443 826 403 826
400 324 445 324 445 372 400 372
615 1117 661 1117 661 1165 615 1165
477 838 501 838 501 886 477 886
889 1151 924 1151 924 1200 889 1200
682 1008 717 1008 717 1057 682 1057
406 613 443 613 443 663 406 663
402 851 439 851 439 901 402 901
185 1208 227 1208 227 1258 185 1258
472 990 508 990 508 1040 472 1040
349 725 358 725 358 776 349 776
337 788 373 788 373 839 337 839
609 341 650 341 650 392 609 392
329 1176 364 1176 364 1227 329 1227
335 366 379 366 379 417 335 417
474 941 501 941 501 993 474 993
753 1249 786 1249 786 1301 753 1301
822 874 847 874 847 926 822 926
746 444 787 444 787 496 746 496
471 1173 512 1173 512 1225 471 1225
259 729 304 729 304 782 259 782
133 416 159 416 159 470 133 470
126 548 161 548 161 602 126 602
118 1111 166 1111 166 1166 118 1166
192 568 239 568 239 625 192 625
194 1012 232 1012 232 1069 194 1069
193 1072 228 1072 228 1131 193 1131
751 685 787 685 787 745 751 745
339 632 372 632 372 694 339 694
477 656 507 656 507 719 477 719
265 628 303 628 303 693 265 693
472 535 514 535 514 623 472 623
