878 984 897 984 897 993 878 993
917 437 928 437 928 450 917 450
276 876 296 876 296 889 276 889
622 372 635 372 635 386 622 386
918 533 928 533 928 548 918 548
764 601 781 601 781 616 764 616
548 445 566 445 566 460 548 460
464 1095 486 1095 486 1110 464 1110
621 1367 635 1367 635 1383 621 1383
126 568 142 568 142 584 126 584
475 846 491 846 491 862 475 862
335 841 352 841 352 857 335 857
264 543 283 543 283 559 264 559
397 440 417 440 417 456 397 456
622 738 640 738 640 754 622 754
498 1092 524 1092 524 1108 498 1108
553 831 571 831 571 848 553 848
464 1078 488 1078 488 1095 464 1095
557 922 572 922 572 939 557 939
130 1189 147 1189 147 1206 130 1206
829 730 848 730 848 747 829 747
688 839 718 839 718 856 688 856
130 889 148 889 148 906 130 906
467 1137 488 1137 488 1154 467 1154
634 1104 655 1104 655 1121 634 1121
194 412 216 412 216 429 194 429
546 570 573 570 573 587 546 587
824 346 853 346 853 363 824 363
264 1082 285 1082 285 1100 264 1100
274 1299 300 1299 300 1317 274 1317
557 1161 576 1161 576 1179 557 1179
124 1331 151 1331 151 1349 124 1349
331 544 359 544 359 562 331 562
895 781 915 781 915 800 895 800
263 628 284 628 284 647 263 647
498 1175 522 1175 522 1194 498 1194
246 1290 266 1290 266 1309 246 1309
129 1254 144 1254 144 1273 129 1273
697 892 723 892 723 911 697 911
555 1182 586 1182 586 1201 555 1201
613 1320 645 1320 645 1339 613 1339
258 1207 290 1207 290 1226 258 1226
764 539 779 539 779 559 764 559
551 392 566 392 566 412 551 412
884 396 903 396 903 416 884 416
554 491 574 491 574 511 554 511
558 1297 583 1297 583 1317 558 1317
191 557 219 557 219 577 191 577
823 314 857 314 857 334 823 334
625 1199 638 1199 638 1220 625 1220
131 1133 148 1133 148 1154 131 1154
693 815 715 815 715 836 693 836
464 1180 490 1180 490 1201 464 1201
472 1157 483 1157 483 1178 472 1178
878 961 899 961 899 982 878 982
396 382 414 382 414 403 396 403
263 487 283 487 283 508 263 508
473 566 486 566 486 588 473 588
766 1172 783 1172 783 1194 766 1194
470 307 492 307 492 329 470 329
468 1022 490 1022 490 1044 468 1044
609 344 646 344 646 366 609 366
128 510 145 510 145 532 128 532
556 1103 574 1103 574 1125 556 1125
563 1270 582 1270 582 1292 563 1292
247 775 270 775 270 797 247 797
611 215 645 215 645 237 611 237
614 1259 648 1259 648 1281 614 1281
564 976 575 976 575 999 564 999
624 680 639 680 639 703 624 703
828 666 844 666 844 689 828 689
264 1022 284 1022 284 1045 264 1045
242 1314 267 1314 267 1337 242 1337
495 1022 522 1022 522 1045 495 1045
254 306 292 306 292 329 254 329
119 1034 158 1034 158 1057 119 1057
753 870 788 870 788 893 753 893
537 467 578 467 578 490 537 490
690 915 724 915 724 938 690 938
499 1069 516 1069 516 1093 499 1093
903 311 923 311 923 335 903 335
478 991 510 991 510 1015 478 1015
253 672 291 672 291 696 253 696
693 520 711 520 711 544 693 544
554 853 572 853 572 877 554 877
566 1203 586 1203 586 1227 566 1227
633 1064 658 1064 658 1088 633 1088
480 964 506 964 506 988 480 988
905 1075 931 1075 931 1099 905 1099
247 706 276 706 276 730 247 730
767 1339 799 1339 799 1363 767 1363
393 462 426 462 426 486 393 486
122 1005 156 1005 156 1029 122 1029
196 348 215 348 215 373 196 373
911 550 939 550 939 575 911 575
257 645 287 645 287 670 257 670
822 787 858 787 858 812 822 812
335 489 349 489 349 514 335 514
901 718 916 718 916 743 901 743
277 1387 299 1387 299 1412 277 1412
464 1111 489 1111 489 1136 464 1136
554 1320 586 1320 586 1345 554 1345
252 799 263 799 263 824 252 824
265 563 280 563 280 588 265 588
245 827 265 827 265 852 245 852
499 1044 521 1044 521 1069 499 1069
499 1110 524 1110 524 1135 499 1135
611 1383 640 1383 640 1408 611 1408
687 638 717 638 717 663 687 663
253 1229 294 1229 294 1254 253 1254
626 874 639 874 639 900 626 900
468 1200 487 1200 487 1226 468 1226
329 516 357 516 357 542 329 542
596 1000 624 1000 624 1026 596 1026
275 782 304 782 304 808 275 808
334 988 364 988 364 1014 334 1014
464 208 500 208 500 234 464 234
200 530 215 530 215 556 200 556
129 912 152 912 152 938 129 938
885 924 923 924 923 950 885 950
693 440 708 440 708 467 693 467
252 1261 269 1261 269 1288 252 1288
402 748 420 748 420 775 402 775
634 957 655 957 655 984 634 984
549 1002 581 1002 581 1029 549 1029
394 779 432 779 432 806 394 806
131 731 148 731 148 758 131 758
131 1305 150 1305 150 1332 131 1332
340 740 355 740 355 767 340 767
622 311 639 311 639 338 622 338
763 691 782 691 782 718 763 718
905 1099 932 1099 932 1126 905 1126
684 864 720 864 720 891 684 891
609 1339 646 1339 646 1366 609 1366
539 593 577 593 577 620 539 620
120 1351 160 1351 160 1378 120 1378
115 347 156 347 156 375 115 375
405 528 420 528 420 556 405 556
194 503 217 503 217 531 194 531
271 922 298 922 298 950 271 950
544 510 572 510 572 538 544 538
911 999 939 999 939 1027 911 1027
319 569 362 569 362 597 319 597
765 1307 794 1307 794 1336 765 1336
188 580 224 580 224 609 188 609
817 935 859 935 859 964 817 964
553 540 568 540 568 569 553 569
122 1274 150 1274 150 1303 122 1303
258 510 287 510 287 539 258 539
394 809 434 809 434 838 394 838
329 1015 369 1015 369 1044 329 1044
408 881 422 881 422 910 408 910
497 1193 525 1193 525 1222 497 1222
121 859 161 859 161 888 121 888
695 747 709 747 709 777 695 777
134 977 148 977 148 1007 134 1007
561 941 583 941 583 971 561 971
463 1047 488 1047 488 1077 463 1077
822 597 849 597 849 627 822 627
617 1219 648 1219 648 1249 617 1249
274 751 306 751 306 781 274 781
889 685 923 685 923 715 889 715
704 378 713 378 713 408 704 408
342 954 358 954 358 984 342 984
472 779 491 779 491 809 472 809
468 589 493 589 493 619 468 619
762 1068 790 1068 790 1098 762 1098
687 408 716 408 716 438 687 438
406 913 439 913 439 943 406 943
881 424 902 424 902 455 881 455
631 1030 660 1030 660 1061 631 1061
545 411 577 411 577 442 545 442
389 405 422 405 422 436 389 436
119 591 157 591 157 622 119 622
255 958 295 958 295 989 255 989
911 450 940 450 940 481 911 481
120 535 149 535 149 566 120 566
890 746 924 746 924 777 890 777
268 1173 285 1173 285 1205 268 1205
898 844 915 844 915 876 898 876
121 760 157 760 157 792 121 792
395 560 424 560 424 592 395 592
820 690 849 690 849 722 820 722
758 1099 790 1099 790 1131 758 1131
392 712 430 712 430 744 392 744
383 352 431 352 431 384 383 384
194 465 218 465 218 497 194 497
130 792 158 792 158 824 130 824
272 1321 304 1321 304 1353 272 1353
759 352 792 352 792 384 759 384
190 377 224 377 224 409 190 409
124 944 160 944 160 976 124 976
550 1127 586 1127 586 1159 550 1159
480 1227 518 1227 518 1259 480 1259
122 660 160 660 160 692 122 692
258 1048 288 1048 288 1081 258 1081
271 1352 304 1352 304 1385 271 1385
270 888 303 888 303 921 270 921
256 422 294 422 294 455 256 455
821 371 860 371 860 404 821 404
754 227 798 227 798 260 754 260
475 1259 522 1259 522 1292 475 1292
259 456 283 456 283 489 259 489
630 990 657 990 657 1023 630 1023
758 721 788 721 788 754 758 754
761 1195 792 1195 792 1228 761 1228
272 847 304 847 304 880 272 880
122 824 168 824 168 857 122 857
905 1038 935 1038 935 1072 905 1072
822 210 854 210 854 244 822 244
689 548 721 548 721 582 689 582
758 618 790 618 790 652 758 652
547 793 582 793 582 827 547 827
885 806 927 806 927 840 885 840
827 861 844 861 844 895 827 895
123 476 153 476 153 510 123 510
616 701 652 701 652 735 616 735
819 751 859 751 859 785 819 785
253 991 304 991 304 1025 253 1025
263 1104 292 1104 292 1138 263 1138
468 809 500 809 500 843 468 843
756 564 789 564 789 598 756 598
543 761 577 761 577 795 543 795
131 694 148 694 148 729 131 729
124 1155 156 1155 156 1190 124 1190
329 666 363 666 363 701 329 701
756 994 793 994 793 1029 756 1029
616 793 654 793 654 828 616 828
686 777 727 777 727 812 686 812
816 631 861 631 861 666 816 666
380 314 428 314 428 349 380 349
321 707 369 707 369 742 321 742
550 1030 579 1030 579 1065 550 1065
615 759 650 759 650 794 615 794
888 577 924 577 924 612 888 612
330 630 357 630 357 666 330 666
762 1274 793 1274 793 1310 762 1310
276 713 305 713 305 749 276 749
398 675 431 675 431 711 398 711
255 251 291 251 291 287 255 287
269 590 277 590 277 626 269 626
263 1137 287 1137 287 1173 263 1173
689 706 726 706 726 742 689 742
255 217 295 217 295 253 255 253
688 667 729 667 729 703 688 703
461 236 507 236 507 272 461 272
911 490 938 490 938 527 911 527
271 1261 305 1261 305 1298 271 1298
326 597 366 597 366 634 326 634
611 904 651 904 651 941 611 941
330 400 357 400 357 437 330 437
467 377 498 377 498 414 467 414
764 1132 802 1132 802 1169 764 1169
763 1368 802 1368 802 1405 763 1405
122 623 146 623 146 661 122 661
755 811 791 811 791 849 755 849
607 1281 647 1281 647 1319 607 1319
548 1064 592 1064 592 1102 548 1102
888 609 913 609 913 647 888 647
330 770 356 770 356 808 330 808
329 865 362 865 362 903 329 903
331 804 366 804 366 842 331 842
467 712 505 712 505 750 467 750
753 1030 798 1030 798 1068 753 1068
399 845 428 845 428 883 399 883
756 308 789 308 789 346 756 346
119 246 157 246 157 284 119 284
818 894 860 894 860 932 818 932
115 303 161 303 161 341 115 341
768 650 791 650 791 689 768 689
822 558 851 558 851 597 822 597
394 600 430 600 430 639 394 639
276 808 301 808 301 847 276 847
614 1164 648 1164 648 1203 614 1203
760 1229 794 1229 794 1268 760 1268
120 1212 158 1212 158 1251 120 1251
611 1124 649 1124 649 1163 611 1163
123 1056 164 1056 164 1095 123 1095
754 502 792 502 792 542 754 542
889 338 930 338 930 378 889 378
320 357 364 357 364 397 320 397
883 461 898 461 898 501 883 501
691 940 715 940 715 980 691 980
611 640 653 640 653 680 611 680
542 625 576 625 576 665 542 665
613 830 649 830 649 870 613 870
540 1229 591 1229 591 1270 540 1270
824 819 851 819 851 860 824 860
891 640 923 640 923 682 891 682
478 1371 517 1371 517 1413 478 1413
683 337 725 337 725 379 683 379
390 488 435 488 435 530 390 530
459 520 504 520 504 562 459 562
542 719 579 719 579 761 542 761
688 981 726 981 726 1023 688 1023
543 352 583 352 583 394 543 394
253 378 297 378 297 420 253 420
471 331 487 331 487 374 471 374
915 389 938 389 938 432 915 432
476 916 503 916 503 959 476 959
188 304 225 304 225 347 188 347
479 1287 521 1287 521 1330 479 1330
119 1090 163 1090 163 1133 119 1133
607 446 652 446 652 489 607 489
470 743 498 743 498 786 470 786
886 876 925 876 925 919 886 919
760 766 790 766 790 810 760 810
332 907 363 907 363 951 332 951
476 1328 515 1328 515 1372 476 1372
254 728 263 728 263 772 254 772
186 430 224 430 224 474 186 474
113 379 157 379 157 423 113 423
613 545 646 545 646 589 613 589
472 866 505 866 505 910 472 910
542 309 582 309 582 353 542 353
457 422 503 422 503 467 457 467
458 623 507 623 507 668 458 668
818 406 863 406 863 452 818 452
315 303 361 303 361 349 315 349
473 666 494 666 494 712 473 712
611 241 651 241 651 287 611 287
750 396 794 396 794 443 750 443
689 1024 724 1024 724 1072 689 1072
812 507 861 507 861 555 812 555
756 452 792 452 792 500 756 500
688 468 724 468 724 516 688 516
323 441 359 441 359 489 323 489
459 468 497 468 497 516 459 516
392 636 432 636 432 684 392 684
115 427 158 427 158 476 115 476
543 876 583 876 583 927 543 927
611 585 650 585 650 636 611 636
815 456 861 456 861 507 815 507
613 491 645 491 645 543 613 543
268 327 279 327 279 379 268 379
537 667 577 667 577 720 537 720
624 389 646 389 646 443 624 443
