230 458 254 458 254 464 230 464
347 492 380 492 380 500 347 500
643 514 665 514 665 528 643 528
425 948 445 948 445 963 425 963
425 931 445 931 445 947 425 947
343 420 389 420 389 437 343 437
213 771 234 771 234 789 213 789
214 1258 233 1258 233 1276 214 1276
628 736 647 736 647 755 628 755
418 824 450 824 450 843 418 843
626 1321 647 1321 647 1340 626 1340
208 341 245 341 245 360 208 360
559 1220 578 1220 578 1240 559 1240
556 1148 577 1148 577 1168 556 1168
74 903 98 903 98 923 74 923
75 307 98 307 98 327 75 327
206 1314 242 1314 242 1334 206 1334
690 686 727 686 727 706 690 706
561 648 581 648 581 669 561 669
701 1031 721 1031 721 1052 701 1052
146 1024 167 1024 167 1045 146 1045
74 568 97 568 97 589 74 589
147 608 170 608 170 629 147 629
560 963 581 963 581 984 560 984
694 617 718 617 718 638 694 638
560 529 584 529 584 550 560 550
561 1312 578 1312 578 1334 561 1334
618 391 632 391 632 413 618 413
563 472 575 472 575 495 563 495
563 893 576 893 576 916 563 916
837 538 858 538 858 561 837 561
281 686 309 686 309 709 281 709
698 1318 715 1318 715 1342 698 1342
558 356 584 356 584 380 558 380
346 1134 387 1134 387 1158 346 1158
759 882 791 882 791 906 759 906
481 1335 520 1335 520 1359 481 1359
426 1253 449 1253 449 1278 426 1278
497 1060 513 1060 513 1085 497 1085
564 1118 597 1118 597 1143 564 1143
417 1316 452 1316 452 1341 417 1341
837 1251 854 1251 854 1276 837 1276
699 744 718 744 718 769 699 769
828 909 864 909 864 935 828 935
624 897 655 897 655 923 624 923
287 487 308 487 308 514 287 514
699 1103 723 1103 723 1130 699 1130
834 847 858 847 858 874 834 874
279 942 311 942 311 969 279 969
355 1248 389 1248 389 1275 355 1275
622 1139 658 1139 658 1166 622 1166
137 1169 176 1169 176 1196 137 1196
564 672 579 672 579 699 564 699
705 1204 737 1204 737 1231 705 1231
225 474 258 474 258 501 225 501
417 1099 456 1099 456 1126 417 1126
630 791 661 791 661 819 630 819
690 1341 721 1341 721 1369 690 1369
556 1244 575 1244 575 1272 556 1272
631 533 653 533 653 561 631 561
643 365 673 365 673 393 643 393
428 390 459 390 459 418 428 418
827 1079 860 1079 860 1107 827 1107
288 658 308 658 308 687 288 687
356 391 378 391 378 420 356 420
345 553 381 553 381 582 345 582
760 345 802 345 802 374 760 374
824 934 868 934 868 963 824 963
285 744 305 744 305 773 285 773
357 718 379 718 379 747 357 747
493 686 505 686 505 715 493 715
642 436 678 436 678 465 642 465
82 1342 97 1342 97 1372 82 1372
425 530 444 530 444 560 425 560
492 794 516 794 516 824 492 824
706 1131 732 1131 732 1161 706 1161
755 420 800 420 800 450 755 450
620 761 662 761 662 791 620 791
423 791 444 791 444 822 423 822
767 810 790 810 790 841 767 841
554 1335 585 1335 585 1366 554 1366
207 1336 241 1336 241 1367 207 1367
272 711 314 711 314 742 272 742
550 773 594 773 594 804 550 804
500 472 512 472 512 503 500 503
702 705 717 705 717 736 702 736
629 1250 646 1250 646 1281 629 1281
559 700 578 700 578 731 559 731
626 960 653 960 653 991 626 991
138 1245 178 1245 178 1276 138 1276
214 1189 229 1189 229 1220 214 1220
76 502 95 502 95 533 76 533
755 909 793 909 793 940 755 940
207 306 248 306 248 337 207 337
347 793 390 793 390 824 347 824
839 876 856 876 856 908 839 908
697 581 719 581 719 613 697 613
617 924 660 924 660 956 617 956
625 1374 641 1374 641 1406 625 1406
211 847 245 847 245 879 211 879
683 1372 724 1372 724 1404 683 1404
205 1277 247 1277 247 1309 205 1309
627 653 649 653 649 686 627 686
73 1156 112 1156 112 1189 73 1189
135 1313 181 1313 181 1346 135 1346
828 774 865 774 865 807 828 807
141 1376 178 1376 178 1409 141 1409
139 1346 177 1346 177 1379 139 1379
766 650 788 650 788 683 766 683
216 402 239 402 239 435 216 435
612 456 635 456 635 489 612 489
136 1279 174 1279 174 1312 136 1312
75 335 100 335 100 369 75 369
621 1279 653 1279 653 1313 621 1313
694 311 737 311 737 345 694 345
698 952 717 952 717 986 698 986
352 877 382 877 382 911 352 911
547 1367 593 1367 593 1401 547 1401
147 944 166 944 166 979 147 979
353 640 383 640 383 675 353 675
553 494 584 494 584 529 553 529
72 1369 105 1369 105 1404 72 1404
688 1233 725 1233 725 1268 688 1268
481 1297 520 1297 520 1332 481 1332
552 922 583 922 583 957 552 957
70 531 101 531 101 566 70 566
486 393 520 393 520 428 486 428
622 828 659 828 659 863 622 863
69 827 107 827 107 862 69 862
552 857 591 857 591 892 552 892
77 638 98 638 98 673 77 673
614 353 639 353 639 388 614 388
829 611 867 611 867 646 829 646
70 1304 110 1304 110 1339 70 1339
217 1371 233 1371 233 1407 217 1407
419 345 446 345 446 381 419 381
613 314 641 314 641 350 613 350
420 1059 450 1059 450 1095 420 1095
696 403 733 403 733 439 696 439
350 984 382 984 382 1020 350 1020
206 362 243 362 243 398 206 398
485 930 524 930 524 966 485 966
418 1278 461 1278 461 1314 418 1314
484 609 517 609 517 646 484 646
206 731 245 731 245 768 206 768
417 1004 456 1004 456 1041 417 1041
141 1093 182 1093 182 1130 141 1130
761 943 789 943 789 980 761 980
488 647 520 647 520 684 488 684
832 565 871 565 871 602 832 602
827 1369 870 1369 870 1406 827 1406
203 692 248 692 248 729 203 729
424 971 443 971 443 1009 424 1009
412 893 446 893 446 931 412 931
829 1279 866 1279 866 1317 829 1317
627 862 653 862 653 900 627 900
74 420 106 420 106 458 74 458
136 1133 180 1133 180 1171 136 1171
632 1341 644 1341 644 1380 632 1380
618 416 633 416 633 455 618 455
612 487 639 487 639 526 612 526
73 855 106 855 106 894 73 894
73 678 108 678 108 717 73 717
75 1015 110 1015 110 1054 75 1054
209 218 246 218 246 257 209 257
140 528 183 528 183 567 140 567
64 597 113 597 113 636 64 636
772 556 804 556 804 595 772 595
831 346 867 346 867 385 831 385
209 507 246 507 246 546 209 546
482 753 525 753 525 792 482 792
618 612 664 612 664 651 618 651
548 1177 595 1177 595 1216 548 1216
622 1167 660 1167 660 1206 622 1206
346 1372 385 1372 385 1411 346 1411
486 708 527 708 527 747 486 747
762 840 803 840 803 879 762 879
550 604 595 604 595 643 550 643
431 1132 439 1132 439 1172 431 1172
423 1211 454 1211 454 1251 423 1251
828 690 869 690 869 730 828 730
690 984 723 984 723 1024 690 1024
143 1049 176 1049 176 1089 143 1089
484 431 521 431 521 471 484 471
273 1108 311 1108 311 1148 273 1148
484 885 522 885 522 925 484 925
760 378 799 378 799 418 760 418
548 734 594 734 594 774 548 774
133 845 183 845 183 885 133 885
685 859 736 859 736 899 685 899
280 1017 311 1017 311 1057 280 1057
348 347 381 347 381 387 348 387
350 1092 387 1092 387 1132 350 1132
761 683 802 683 802 723 761 723
275 562 322 562 322 603 275 603
137 977 169 977 169 1018 137 1018
145 440 180 440 180 481 145 481
141 563 174 563 174 605 141 605
206 1219 241 1219 241 1261 206 1261
829 497 865 497 865 539 829 539
69 972 113 972 113 1014 69 1014
549 312 598 312 598 354 549 354
285 443 307 443 307 485 285 485
419 1341 454 1341 454 1383 419 1383
640 468 677 468 677 510 640 510
140 396 179 396 179 438 140 438
278 514 320 514 320 556 278 556
828 649 870 649 870 691 828 691
204 1044 247 1044 247 1086 204 1086
477 567 527 567 527 609 477 609
77 927 101 927 101 969 77 969
765 517 795 517 795 559 765 559
348 748 389 748 389 790 348 790
551 1272 596 1272 596 1314 551 1314
648 394 666 394 666 437 648 437
621 684 652 684 652 727 621 727
348 677 381 677 381 720 348 720
345 508 390 508 390 551 345 551
697 813 721 813 721 856 697 856
493 1088 518 1088 518 1131 493 1131
350 1206 380 1206 380 1249 350 1249
70 372 103 372 103 415 70 415
692 443 735 443 735 486 692 486
824 1110 868 1110 868 1153 824 1153
356 830 378 830 378 874 356 874
71 722 104 722 104 766 71 766
141 483 178 483 178 527 141 527
831 728 870 728 870 772 831 772
204 594 248 594 248 638 204 638
445 1366 453 1366 453 1410 445 1410
765 766 803 766 803 810 765 810
545 1040 593 1040 593 1084 545 1084
489 1246 519 1246 519 1290 489 1290
549 990 584 990 584 1034 549 1034
342 1331 385 1331 385 1375 342 1375
694 489 733 489 733 534 694 534
480 1016 523 1016 523 1061 480 1061
620 562 663 562 663 607 620 607
681 1271 725 1271 725 1316 681 1316
701 1162 719 1162 719 1207 701 1207
213 887 232 887 232 932 213 932
71 1196 111 1196 111 1241 71 1241
550 806 592 806 592 851 550 851
688 770 737 770 737 815 688 815
624 1042 664 1042 664 1088 624 1088
426 618 443 618 443 664 426 664
353 1278 372 1278 372 1324 353 1324
485 1198 518 1198 518 1244 485 1244
273 971 320 971 320 1017 273 1017
67 456 117 456 117 502 67 502
284 1058 302 1058 302 1104 284 1104
137 305 184 305 184 351 137 351
837 1316 855 1316 855 1363 837 1363
418 1162 447 1162 447 1209 418 1209
830 803 865 803 865 850 830 850
480 1360 519 1360 519 1407 480 1407
689 1053 737 1053 737 1100 689 1100
273 345 321 345 321 392 273 392
442 1042 453 1042 453 1090 442 1090
701 641 716 641 716 689 701 689
555 1072 576 1072 576 1120 555 1120
692 534 732 534 732 582 692 582
481 966 524 966 524 1014 481 1014
273 832 323 832 323 880 273 880
553 383 584 383 584 431 553 431
279 778 312 778 312 826 279 826
135 796 181 796 181 844 135 844
147 1197 166 1197 166 1246 147 1246
357 1159 378 1159 378 1208 357 1208
832 440 871 440 871 489 832 489
207 642 245 642 245 691 207 691
67 1108 109 1108 109 1157 67 1157
689 897 732 897 732 946 689 946
617 998 664 998 664 1047 617 1047
492 827 510 827 510 877 492 877
139 744 178 744 178 794 139 794
345 588 387 588 387 638 345 638
204 1140 247 1140 247 1190 204 1190
643 313 682 313 682 363 643 363
547 552 590 552 590 602 547 602
821 1027 867 1027 867 1077 821 1077
145 692 176 692 176 743 145 743
830 387 871 387 871 438 830 438
481 341 530 341 530 392 481 392
269 393 322 393 322 444 269 444
202 993 252 993 252 1044 202 1044
700 347 730 347 730 399 700 399
829 1155 866 1155 866 1207 829 1207
692 237 739 237 739 289 692 289
140 353 182 353 182 405 140 405
411 420 462 420 462 472 411 472
206 1085 241 1085 241 1137 206 1137
67 1054 116 1054 116 1107 67 1107
212 792 238 792 238 845 212 845
203 934 242 934 242 987 203 987
412 674 455 674 455 727 412 727
276 605 319 605 319 659 276 659
412 840 458 840 458 894 412 894
825 972 865 972 865 1027 825 1027
410 559 453 559 453 614 410 614
828 1206 865 1206 865 1262 828 1262
277 884 318 884 318 940 277 940
624 1083 665 1083 665 1139 624 1139
361 427 369 427 369 483 361 483
346 1028 384 1028 384 1085 346 1085
408 468 453 468 453 525 408 525
766 593 792 593 792 651 766 651
491 1141 518 1141 518 1199 491 1199
144 633 172 633 172 691 144 691
68 766 109 766 109 824 68 824
767 983 788 983 788 1042 767 1042
621 1201 659 1201 659 1261 621 1261
137 882 183 882 183 942 137 942
483 501 522 501 522 563 483 563
70 1241 115 1241 115 1304 70 1304
409 726 455 726 455 791 409 791
342 919 390 919 390 986 342 986
268 1155 316 1155 316 1223 268 1223
