819 1027 856 1027 856 1038 819 1038
154 655 181 655 181 667 154 667
688 500 713 500 713 513 688 513
491 824 516 824 516 837 491 837
690 1316 718 1316 718 1330 690 1330
284 963 312 963 312 978 284 978
221 1163 249 1163 249 1178 221 1178
620 533 649 533 649 548 620 548
821 1357 857 1357 857 1373 821 1373
290 846 310 846 310 863 290 863
621 972 648 972 648 989 621 989
287 1245 324 1245 324 1263 287 1263
358 607 377 607 377 625 358 625
896 1017 914 1017 914 1036 896 1036
287 440 306 440 306 459 287 459
364 1253 383 1253 383 1272 364 1272
289 637 308 637 308 656 289 656
499 1067 520 1067 520 1086 499 1086
819 514 851 514 851 533 819 533
689 362 718 362 718 381 689 381
281 1261 325 1261 325 1280 281 1280
162 1054 175 1054 175 1074 162 1074
830 930 846 930 846 950 830 950
362 955 380 955 380 975 362 975
163 374 177 374 177 394 163 394
767 1126 789 1126 789 1146 767 1146
225 1312 250 1312 250 1332 225 1332
152 571 181 571 181 591 152 591
153 1006 183 1006 183 1026 153 1026
762 1327 782 1327 782 1348 762 1348
757 1350 796 1350 796 1371 757 1371
212 835 262 835 262 856 212 856
578 893 590 893 590 915 578 915
497 1014 512 1014 512 1036 497 1036
765 630 778 630 778 652 765 652
695 597 716 597 716 619 695 619
827 491 849 491 849 513 827 513
488 1195 516 1195 516 1217 488 1217
354 751 385 751 385 773 354 773
350 1304 389 1304 389 1326 350 1326
229 1263 246 1263 246 1285 229 1285
285 1340 335 1340 335 1362 285 1362
627 577 647 577 647 600 627 600
823 907 852 907 852 930 823 930
483 486 523 486 523 509 483 509
832 1223 851 1223 851 1246 832 1246
561 1106 581 1106 581 1129 561 1129
486 1037 523 1037 523 1060 486 1060
361 905 379 905 379 928 361 928
625 482 651 482 651 505 625 505
816 398 854 398 854 421 816 421
615 506 654 506 654 529 615 529
752 1072 792 1072 792 1095 752 1095
576 563 585 563 585 587 576 587
561 1082 578 1082 578 1106 561 1106
823 374 853 374 853 398 823 398
351 663 386 663 386 687 351 687
349 345 384 345 384 369 349 369
280 495 316 495 316 519 280 519
352 1126 390 1126 390 1150 352 1150
148 1075 187 1075 187 1099 148 1099
290 390 305 390 305 414 290 414
293 553 310 553 310 577 293 577
626 1104 646 1104 646 1129 626 1129
156 709 182 709 182 734 156 734
761 1186 788 1186 788 1211 761 1211
756 1249 794 1249 794 1274 756 1274
616 1122 663 1122 663 1147 616 1147
228 498 248 498 248 523 228 523
695 339 715 339 715 364 695 364
287 724 319 724 319 749 287 749
151 739 185 739 185 764 151 764
217 809 254 809 254 834 217 834
749 725 788 725 788 750 749 750
685 897 730 897 730 922 685 922
630 1318 643 1318 643 1343 630 1343
628 802 647 802 647 827 628 827
207 306 251 306 251 331 207 331
363 1067 383 1067 383 1093 363 1093
427 443 448 443 448 469 427 469
353 1010 385 1010 385 1036 353 1036
750 411 790 411 790 437 750 437
828 618 844 618 844 644 828 644
425 617 445 617 445 643 425 643
152 840 180 840 180 866 152 866
283 696 322 696 322 722 283 722
479 747 525 747 525 773 479 773
696 1026 709 1026 709 1053 696 1053
559 943 583 943 583 970 559 970
297 611 331 611 331 638 297 638
551 1173 587 1173 587 1200 551 1200
685 784 722 784 722 811 685 811
681 384 726 384 726 411 681 411
745 502 796 502 796 529 745 529
629 943 645 943 645 970 629 970
829 812 851 812 851 839 829 839
696 766 720 766 720 793 696 793
224 1037 252 1037 252 1064 224 1064
285 901 316 901 316 928 285 928
482 884 519 884 519 911 482 911
813 534 858 534 858 561 813 561
163 626 177 626 177 653 163 653
294 781 314 781 314 808 294 808
685 620 721 620 721 647 685 647
683 677 720 677 720 704 683 704
620 1198 659 1198 659 1225 620 1225
148 1028 187 1028 187 1055 148 1055
218 1285 259 1285 259 1312 218 1312
550 782 592 782 592 809 550 809
697 1131 717 1131 717 1159 697 1159
225 713 250 713 250 741 225 741
355 1094 385 1094 385 1122 355 1122
757 1096 794 1096 794 1124 757 1124
682 812 724 812 724 840 682 840
752 1304 801 1304 801 1332 752 1332
227 948 245 948 245 976 227 976
155 394 184 394 184 422 155 422
686 519 720 519 720 547 686 547
488 1338 523 1338 523 1366 488 1366
615 989 655 989 655 1017 615 1017
883 749 924 749 924 777 883 777
358 546 376 546 376 575 358 575
363 1190 380 1190 380 1219 363 1219
826 423 845 423 845 452 826 452
760 435 782 435 782 464 760 464
280 412 316 412 316 441 280 441
886 628 924 628 924 657 886 657
213 1065 257 1065 257 1094 213 1094
896 719 908 719 908 749 896 749
698 647 715 647 715 677 698 677
490 715 510 715 510 745 490 745
284 1069 320 1069 320 1099 284 1099
619 827 657 827 657 857 619 857
821 1250 862 1250 862 1280 821 1280
227 1335 258 1335 258 1365 227 1365
148 594 183 594 183 624 148 624
887 689 928 689 928 719 887 719
687 1287 729 1287 729 1317 687 1317
346 772 392 772 392 802 346 802
478 1216 524 1216 524 1246 478 1246
414 547 464 547 464 577 414 577
497 1169 512 1169 512 1199 497 1199
561 1240 576 1240 576 1270 561 1270
633 458 651 458 651 488 633 488
889 1301 922 1301 922 1331 889 1331
353 925 388 925 388 955 353 955
819 642 860 642 860 672 819 672
684 920 729 920 729 950 684 950
290 1270 315 1270 315 1301 290 1301
757 747 782 747 782 778 757 778
625 427 655 427 655 458 625 458
215 916 258 916 258 947 215 947
620 1340 663 1340 663 1371 620 1371
415 331 459 331 459 362 415 362
495 682 513 682 513 713 495 713
361 722 379 722 379 753 361 753
291 750 310 750 310 781 291 781
885 553 917 553 917 584 885 584
755 859 790 859 790 890 755 890
888 1144 923 1144 923 1175 888 1175
824 1189 859 1189 859 1220 824 1220
752 937 794 937 794 968 752 968
692 704 712 704 712 736 692 736
754 1005 789 1005 789 1037 754 1037
552 1303 588 1303 588 1335 552 1335
418 475 455 475 455 507 418 507
214 741 257 741 257 773 214 773
224 1006 251 1006 251 1038 224 1038
886 657 925 657 925 689 886 689
751 524 794 524 794 556 751 556
481 377 526 377 526 409 481 409
290 520 308 520 308 552 290 552
429 363 449 363 449 395 429 395
163 972 190 972 190 1004 163 1004
553 1003 590 1003 590 1035 553 1035
217 973 257 973 257 1005 217 1005
148 902 195 902 195 934 148 934
563 663 588 663 588 696 563 696
285 463 314 463 314 496 285 496
352 1037 386 1037 386 1070 352 1070
283 576 322 576 322 609 283 609
819 990 861 990 861 1023 819 1023
280 1103 322 1103 322 1136 280 1136
628 704 649 704 649 737 628 737
622 1069 653 1069 653 1102 622 1102
282 1132 318 1132 318 1165 282 1165
552 815 591 815 591 848 552 848
683 1052 722 1052 722 1085 683 1085
220 1129 255 1129 255 1163 220 1163
285 809 321 809 321 843 285 843
151 865 189 865 189 899 151 899
350 1273 393 1273 393 1307 350 1307
279 981 328 981 328 1015 279 1015
227 1095 247 1095 247 1129 227 1129
761 969 782 969 782 1003 761 1003
151 302 178 302 178 336 151 336
887 980 922 980 922 1014 887 1014
487 1087 524 1087 524 1121 487 1121
684 1335 726 1335 726 1369 684 1369
756 1149 802 1149 802 1183 756 1183
158 459 186 459 186 493 158 493
552 1271 582 1271 582 1305 552 1305
153 940 185 940 185 974 153 974
891 835 925 835 925 869 891 869
690 1159 724 1159 724 1193 690 1193
350 573 386 573 386 607 350 607
215 559 256 559 256 593 215 593
628 737 641 737 641 772 628 772
765 1211 784 1211 784 1246 765 1246
830 1280 852 1280 852 1315 830 1315
485 449 519 449 519 484 485 484
559 910 596 910 596 945 559 945
754 651 791 651 791 686 754 686
886 397 929 397 929 432 886 432
682 993 728 993 728 1028 682 1028
292 928 310 928 310 963 292 963
886 472 920 472 920 507 886 507
480 1302 529 1302 529 1337 480 1337
896 767 914 767 914 802 896 802
362 1327 381 1327 381 1362 362 1362
158 672 183 672 183 707 158 707
486 544 516 544 516 579 486 579
222 642 257 642 257 677 222 677
820 951 859 951 859 986 820 986
821 1319 862 1319 862 1354 821 1354
364 249 401 249 401 285 364 285
882 1032 922 1032 922 1068 882 1068
553 1136 593 1136 593 1172 553 1172
757 1274 799 1274 799 1310 757 1310
754 685 796 685 796 721 754 721
819 340 862 340 862 376 819 376
300 1211 307 1211 307 1247 300 1247
366 210 401 210 401 246 366 246
752 551 788 551 788 587 752 587
555 579 593 579 593 615 555 615
286 661 325 661 325 697 286 697
347 306 390 306 390 342 347 342
225 679 255 679 255 716 225 716
487 508 521 508 521 545 487 545
686 737 729 737 729 774 686 774
883 1069 927 1069 927 1106 883 1106
158 533 174 533 174 570 158 570
360 690 379 690 379 727 360 727
159 804 181 804 181 841 159 841
889 798 914 798 914 835 889 835
818 451 844 451 844 488 818 488
552 744 591 744 591 781 552 781
163 494 178 494 178 531 163 531
760 466 776 466 776 503 760 503
886 950 921 950 921 987 886 987
426 579 446 579 446 617 426 617
488 409 511 409 511 447 488 447
223 771 246 771 246 809 223 809
757 373 784 373 784 411 757 411
890 1215 918 1215 918 1253 890 1253
151 427 189 427 189 465 151 465
555 449 595 449 595 487 555 487
353 978 394 978 394 1016 353 1016
616 547 661 547 661 585 616 585
218 459 258 459 258 497 218 497
221 380 238 380 238 419 221 419
893 432 911 432 911 471 893 471
351 513 387 513 387 552 351 552
552 527 592 527 592 566 552 566
616 764 658 764 658 803 616 803
816 875 858 875 858 914 816 914
350 630 389 630 389 669 350 669
353 1217 393 1217 393 1256 353 1256
285 868 322 868 322 907 285 907
144 335 186 335 186 374 144 374
553 487 588 487 588 527 553 527
282 351 319 351 319 391 282 391
284 1302 327 1302 327 1342 284 1342
880 1175 925 1175 925 1215 880 1215
222 524 245 524 245 564 222 564
753 335 780 335 780 375 753 375
416 645 458 645 458 685 416 685
750 821 805 821 805 861 750 861
559 966 598 966 598 1006 559 1006
685 1193 727 1193 727 1233 685 1233
898 1332 918 1332 918 1373 898 1373
690 1087 722 1087 722 1128 690 1128
685 949 724 949 724 990 685 990
347 426 389 426 389 467 347 467
421 506 453 506 453 547 421 547
213 417 258 417 258 458 213 458
885 1102 920 1102 920 1144 885 1144
886 581 916 581 916 623 886 623
823 838 857 838 857 880 823 880
351 468 391 468 391 510 351 510
217 1222 257 1222 257 1264 217 1264
817 671 858 671 858 713 817 713
747 1031 800 1031 800 1073 747 1073
620 330 659 330 659 372 620 372
352 1149 391 1149 391 1191 352 1191
619 859 662 859 662 902 619 902
685 452 721 452 721 495 685 495
750 586 789 586 789 630 750 630
752 780 795 780 795 824 752 824
825 766 852 766 852 811 825 811
423 399 453 399 453 444 423 444
481 914 522 914 522 959 481 959
551 333 594 333 594 378 551 378
480 842 529 842 529 887 480 887
888 866 932 866 932 911 888 911
620 601 651 601 651 646 620 646
210 334 250 334 250 379 210 379
163 1101 172 1101 172 1147 163 1147
621 1273 655 1273 655 1319 621 1319
481 776 522 776 522 822 481 822
681 407 721 407 721 453 681 453
891 1255 917 1255 917 1302 891 1302
336 208 369 208 369 255 336 255
282 1019 321 1019 321 1066 282 1066
817 1038 864 1038 864 1085 817 1085
554 1035 591 1035 591 1082 554 1082
284 1165 321 1165 321 1212 284 1212
550 702 598 702 598 749 550 749
482 579 520 579 520 626 482 626
283 303 313 303 313 351 283 351
557 849 592 849 592 897 557 897
222 1177 255 1177 255 1225 222 1225
618 1227 654 1227 654 1275 618 1275
882 508 927 508 927 557 882 557
346 809 393 809 393 858 346 858
488 327 517 327 517 377 488 377
486 1122 521 1122 521 1172 486 1172
346 857 392 857 392 907 346 907
623 375 661 375 661 425 623 425
618 1016 656 1016 656 1067 618 1067
554 613 592 613 592 665 554 665
819 1136 860 1136 860 1188 819 1188
886 341 926 341 926 393 886 393
689 1235 730 1235 730 1287 689 1287
357 371 377 371 377 424 357 424
819 561 854 561 854 614 819 614
636 1140 643 1140 643 1194 636 1194
822 713 860 713 860 767 822 767
218 859 257 859 257 913 218 913
623 648 644 648 644 705 623 705
485 958 529 958 529 1015 485 1015
486 626 524 626 524 684 486 684
686 838 723 838 723 903 686 903
555 380 588 380 588 448 555 448
