493 486 519 486 519 495 493 495
279 860 306 860 306 870 279 870
565 383 577 383 577 395 565 395
401 891 445 891 445 903 401 903
803 560 833 560 833 573 803 573
104 1340 118 1340 118 1355 104 1355
83 389 101 389 101 404 83 404
85 962 103 962 103 977 85 977
148 580 164 580 164 596 148 596
477 1256 495 1256 495 1272 477 1272
346 760 366 760 366 776 346 776
734 1071 776 1071 776 1087 734 1087
145 870 165 870 165 887 145 887
611 1039 631 1039 631 1056 611 1056
803 324 837 324 837 341 803 341
538 742 576 742 576 759 538 759
746 1049 765 1049 765 1066 746 1066
748 643 769 643 769 660 748 660
482 866 500 866 500 884 482 884
612 619 632 619 632 637 612 637
500 583 515 583 515 601 500 601
278 621 298 621 298 639 278 639
92 1099 126 1099 126 1117 92 1117
144 1130 165 1130 165 1149 144 1149
809 824 831 824 831 843 809 843
61 1099 87 1099 87 1118 61 1118
609 1245 635 1245 635 1264 609 1264
809 510 828 510 828 529 809 529
406 1120 436 1120 436 1139 406 1139
79 702 101 702 101 722 79 722
98 1149 121 1149 121 1169 98 1169
336 1120 364 1120 364 1140 336 1140
69 1118 83 1118 83 1138 69 1138
98 1197 112 1197 112 1217 98 1217
808 947 830 947 830 968 808 968
499 536 516 536 516 557 499 557
413 1094 432 1094 432 1115 413 1115
57 1334 93 1334 93 1355 57 1355
480 1073 497 1073 497 1094 480 1094
675 630 697 630 697 652 675 652
740 870 768 870 768 892 740 892
540 551 578 551 578 573 540 573
538 400 572 400 572 422 538 422
544 609 580 609 580 631 544 631
138 291 174 291 174 313 138 313
536 840 576 840 576 862 536 862
502 632 512 632 512 655 502 655
68 1138 82 1138 82 1161 68 1161
415 379 435 379 435 402 415 402
63 1161 86 1161 86 1184 63 1184
741 768 769 768 769 791 741 791
678 517 699 517 699 540 678 540
88 1046 104 1046 104 1069 88 1069
742 1174 765 1174 765 1197 742 1197
736 1339 764 1339 764 1362 736 1362
482 368 515 368 515 391 482 391
273 331 309 331 309 354 273 354
680 868 698 868 698 892 680 892
805 291 839 291 839 315 805 315
415 981 450 981 450 1005 415 1005
336 288 372 288 372 312 336 312
267 738 307 738 307 762 267 762
345 1095 363 1095 363 1119 345 1119
410 403 440 403 440 427 410 427
604 735 642 735 642 759 604 759
812 878 827 878 827 903 812 903
747 993 762 993 762 1018 747 1018
611 982 627 982 627 1007 611 1007
280 761 297 761 297 786 280 786
803 533 838 533 838 558 803 558
138 607 174 607 174 632 138 632
272 204 314 204 314 229 272 229
811 455 826 455 826 480 811 480
749 846 764 846 764 871 749 871
610 1220 631 1220 631 1245 610 1245
416 287 447 287 447 312 416 312
670 540 701 540 701 565 670 565
607 292 643 292 643 317 607 317
608 1301 629 1301 629 1326 608 1326
810 644 832 644 832 669 810 669
750 696 782 696 782 721 750 721
604 640 642 640 642 665 604 665
503 558 515 558 515 584 503 584
807 770 827 770 827 796 807 796
741 1116 767 1116 767 1142 741 1142
738 1147 765 1147 765 1173 738 1173
95 1223 123 1223 123 1249 95 1249
80 327 94 327 94 353 80 353
99 1121 115 1121 115 1147 99 1147
413 757 433 757 433 783 413 783
270 1290 303 1290 303 1316 270 1316
204 463 243 463 243 489 204 489
477 804 494 804 494 831 477 831
497 603 517 603 517 630 497 630
604 792 644 792 644 819 604 819
603 1092 645 1092 645 1119 603 1119
614 558 630 558 630 585 614 585
97 1171 115 1171 115 1198 97 1198
213 570 233 570 233 597 213 597
74 559 103 559 103 586 74 586
535 811 571 811 571 838 535 838
813 969 828 969 828 997 813 997
212 395 235 395 235 423 212 423
92 1253 116 1253 116 1281 92 1281
547 937 575 937 575 965 547 965
95 1311 125 1311 125 1339 95 1339
133 1221 167 1221 167 1249 133 1249
731 893 774 893 774 921 731 921
398 1141 441 1141 441 1169 398 1169
282 559 298 559 298 587 282 587
346 701 362 701 362 729 346 729
477 1195 493 1195 493 1223 477 1223
145 806 163 806 163 834 145 834
61 1187 88 1187 88 1215 61 1215
137 833 166 833 166 861 137 861
79 1069 109 1069 109 1097 79 1097
805 246 836 246 836 274 805 274
741 1197 773 1197 773 1225 741 1225
408 450 449 450 449 478 408 478
81 900 97 900 97 928 81 928
746 579 765 579 765 607 746 607
274 357 303 357 303 385 274 385
541 457 577 457 577 485 541 485
338 816 378 816 378 844 338 844
143 1064 161 1064 161 1093 143 1093
278 1260 299 1260 299 1289 278 1289
279 966 300 966 300 995 279 995
675 687 700 687 700 716 675 716
682 443 710 443 710 472 682 472
668 602 705 602 705 631 668 631
599 1148 638 1148 638 1177 599 1177
134 321 177 321 177 350 134 350
532 968 582 968 582 997 532 997
613 762 631 762 631 791 613 791
807 670 837 670 837 699 807 699
471 1222 501 1222 501 1251 471 1251
805 578 843 578 843 607 805 607
330 1143 370 1143 370 1172 330 1172
496 652 527 652 527 682 496 682
267 1000 308 1000 308 1030 267 1030
672 836 699 836 699 866 672 866
136 741 174 741 174 771 136 771
137 1034 177 1034 177 1064 137 1064
743 437 771 437 771 467 743 467
605 1330 634 1330 634 1360 605 1360
553 524 586 524 586 554 553 554
798 478 835 478 835 508 798 508
148 951 164 951 164 982 148 982
156 917 172 917 172 948 156 948
680 566 698 566 698 597 680 597
348 354 366 354 366 385 348 385
549 665 568 665 568 696 549 696
479 999 504 999 504 1030 479 1030
734 1089 787 1089 787 1120 734 1120
550 488 566 488 566 519 550 519
677 806 698 806 698 837 677 837
140 1191 165 1191 165 1222 140 1222
209 598 238 598 238 629 209 629
492 500 523 500 523 531 492 531
270 786 307 786 307 817 270 817
800 792 838 792 838 823 800 823
139 635 178 635 178 666 139 666
479 966 496 966 496 998 479 998
140 522 162 522 162 554 140 554
408 567 436 567 436 599 408 599
58 1217 89 1217 89 1249 58 1249
405 630 438 630 438 662 405 662
801 996 836 996 836 1028 801 1028
339 316 374 316 374 348 339 348
336 959 368 959 368 991 336 991
741 291 776 291 776 323 741 323
604 1003 639 1003 639 1035 604 1035
738 239 778 239 778 271 738 271
735 663 780 663 780 695 735 695
80 635 94 635 94 668 80 668
347 847 365 847 365 880 347 880
607 1062 630 1062 630 1095 607 1095
475 1094 504 1094 504 1127 475 1127
202 285 236 285 236 318 202 318
69 724 107 724 107 757 69 757
129 1159 174 1159 174 1192 129 1192
803 738 835 738 835 771 803 771
472 202 505 202 505 235 472 235
70 524 105 524 105 557 70 557
739 607 778 607 778 640 739 640
470 1131 510 1131 510 1164 470 1164
131 1250 171 1250 171 1283 131 1283
337 925 380 925 380 958 337 958
612 322 632 322 632 355 612 355
548 422 570 422 570 455 548 455
412 854 443 854 443 887 412 887
92 1278 129 1278 129 1311 92 1311
737 514 775 514 775 547 737 547
72 982 111 982 111 1015 72 1015
63 870 114 870 114 903 63 903
744 402 774 402 774 436 744 436
71 353 102 353 102 387 71 387
542 865 573 865 573 899 542 899
132 1283 168 1283 168 1317 132 1317
205 361 241 361 241 395 205 395
604 584 640 584 640 618 604 618
137 886 185 886 185 920 137 920
611 665 634 665 634 699 611 699
73 837 105 837 105 871 73 871
738 1015 774 1015 774 1049 738 1049
71 925 108 925 108 959 71 959
802 391 840 391 840 425 802 425
408 1006 446 1006 446 1040 408 1040
135 547 176 547 176 581 135 581
274 586 308 586 308 620 274 620
275 234 313 234 313 268 275 268
69 447 112 447 112 481 69 481
135 771 178 771 178 805 135 805
208 425 242 425 242 460 208 460
803 704 839 704 839 739 803 739
405 312 443 312 443 347 405 347
268 680 313 680 313 715 268 715
604 1265 631 1265 631 1300 604 1300
408 478 436 478 436 513 408 513
538 337 576 337 576 372 538 372
136 667 176 667 176 702 136 702
275 387 318 387 318 422 275 422
406 780 449 780 449 815 406 815
680 652 700 652 700 688 680 688
546 571 572 571 572 607 546 607
340 723 372 723 372 759 340 759
471 830 506 830 506 866 471 866
274 1033 310 1033 310 1069 274 1069
735 1271 773 1271 773 1307 735 1307
354 236 387 236 387 272 354 272
538 900 574 900 574 936 538 936
800 847 837 847 837 883 800 883
67 412 105 412 105 448 67 448
132 1323 172 1323 172 1359 132 1359
603 950 649 950 649 986 603 986
135 390 183 390 183 426 135 426
403 816 451 816 451 852 403 852
804 606 830 606 830 642 804 642
470 235 513 235 513 271 470 271
357 199 387 199 387 236 357 236
467 1276 502 1276 502 1313 467 1313
537 296 582 296 582 333 537 333
407 601 429 601 429 638 407 638
543 634 578 634 578 671 543 671
73 1013 117 1013 117 1050 73 1050
267 1071 311 1071 311 1108 267 1108
752 323 765 323 765 361 752 361
614 698 632 698 632 736 614 736
609 1113 636 1113 636 1151 609 1151
479 330 509 330 509 368 479 368
75 760 105 760 105 798 75 798
274 642 314 642 314 680 274 680
675 717 693 717 693 755 675 755
477 928 510 928 510 966 477 966
270 1317 304 1317 304 1355 270 1355
474 392 515 392 515 430 474 430
137 702 179 702 179 740 137 740
471 1161 497 1161 497 1199 471 1199
742 363 771 363 771 401 742 401
611 394 641 394 641 432 611 432
606 356 642 356 642 394 606 394
337 495 384 495 384 533 337 533
408 901 442 901 442 940 408 940
735 1239 773 1239 773 1278 735 1278
272 424 313 424 313 463 272 463
135 351 176 351 176 390 135 390
422 337 430 337 430 376 422 376
341 532 370 532 370 571 341 571
472 1315 502 1315 502 1354 472 1354
273 927 305 927 305 966 273 966
276 699 310 699 310 738 276 738
736 920 776 920 776 959 736 959
268 1159 309 1159 309 1198 268 1198
138 1090 169 1090 169 1129 138 1129
738 197 774 197 774 236 738 236
606 479 647 479 647 518 606 518
337 661 378 661 378 701 337 701
798 345 841 345 841 385 798 385
72 663 108 663 108 703 72 703
472 291 512 291 512 331 472 331
736 469 779 469 779 509 736 509
469 682 513 682 513 722 469 722
467 888 513 888 513 928 467 928
416 939 436 939 436 980 416 980
735 1300 776 1300 776 1341 735 1341
71 799 115 799 115 840 71 840
278 288 305 288 305 329 278 329
805 902 836 902 836 943 805 943
606 517 641 517 641 558 606 558
136 431 179 431 179 472 136 472
803 422 829 422 829 463 803 463
610 199 644 199 644 240 610 240
337 778 375 778 375 819 337 819
202 319 238 319 238 361 202 361
334 992 372 992 372 1034 334 1034
605 435 646 435 646 477 605 477
607 1176 633 1176 633 1218 607 1218
67 282 108 282 108 324 67 324
680 473 700 473 700 516 680 516
606 818 650 818 650 861 606 861
539 698 573 698 573 741 539 741
603 906 643 906 643 949 603 949
468 1030 508 1030 508 1073 468 1073
467 721 515 721 515 764 467 764
672 398 713 398 713 442 672 442
336 448 378 448 378 492 336 492
744 724 769 724 769 768 744 768
79 480 107 480 107 524 79 524
340 570 376 570 376 614 340 614
470 765 511 765 511 809 470 809
733 959 774 959 774 1003 733 1003
673 350 715 350 715 395 673 395
738 542 766 542 766 587 738 587
413 707 444 707 444 753 413 753
275 878 303 878 303 924 275 924
134 475 179 475 179 521 134 521
341 877 369 877 369 924 341 924
607 860 640 860 640 907 607 907
670 891 701 891 701 940 670 940
271 519 311 519 311 568 271 568
135 983 173 983 173 1032 135 1032
674 295 715 295 715 344 674 344
404 512 437 512 437 562 404 562
536 758 582 758 582 808 536 808
334 614 383 614 383 665 334 665
342 1039 368 1039 368 1090 342 1090
744 792 772 792 772 844 744 844
265 1199 309 1199 309 1253 265 1253
669 754 701 754 701 808 669 808
71 588 116 588 116 644 71 644
423 1036 435 1036 435 1092 423 1092
269 467 311 467 311 523 269 523
490 422 501 422 501 482 490 482
340 379 377 379 377 445 340 445
