183 627 194 627 194 637 183 637
316 1067 331 1067 331 1078 316 1078
693 644 713 644 713 657 693 657
839 1106 864 1106 864 1121 839 1121
233 693 254 693 254 709 233 709
702 1354 733 1354 733 1370 702 1370
157 1097 188 1097 188 1114 157 1114
235 1041 254 1041 254 1058 235 1058
297 1240 317 1240 317 1257 297 1257
773 1266 800 1266 800 1284 773 1284
298 843 318 843 318 861 298 861
298 444 323 444 323 462 298 462
185 1269 200 1269 200 1288 185 1288
571 995 588 995 588 1014 571 1014
170 330 189 330 189 349 170 349
303 746 325 746 325 765 303 765
167 786 190 786 190 805 167 805
638 385 666 385 666 404 638 404
568 480 601 480 601 499 568 499
575 424 591 424 591 443 575 443
777 599 797 599 797 618 777 618
437 631 460 631 460 650 437 650
365 1121 387 1121 387 1141 365 1141
433 1067 457 1067 457 1087 433 1087
707 418 731 418 731 438 707 438
777 1176 796 1176 796 1197 777 1197
368 804 390 804 390 825 368 825
154 1117 197 1117 197 1138 154 1138
367 292 388 292 388 313 367 313
782 731 803 731 803 752 782 752
232 1342 248 1342 248 1364 232 1364
639 918 661 918 661 940 639 940
434 256 472 256 472 278 434 278
779 1317 802 1317 802 1339 779 1339
844 1269 869 1269 869 1291 844 1291
362 380 396 380 396 402 362 402
159 945 192 945 192 967 159 967
767 884 806 884 806 906 767 906
770 755 805 755 805 778 770 778
549 939 610 939 610 962 549 962
567 1124 595 1124 595 1147 567 1147
233 1211 261 1211 261 1234 233 1234
712 1301 730 1301 730 1325 712 1325
165 352 194 352 194 376 165 376
715 668 744 668 744 692 715 692
830 619 869 619 869 643 830 643
367 1309 390 1309 390 1333 367 1333
288 1180 328 1180 328 1204 288 1204
234 631 253 631 253 655 234 655
720 692 741 692 741 716 720 716
504 415 525 415 525 439 504 439
705 360 729 360 729 384 705 384
153 1142 194 1142 194 1166 153 1166
367 886 384 886 384 911 367 911
427 1039 464 1039 464 1064 427 1064
358 316 401 316 401 341 358 341
913 609 936 609 936 634 913 634
710 546 736 546 736 571 710 571
861 332 887 332 887 357 861 357
428 940 462 940 462 965 428 965
901 749 948 749 948 774 901 774
721 748 740 748 740 774 721 774
365 1060 387 1060 387 1086 365 1086
572 840 595 840 595 866 572 866
702 444 736 444 736 470 702 470
559 870 601 870 601 896 559 896
433 569 454 569 454 595 433 595
233 865 255 865 255 891 233 891
707 1197 736 1197 736 1223 707 1223
837 798 873 798 873 824 837 824
360 1245 397 1245 397 1271 360 1271
289 860 331 860 331 886 289 886
696 1098 738 1098 738 1124 696 1124
504 326 527 326 527 352 504 352
496 389 530 389 530 415 496 415
150 1282 194 1282 194 1308 150 1308
368 402 391 402 391 429 368 429
638 607 661 607 661 634 638 634
296 382 320 382 320 409 296 409
363 1218 390 1218 390 1245 363 1245
564 1017 593 1017 593 1044 564 1044
159 448 195 448 195 475 159 475
353 1186 403 1186 403 1213 353 1213
780 981 800 981 800 1008 780 1008
168 511 196 511 196 538 168 538
419 694 465 694 465 721 419 721
626 757 674 757 674 784 626 784
306 1333 321 1333 321 1361 306 1361
366 739 387 739 387 767 366 767
221 1142 260 1142 260 1170 221 1170
424 344 467 344 467 372 424 372
844 1240 865 1240 865 1268 844 1268
294 1208 334 1208 334 1236 294 1236
359 823 400 823 400 851 359 851
232 978 250 978 250 1006 232 1006
776 536 797 536 797 564 776 564
777 1111 798 1111 798 1139 777 1139
841 1175 864 1175 864 1203 841 1203
722 719 746 719 746 747 722 747
432 1009 458 1009 458 1037 432 1037
435 1302 457 1302 457 1331 435 1331
691 665 714 665 714 694 691 694
771 1046 801 1046 801 1075 771 1075
227 1235 261 1235 261 1264 227 1264
781 815 816 815 816 844 781 844
285 1116 333 1116 333 1145 285 1145
699 696 711 696 711 725 699 725
639 329 660 329 660 358 639 358
903 471 936 471 936 500 903 500
771 1341 808 1341 808 1370 771 1370
423 1157 464 1157 464 1186 423 1186
225 755 267 755 267 784 225 784
221 329 268 329 268 358 221 358
697 613 712 613 712 642 697 642
171 480 188 480 188 509 171 509
170 915 190 915 190 944 170 944
168 723 190 723 190 752 168 752
165 882 187 882 187 911 165 911
841 769 865 769 865 798 841 798
287 1146 330 1146 330 1175 287 1175
358 430 402 430 402 459 358 459
500 487 529 487 529 517 500 517
861 356 892 356 892 386 861 386
428 195 470 195 470 225 428 225
698 1325 743 1325 743 1355 698 1355
577 723 592 723 592 753 577 753
843 976 862 976 862 1006 843 1006
775 1233 803 1233 803 1263 775 1263
296 492 330 492 330 522 296 522
427 404 466 404 466 434 427 434
289 769 330 769 330 799 289 799
305 882 324 882 324 913 305 913
777 907 804 907 804 938 777 938
704 474 738 474 738 505 704 505
904 501 944 501 944 532 904 532
153 1173 193 1173 193 1204 153 1204
765 1285 807 1285 807 1316 765 1316
628 1027 671 1027 671 1058 628 1058
419 1128 472 1128 472 1159 419 1159
298 682 318 682 318 713 298 713
224 893 259 893 259 924 224 924
702 573 738 573 738 604 702 604
156 541 194 541 194 572 156 572
852 674 874 674 874 705 852 705
560 657 600 657 600 688 560 688
841 910 861 910 861 942 841 942
634 352 669 352 669 384 634 384
697 296 737 296 737 328 697 328
155 812 196 812 196 844 155 844
833 644 875 644 875 676 833 676
702 327 745 327 745 359 702 359
630 1201 666 1201 666 1233 630 1233
427 1330 464 1330 464 1362 427 1362
837 706 875 706 875 738 837 738
221 449 260 449 260 481 221 481
422 759 462 759 462 791 422 791
358 1085 399 1085 399 1117 358 1117
638 404 673 404 673 437 638 437
631 632 669 632 669 665 631 665
225 1266 263 1266 263 1299 225 1299
151 969 199 969 199 1002 151 1002
692 726 715 726 715 759 692 759
774 341 800 341 800 374 774 374
571 500 599 500 599 533 571 533
907 384 940 384 940 417 907 417
159 292 193 292 193 325 159 325
638 529 672 529 672 562 638 562
161 752 195 752 195 785 161 785
832 488 868 488 868 521 832 521
360 1333 396 1333 396 1366 360 1366
356 912 395 912 395 945 356 945
209 239 251 239 251 272 209 272
631 834 674 834 674 867 631 867
558 622 603 622 603 655 558 655
694 926 742 926 742 959 694 959
503 357 522 357 522 390 503 390
165 849 197 849 197 882 165 882
293 916 331 916 331 949 293 949
700 1026 739 1026 739 1059 700 1059
303 527 328 527 328 561 303 561
772 662 798 662 798 696 772 696
294 1257 326 1257 326 1291 294 1291
225 1006 259 1006 259 1040 225 1040
702 382 741 382 741 416 702 416
291 708 331 708 331 742 291 742
707 997 729 997 729 1031 707 1031
430 791 457 791 457 825 430 825
243 195 275 195 275 229 243 229
769 1009 805 1009 805 1043 769 1043
844 736 866 736 866 771 844 771
570 897 597 897 597 932 570 932
566 1191 597 1191 597 1226 566 1226
772 561 810 561 810 596 772 596
156 1203 198 1203 198 1238 156 1238
226 566 264 566 264 601 226 601
421 1265 467 1265 467 1300 421 1300
180 374 190 374 190 409 180 409
568 690 592 690 592 725 568 725
765 1198 805 1198 805 1233 765 1233
898 713 950 713 950 748 898 748
437 370 458 370 458 406 437 406
434 723 456 723 456 759 434 759
708 1266 732 1266 732 1302 708 1302
839 825 864 825 864 861 839 861
225 1172 261 1172 261 1208 225 1208
290 408 328 408 328 444 290 444
697 960 742 960 742 996 697 996
422 865 470 865 470 901 422 901
568 539 606 539 606 575 568 575
905 636 945 636 945 672 905 672
422 592 465 592 465 628 422 628
164 411 188 411 188 447 164 447
769 941 796 941 796 977 769 977
213 195 243 195 243 231 213 231
563 1086 596 1086 596 1122 563 1122
633 1282 669 1282 669 1318 633 1318
769 1139 805 1139 805 1175 769 1175
360 577 402 577 402 613 360 613
425 1090 468 1090 468 1126 425 1126
423 1228 466 1228 466 1264 423 1264
638 489 668 489 668 526 638 526
307 559 317 559 317 596 307 596
707 1121 738 1121 738 1158 707 1158
225 655 263 655 263 692 225 692
566 959 608 959 608 996 566 996
832 454 878 454 878 491 832 491
764 1074 815 1074 815 1111 764 1111
240 235 276 235 276 273 240 273
770 780 809 780 809 818 770 818
357 1271 397 1271 397 1309 357 1309
372 493 390 493 390 531 372 531
571 753 592 753 592 791 571 791
909 527 936 527 936 565 909 565
427 1187 458 1187 458 1225 427 1225
570 1045 590 1045 590 1083 570 1083
225 480 256 480 256 518 225 518
705 1060 738 1060 738 1098 705 1098
700 885 741 885 741 923 700 923
830 941 873 941 873 979 830 979
289 644 337 644 337 682 289 682
769 845 809 845 809 884 769 884
289 464 330 464 330 503 289 503
700 1155 731 1155 731 1194 700 1194
158 1056 197 1056 197 1095 158 1095
630 941 672 941 672 980 630 980
155 1232 200 1232 200 1271 155 1271
420 967 472 967 472 1006 420 1006
839 1009 870 1009 870 1049 839 1049
770 502 810 502 810 542 770 542
355 1021 400 1021 400 1061 355 1061
285 1078 332 1078 332 1118 285 1118
228 597 256 597 256 637 228 637
359 763 399 763 399 803 359 803
836 1203 880 1203 880 1243 836 1243
770 378 817 378 817 418 770 418
908 672 933 672 933 712 908 712
223 785 264 785 264 825 223 825
360 455 408 455 408 495 360 495
236 291 251 291 251 332 236 332
231 1062 251 1062 251 1103 231 1103
228 1101 256 1101 256 1142 228 1142
836 413 867 413 867 454 836 454
772 416 813 416 813 457 772 457
223 1298 266 1298 266 1339 223 1339
361 938 390 938 390 979 361 979
567 378 602 378 602 419 567 419
429 435 457 435 457 476 429 476
423 477 468 477 468 518 423 518
222 521 268 521 268 562 222 562
631 789 676 789 676 831 631 831
371 846 388 846 388 888 371 888
776 620 798 620 798 662 776 662
908 565 945 565 945 607 908 607
772 462 815 462 815 504 772 504
358 608 400 608 400 651 358 651
559 794 607 794 607 837 559 837
701 507 750 507 750 550 701 550
696 1223 747 1223 747 1266 696 1266
234 716 251 716 251 759 234 759
555 1150 602 1150 602 1193 555 1193
371 340 390 340 390 383 371 383
231 821 257 821 257 864 231 864
771 297 800 297 800 340 771 340
223 360 261 360 261 403 223 403
770 694 811 694 811 737 770 737
356 1142 404 1142 404 1185 356 1185
354 532 398 532 398 576 354 576
157 1310 189 1310 189 1355 157 1355
496 440 535 440 535 485 496 485
156 638 200 638 200 683 156 683
357 652 403 652 403 697 357 697
427 820 463 820 463 865 427 865
287 337 332 337 332 382 287 382
287 1292 335 1292 335 1337 287 1337
631 709 672 709 672 754 631 754
422 293 476 293 476 338 422 338
292 969 331 969 331 1015 292 1015
157 678 203 678 203 724 157 724
227 404 258 404 258 450 227 450
289 1016 331 1016 331 1062 289 1062
424 898 468 898 468 944 424 944
303 792 321 792 321 839 303 839
564 440 611 440 611 487 564 487
836 518 870 518 870 565 836 565
630 1151 673 1151 673 1198 630 1198
290 290 326 290 326 337 290 337
632 862 673 862 673 909 632 909
289 597 334 597 334 644 289 644
840 863 862 863 862 911 840 911
358 975 398 975 398 1023 358 1023
423 520 469 520 469 568 423 568
844 1294 866 1294 866 1342 844 1342
356 695 402 695 402 744 356 744
422 650 472 650 472 699 422 699
905 419 951 419 951 469 905 469
837 1123 868 1123 868 1173 837 1173
630 666 672 666 672 716 630 716
625 980 675 980 675 1030 625 1030
834 566 872 566 872 618 834 618
226 924 267 924 267 976 226 976
626 1237 667 1237 667 1291 626 1291
649 431 658 431 658 485 649 485
693 829 741 829 741 884 693 884
161 572 197 572 197 627 161 627
831 1050 876 1050 876 1106 831 1106
504 517 526 517 526 576 504 576
