487 433 512 433 512 439 487 439
325 417 360 417 360 424 325 424
886 939 919 939 919 947 886 947
889 1115 916 1115 916 1127 889 1127
827 640 857 640 857 654 827 654
752 619 785 619 785 635 752 635
189 905 221 905 221 923 189 923
194 1207 213 1207 213 1225 194 1225
746 302 793 302 793 321 746 321
474 905 494 905 494 924 474 924
392 973 427 973 427 992 392 992
742 954 793 954 793 974 742 974
615 1388 630 1388 630 1408 615 1408
472 1299 494 1299 494 1319 472 1319
621 891 637 891 637 911 621 911
833 304 855 304 855 324 833 324
463 1100 496 1100 496 1120 463 1120
322 1353 360 1353 360 1373 322 1373
817 328 860 328 860 348 817 348
198 700 219 700 219 721 198 721
127 409 149 409 149 430 127 430
612 825 634 825 634 846 612 846
472 1391 496 1391 496 1412 472 1412
402 372 424 372 424 394 402 394
613 1320 636 1320 636 1342 613 1342
825 1391 849 1391 849 1413 825 1413
750 931 783 931 783 953 750 953
401 1390 421 1390 421 1412 401 1412
185 301 224 301 224 323 185 323
544 419 571 419 571 442 544 442
328 919 364 919 364 942 328 942
186 724 225 724 225 747 186 747
617 987 637 987 637 1011 617 1011
829 470 848 470 848 494 829 494
547 548 567 548 567 572 547 572
126 594 146 594 146 618 126 618
400 882 421 882 421 906 400 906
750 1390 781 1390 781 1414 750 1414
195 1304 209 1304 209 1328 195 1328
263 634 282 634 282 658 263 658
260 969 281 969 281 993 260 993
193 874 216 874 216 898 193 898
397 561 425 561 425 585 397 585
183 1079 220 1079 220 1103 183 1103
395 445 435 445 435 469 395 469
334 302 354 302 354 327 334 327
262 525 285 525 285 550 262 550
472 1154 496 1154 496 1179 472 1179
544 766 564 766 564 791 544 791
474 390 500 390 500 415 474 415
820 1128 841 1128 841 1154 820 1154
120 621 150 621 150 647 120 647
485 484 519 484 519 510 485 510
609 1013 644 1013 644 1039 609 1039
404 472 439 472 439 498 404 498
741 1192 790 1192 790 1218 741 1218
411 498 427 498 427 524 411 524
330 1175 351 1175 351 1201 330 1201
468 1045 501 1045 501 1071 468 1071
112 850 151 850 151 876 112 876
387 993 428 993 428 1019 387 1019
602 1039 643 1039 643 1065 602 1065
745 746 794 746 794 772 745 772
471 1072 495 1072 495 1098 471 1098
674 370 713 370 713 396 674 396
111 649 154 649 154 675 111 675
403 946 422 946 422 973 403 973
265 376 290 376 290 403 265 403
748 554 787 554 787 581 748 581
495 512 511 512 511 539 495 539
756 972 777 972 777 999 756 999
330 1114 354 1114 354 1141 330 1141
393 769 437 769 437 796 393 796
393 586 437 586 437 613 393 613
895 450 913 450 913 478 895 478
489 449 512 449 512 477 489 477
488 255 516 255 516 283 488 283
539 441 576 441 576 469 539 469
114 1074 153 1074 153 1102 114 1102
183 930 223 930 223 958 183 958
812 1041 853 1041 853 1069 812 1069
810 1062 860 1062 860 1090 810 1090
202 600 220 600 220 628 202 628
487 573 518 573 518 601 487 601
325 1323 358 1323 358 1351 325 1351
322 474 359 474 359 502 322 502
759 721 778 721 778 749 759 749
546 389 568 389 568 417 546 417
825 1265 852 1265 852 1293 825 1293
537 794 568 794 568 822 537 822
537 732 572 732 572 760 537 760
324 1243 360 1243 360 1271 324 1271
497 541 508 541 508 570 497 570
124 344 140 344 140 373 124 373
825 744 844 744 844 773 825 773
122 748 145 748 145 777 122 777
212 216 244 216 244 245 212 245
744 1161 786 1161 786 1190 744 1190
460 1120 504 1120 504 1149 460 1149
812 498 858 498 858 527 812 527
417 346 444 346 444 375 417 375
392 1357 430 1357 430 1386 392 1386
890 384 916 384 916 414 890 414
319 1144 358 1144 358 1174 319 1174
893 1082 911 1082 911 1112 893 1112
827 1294 847 1294 847 1324 827 1324
186 1330 214 1330 214 1360 186 1360
185 1232 222 1232 222 1262 185 1262
821 660 859 660 859 690 821 690
887 514 926 514 926 544 887 544
482 224 524 224 524 254 482 254
533 823 576 823 576 853 533 853
823 968 842 968 842 999 823 999
687 337 709 337 709 368 687 368
906 310 930 310 930 341 906 341
816 1194 845 1194 845 1225 816 1225
391 1092 429 1092 429 1123 391 1123
123 1038 141 1038 141 1069 123 1069
889 417 914 417 914 448 889 448
116 1255 155 1255 155 1286 116 1286
465 695 506 695 506 726 465 726
538 470 579 470 579 501 538 501
127 1172 140 1172 140 1203 127 1203
690 302 705 302 705 333 690 333
888 480 919 480 919 511 888 511
881 1058 921 1058 921 1089 881 1089
760 896 774 896 774 928 760 928
118 1381 157 1381 157 1413 118 1413
535 656 579 656 579 688 535 688
120 515 147 515 147 547 120 547
887 590 922 590 922 622 887 622
464 1360 501 1360 501 1392 464 1392
114 1354 153 1354 153 1386 114 1386
745 1049 786 1049 786 1081 745 1081
608 758 642 758 642 791 608 791
465 837 501 837 501 870 465 870
185 1145 221 1145 221 1178 185 1178
879 1186 916 1186 916 1219 879 1219
118 436 158 436 158 469 118 469
393 1295 434 1295 434 1328 393 1328
401 1321 420 1321 420 1354 401 1354
261 663 285 663 285 696 261 696
885 1298 916 1298 916 1331 885 1331
321 938 361 938 361 971 321 971
891 1376 912 1376 912 1409 891 1409
606 649 641 649 641 682 606 682
751 484 788 484 788 517 751 517
462 973 503 973 503 1006 462 1006
200 631 220 631 220 665 200 665
120 1101 150 1101 150 1135 120 1135
184 1172 220 1172 220 1206 184 1206
883 994 920 994 920 1028 883 1028
824 393 865 393 865 427 824 427
258 596 301 596 301 630 258 630
690 481 708 481 708 515 690 515
763 580 781 580 781 614 763 614
760 317 781 317 781 351 760 351
816 897 855 897 855 931 816 931
184 959 225 959 225 993 184 993
743 1307 785 1307 785 1341 743 1341
887 1028 907 1028 907 1063 887 1063
890 1265 920 1265 920 1300 890 1300
450 222 481 222 481 257 450 257
329 1022 363 1022 363 1057 329 1057
116 953 152 953 152 988 116 988
255 874 295 874 295 909 255 909
459 766 501 766 501 801 459 801
609 1284 642 1284 642 1319 609 1319
885 808 920 808 920 843 885 843
541 619 578 619 578 654 541 654
605 1253 642 1253 642 1288 605 1288
464 867 502 867 502 902 464 902
397 655 436 655 436 690 397 690
115 674 155 674 155 709 115 709
461 1229 504 1229 504 1264 461 1264
398 687 443 687 443 722 398 722
755 519 777 519 777 554 755 554
114 1322 145 1322 145 1357 114 1357
821 429 858 429 858 464 821 464
819 1325 858 1325 858 1360 819 1360
112 1289 153 1289 153 1324 112 1324
834 600 850 600 850 636 834 636
262 302 295 302 295 338 262 338
609 386 649 386 649 422 609 422
461 799 504 799 504 835 461 835
544 690 564 690 564 726 544 726
254 783 283 783 283 819 254 819
750 858 783 858 783 894 750 894
191 664 228 664 228 700 191 700
813 1224 852 1224 852 1260 813 1260
114 916 155 916 155 952 114 952
748 445 797 445 797 481 748 481
265 1035 281 1035 281 1072 265 1072
755 683 785 683 785 720 755 720
396 843 429 843 429 880 396 880
257 487 290 487 290 524 257 524
210 243 246 243 246 280 210 280
605 787 642 787 642 824 605 824
821 529 862 529 862 566 821 566
183 1108 226 1108 226 1145 183 1145
618 913 630 913 630 950 618 950
178 218 210 218 210 255 178 255
115 370 150 370 150 407 115 407
461 1261 497 1261 497 1298 461 1298
323 609 363 609 363 646 323 646
477 1009 500 1009 500 1046 477 1046
684 439 715 439 715 476 684 476
607 1345 643 1345 643 1382 607 1382
187 535 231 535 231 572 187 572
261 337 292 337 292 375 261 375
322 837 362 837 362 875 322 875
322 1374 363 1374 363 1412 322 1412
132 775 142 775 142 813 132 813
404 302 432 302 432 340 404 340
194 400 223 400 223 438 194 438
822 564 852 564 852 602 822 602
615 346 646 346 646 384 615 384
747 1084 781 1084 781 1122 747 1122
246 698 295 698 295 736 246 736
622 304 636 304 636 343 622 343
825 1350 847 1350 847 1389 825 1389
544 505 574 505 574 544 544 544
818 858 855 858 855 897 818 897
391 1121 434 1121 434 1160 391 1160
405 522 428 522 428 561 405 561
254 996 286 996 286 1035 254 1035
325 645 362 645 362 684 325 684
117 474 154 474 154 513 117 513
464 930 504 930 504 969 464 969
395 1054 426 1054 426 1093 395 1093
472 348 504 348 504 387 472 387
681 398 719 398 719 437 681 437
603 718 645 718 645 757 603 757
535 580 582 580 582 619 535 619
601 1069 645 1069 645 1109 601 1109
109 707 159 707 159 747 109 747
550 305 568 305 568 345 550 345
892 340 914 340 914 380 892 380
123 550 153 550 153 590 123 590
190 1037 227 1037 227 1077 190 1077
197 789 215 789 215 830 197 830
471 647 506 647 506 688 471 688
397 618 434 618 434 659 397 659
813 931 851 931 851 972 813 972
263 444 282 444 282 485 263 485
609 518 646 518 646 559 609 559
882 547 926 547 926 588 882 588
320 1206 365 1206 365 1247 320 1247
195 359 215 359 215 400 195 400
829 350 853 350 853 391 829 391
122 806 150 806 150 847 122 847
327 874 356 874 356 915 327 915
122 990 151 990 151 1031 122 1031
189 490 225 490 225 531 189 531
884 624 921 624 921 665 884 665
605 849 644 849 644 890 605 890
467 602 510 602 510 643 467 643
824 776 842 776 842 818 824 818
468 725 506 725 506 767 468 767
826 998 840 998 840 1040 826 1040
741 1342 788 1342 788 1384 741 1384
391 1249 439 1249 439 1291 391 1291
469 1318 496 1318 496 1361 469 1361
185 1261 218 1261 218 1304 185 1304
187 993 224 993 224 1036 187 1036
393 909 431 909 431 952 393 952
325 328 366 328 366 371 325 371
252 551 296 551 296 594 252 594
609 942 654 942 654 985 609 985
203 321 211 321 211 364 203 364
763 352 780 352 780 395 763 395
193 564 220 564 220 607 193 607
606 677 646 677 646 720 606 720
112 1135 152 1135 152 1178 112 1178
189 441 230 441 230 484 189 484
605 478 647 478 647 521 605 521
605 428 648 428 648 471 605 471
254 405 304 405 304 448 254 448
813 1085 863 1085 863 1128 813 1128
409 1202 416 1202 416 1245 409 1245
475 303 497 303 497 347 475 347
548 345 574 345 574 389 548 389
409 401 427 401 427 445 409 445
404 797 424 797 424 841 404 841
190 831 220 831 220 875 190 875
883 838 918 838 918 882 883 882
767 1124 776 1124 776 1169 767 1169
333 368 353 368 353 413 333 413
884 760 924 760 924 805 884 805
745 1260 785 1260 785 1305 745 1305
602 1208 648 1208 648 1253 602 1253
324 427 371 427 371 472 324 472
752 1214 771 1214 771 1259 752 1259
250 740 291 740 291 785 250 785
881 950 927 950 927 995 881 995
882 1329 923 1329 923 1374 882 1374
883 719 927 719 927 764 883 764
606 1109 645 1109 645 1155 606 1155
112 875 151 875 151 921 112 921
754 1004 774 1004 774 1050 754 1050
177 1363 230 1363 230 1409 177 1409
205 740 213 740 213 787 205 787
400 721 428 721 428 768 400 768
393 1015 433 1015 433 1062 393 1062
120 1206 143 1206 143 1253 120 1253
322 781 367 781 367 828 322 828
886 667 922 667 922 715 886 715
111 299 152 299 152 347 111 347
899 880 908 880 908 928 899 928
462 1181 504 1181 504 1229 462 1229
396 1159 428 1159 428 1208 396 1208
745 811 790 811 790 860 745 860
322 1060 358 1060 358 1109 322 1109
820 691 855 691 855 741 820 741
603 1157 647 1157 647 1207 603 1207
751 397 792 397 792 448 751 448
763 758 772 758 772 809 763 809
329 682 357 682 357 736 329 736
322 733 365 733 365 787 322 787
325 1269 357 1269 357 1324 325 1324
322 504 358 504 358 559 322 559
318 560 362 560 362 616 318 616
