889 639 932 639 932 650 889 650
122 1194 137 1194 137 1208 122 1208
326 435 349 435 349 449 326 449
332 1253 347 1253 347 1267 332 1267
327 476 352 476 352 490 327 490
182 454 211 454 211 469 182 469
183 406 207 406 207 421 183 421
541 539 551 539 551 555 541 555
326 1222 359 1222 359 1239 326 1239
130 757 147 757 147 774 130 774
548 1019 566 1019 566 1037 548 1037
136 474 156 474 156 493 136 493
407 790 425 790 425 809 407 809
428 497 449 497 449 516 428 516
215 601 238 601 238 620 215 620
357 569 370 569 370 589 357 589
325 453 348 453 348 473 325 473
539 516 559 516 559 536 539 536
214 405 241 405 241 425 214 425
122 576 149 576 149 597 122 597
129 699 142 699 142 720 129 720
396 1347 425 1347 425 1368 396 1368
190 865 224 865 224 886 190 886
571 650 588 650 588 672 571 672
565 484 593 484 593 506 565 506
395 1133 430 1133 430 1155 395 1155
223 575 233 575 233 598 223 598
325 527 348 527 348 550 325 550
398 815 429 815 429 838 398 838
124 344 157 344 157 367 124 367
186 427 207 427 207 450 186 450
111 1218 147 1218 147 1241 111 1241
406 730 431 730 431 754 406 754
110 1279 147 1279 147 1303 110 1303
545 956 566 956 566 980 545 980
114 1349 144 1349 144 1373 114 1373
390 1368 432 1368 432 1392 390 1392
267 357 294 357 294 382 267 382
194 1025 214 1025 214 1050 194 1050
185 537 207 537 207 562 185 562
533 1322 569 1322 569 1347 533 1347
548 228 594 228 594 253 548 253
336 1162 346 1162 346 1187 336 1187
359 499 374 499 374 524 359 524
204 887 224 887 224 912 204 912
336 752 365 752 365 778 336 778
411 1104 440 1104 440 1130 411 1130
485 316 503 316 503 342 485 342
137 410 166 410 166 436 137 436
194 837 229 837 229 863 194 863
396 894 431 894 431 920 396 920
321 1313 358 1313 358 1339 321 1339
409 227 450 227 450 253 409 253
326 552 347 552 347 579 326 579
554 1247 584 1247 584 1274 554 1274
211 459 240 459 240 486 211 486
215 516 245 516 245 543 215 543
339 1026 353 1026 353 1053 339 1053
183 506 205 506 205 533 183 533
124 313 151 313 151 340 124 340
537 1147 569 1147 569 1174 537 1174
782 1111 822 1111 822 1138 782 1138
116 597 157 597 157 624 116 624
354 591 374 591 374 619 354 619
354 471 379 471 379 499 354 499
193 913 221 913 221 941 193 941
393 1160 430 1160 430 1188 393 1188
191 762 225 762 225 790 191 790
182 1053 222 1053 222 1081 182 1081
116 671 157 671 157 699 116 699
571 673 587 673 587 702 571 702
131 994 147 994 147 1023 131 1023
190 1303 214 1303 214 1332 190 1332
190 1334 214 1334 214 1363 190 1363
327 1189 353 1189 353 1218 327 1218
565 732 595 732 595 761 565 761
118 1023 153 1023 153 1052 118 1052
536 555 562 555 562 584 536 584
565 703 594 703 594 732 565 732
398 920 437 920 437 949 398 949
257 382 302 382 302 411 257 411
406 1277 419 1277 419 1306 406 1306
217 486 242 486 242 515 217 515
329 945 363 945 363 974 329 974
183 1082 219 1082 219 1111 183 1111
535 1113 572 1113 572 1142 535 1142
570 620 586 620 586 650 570 650
407 987 424 987 424 1017 407 1017
332 803 365 803 365 833 332 833
332 835 365 835 365 865 332 865
537 1173 574 1173 574 1203 537 1203
574 549 587 549 587 579 574 579
183 562 215 562 215 592 183 592
119 441 155 441 155 471 119 471
337 1340 358 1340 358 1371 337 1371
329 1054 361 1054 361 1085 329 1085
546 441 589 441 589 472 546 472
223 543 234 543 234 574 223 574
182 1351 215 1351 215 1382 182 1382
115 831 153 831 153 862 115 862
122 1307 137 1307 137 1339 122 1339
337 868 356 868 356 900 337 900
191 1275 210 1275 210 1307 191 1307
550 1074 563 1074 563 1106 550 1106
280 314 293 314 293 346 280 346
322 581 349 581 349 613 322 613
535 1349 573 1349 573 1381 535 1381
134 541 148 541 148 574 134 574
221 425 236 425 236 458 221 458
537 635 557 635 557 668 537 668
116 1247 143 1247 143 1280 116 1280
397 457 422 457 422 490 397 490
332 778 361 778 361 811 332 811
564 512 597 512 597 545 564 545
325 493 351 493 351 527 325 527
541 841 574 841 574 875 541 875
895 591 920 591 920 625 895 625
182 470 209 470 209 504 182 504
399 754 441 754 441 788 399 788
535 920 577 920 577 954 535 954
357 436 372 436 372 470 357 470
394 1191 427 1191 427 1226 394 1226
320 1278 361 1278 361 1313 320 1313
430 517 442 517 442 552 430 552
564 584 597 584 597 619 564 619
327 714 369 714 369 749 327 749
194 362 237 362 237 397 194 397
541 480 553 480 553 516 541 516
773 830 824 830 824 866 773 866
190 989 216 989 216 1025 190 1025
120 721 156 721 156 757 120 757
184 1202 225 1202 225 1238 184 1238
337 320 379 320 379 356 337 356
417 404 434 404 434 441 417 441
328 1086 363 1086 363 1123 328 1123
552 319 589 319 589 356 552 356
777 1010 830 1010 830 1047 777 1047
191 1239 213 1239 213 1276 191 1276
120 863 147 863 147 901 120 901
354 528 374 528 374 566 354 566
539 981 575 981 575 1019 539 1019
544 402 581 402 581 440 544 440
402 1057 425 1057 425 1095 402 1095
188 1164 226 1164 226 1202 188 1202
473 346 514 346 514 385 473 385
397 1307 420 1307 420 1346 397 1346
536 1038 574 1038 574 1077 536 1077
183 1383 225 1383 225 1422 183 1422
432 456 443 456 443 496 432 496
399 646 437 646 437 686 399 686
116 901 150 901 150 941 116 941
887 330 940 330 940 370 887 370
425 556 446 556 446 597 425 597
122 367 159 367 159 408 122 408
406 254 448 254 448 295 406 295
108 1099 151 1099 151 1140 108 1140
407 319 441 319 441 361 407 361
396 1018 439 1018 439 1060 396 1060
536 592 557 592 557 634 536 634
413 361 436 361 436 403 413 403
195 319 228 319 228 361 195 361
400 598 443 598 443 640 400 640
191 619 235 619 235 661 191 661
341 900 354 900 354 942 341 942
480 385 501 385 501 427 480 427
883 441 936 441 936 483 883 483
329 614 370 614 370 657 329 657
400 686 437 686 437 730 400 730
116 623 154 623 154 667 116 667
539 792 580 792 580 836 539 836
401 491 415 491 415 535 401 535
187 791 230 791 230 835 187 835
540 668 553 668 553 713 540 713
556 356 572 356 572 401 556 401
576 758 587 758 587 803 576 803
538 875 584 875 584 920 538 920
324 1369 351 1369 351 1415 324 1415
193 664 228 664 228 710 193 710
774 1052 822 1052 822 1098 774 1098
887 538 938 538 938 584 887 584
641 484 693 484 693 530 641 530
192 714 225 714 225 760 192 760
124 493 151 493 151 540 124 540
191 941 220 941 220 988 191 988
890 489 937 489 937 536 890 536
551 1196 558 1196 558 1244 551 1244
105 1369 138 1369 138 1417 105 1417
639 536 698 536 698 584 639 584
397 1227 425 1227 425 1275 397 1275
329 975 358 975 358 1024 329 1024
118 1051 152 1051 152 1100 118 1100
120 942 147 942 147 992 120 992
535 1374 569 1374 569 1424 535 1424
185 1113 215 1113 215 1164 185 1164
330 659 366 659 366 710 330 710
775 1301 825 1301 825 1352 775 1352
415 939 422 939 422 990 415 990
884 381 934 381 934 432 884 432
198 231 237 231 237 283 198 283
324 1120 352 1120 352 1174 324 1174
114 773 158 773 158 827 114 827
531 1265 568 1265 568 1320 531 1320
772 955 827 955 827 1010 772 1010
780 1204 820 1204 820 1261 780 1261
773 867 828 867 828 924 773 924
768 1142 828 1142 828 1199 768 1199
345 356 360 356 360 419 345 419
