425 486 434 486 434 495 425 495
327 497 332 497 332 512 327 512
201 1155 216 1155 216 1170 201 1170
479 1203 495 1203 495 1218 479 1218
753 1373 779 1373 779 1388 753 1388
542 896 571 896 571 911 542 911
476 821 493 821 493 837 476 837
898 550 910 550 910 566 898 566
269 459 285 459 285 475 269 475
125 936 141 936 141 952 125 952
337 736 355 736 355 753 337 753
125 430 145 430 145 447 125 447
622 709 641 709 641 726 622 726
615 1236 642 1236 642 1254 615 1254
200 529 209 529 209 547 200 547
334 1064 354 1064 354 1082 334 1082
200 788 217 788 217 807 200 807
402 980 428 980 428 999 402 999
398 494 430 494 430 513 398 513
326 476 339 476 339 496 326 496
831 596 845 596 845 616 831 616
470 945 505 945 505 965 470 965
117 658 159 658 159 678 117 678
272 546 282 546 282 566 272 566
136 561 160 561 160 581 136 581
478 1290 492 1290 492 1310 478 1310
824 616 849 616 849 636 824 636
899 984 912 984 912 1005 899 1005
537 355 582 355 582 376 537 376
832 1336 842 1336 842 1357 832 1357
622 1135 641 1135 641 1156 622 1156
328 762 365 762 365 783 328 783
690 400 706 400 706 422 690 422
130 480 150 480 150 502 130 502
399 549 428 549 428 571 399 571
342 1155 358 1155 358 1177 342 1177
830 855 847 855 847 877 830 877
897 682 914 682 914 704 897 704
128 1042 147 1042 147 1064 128 1064
126 1019 145 1019 145 1041 126 1041
548 471 568 471 568 493 548 493
609 1334 640 1334 640 1356 609 1356
752 1001 785 1001 785 1023 752 1023
328 1088 363 1088 363 1110 328 1110
549 418 563 418 563 441 549 441
478 1007 494 1007 494 1030 478 1030
613 1185 640 1185 640 1208 613 1208
482 1339 495 1339 495 1362 482 1362
552 1041 569 1041 569 1064 552 1064
340 1288 359 1288 359 1311 340 1311
401 954 430 954 430 977 401 977
127 878 141 878 141 901 127 901
353 537 371 537 371 560 353 560
200 916 221 916 221 939 200 939
347 509 368 509 368 532 347 532
261 620 286 620 286 643 261 643
627 835 638 835 638 859 627 859
547 986 561 986 561 1010 547 1010
478 763 494 763 494 787 478 787
921 337 941 337 941 361 921 361
918 316 939 316 939 340 918 340
401 604 429 604 429 628 401 628
889 525 920 525 920 549 889 549
830 790 847 790 847 814 830 814
200 943 218 943 218 967 200 967
328 1223 363 1223 363 1247 328 1247
114 1112 150 1112 150 1136 114 1136
689 963 706 963 706 988 689 988
899 1258 923 1258 923 1283 899 1283
121 1089 148 1089 148 1114 121 1114
196 330 228 330 228 355 196 355
337 677 349 677 349 702 337 702
830 395 846 395 846 420 830 420
124 1363 142 1363 142 1388 124 1388
345 1192 370 1192 370 1217 345 1217
119 730 148 730 148 755 119 755
819 1135 853 1135 853 1160 819 1160
355 484 365 484 365 509 355 509
410 1040 422 1040 422 1065 410 1065
343 1315 357 1315 357 1340 343 1340
900 1010 915 1010 915 1035 900 1035
828 1311 847 1311 847 1336 828 1336
128 673 149 673 149 698 128 698
465 442 493 442 493 467 465 467
482 1145 495 1145 495 1171 482 1171
620 770 646 770 646 796 620 796
403 856 435 856 435 882 403 882
819 638 852 638 852 664 819 664
254 566 290 566 290 592 254 592
683 864 720 864 720 890 683 890
903 1200 917 1200 917 1226 903 1226
761 509 775 509 775 535 761 535
267 593 282 593 282 619 267 619
620 648 635 648 635 674 620 674
322 516 340 516 340 542 322 542
618 1074 637 1074 637 1100 618 1100
822 1200 851 1200 851 1226 822 1226
829 911 843 911 843 938 829 938
268 400 283 400 283 427 268 427
760 842 776 842 776 869 760 869
139 326 166 326 166 353 139 353
546 833 575 833 575 860 546 860
122 502 152 502 152 529 122 529
122 1194 155 1194 155 1221 122 1221
748 720 790 720 790 747 748 747
132 1065 146 1065 146 1092 132 1092
616 1159 637 1159 637 1186 616 1186
895 773 918 773 918 800 895 800
617 859 642 859 642 886 617 886
350 560 376 560 376 587 350 587
751 318 786 318 786 345 751 345
467 1260 506 1260 506 1287 467 1287
698 988 704 988 704 1015 698 1015
195 1090 211 1090 211 1117 195 1117
199 727 215 727 215 754 199 754
337 404 355 404 355 431 337 431
332 1334 361 1334 361 1361 332 1361
889 652 919 652 919 679 889 679
395 631 426 631 426 658 395 658
259 643 290 643 290 670 259 670
540 1070 573 1070 573 1097 540 1097
469 375 504 375 504 402 469 402
325 1362 361 1362 361 1389 325 1389
552 955 566 955 566 983 552 983
687 469 706 469 706 497 687 497
614 408 641 408 641 436 614 436
893 1177 926 1177 926 1205 893 1205
897 705 913 705 913 734 897 734
196 500 215 500 215 529 196 529
115 529 151 529 151 558 115 558
552 496 564 496 564 525 552 525
477 878 492 878 492 907 477 907
337 1004 352 1004 352 1033 337 1033
129 447 148 447 148 476 129 476
471 1362 500 1362 500 1391 471 1391
400 413 435 413 435 442 400 442
540 1011 575 1011 575 1040 540 1040
832 1100 846 1100 846 1129 832 1129
339 852 354 852 354 881 339 881
688 585 705 585 705 614 688 614
318 444 344 444 344 473 318 473
115 755 154 755 154 784 115 784
914 392 921 392 921 422 914 422
411 883 424 883 424 913 411 913
552 689 566 689 566 719 552 719
123 1333 139 1333 139 1363 123 1363
124 352 150 352 150 382 124 382
332 701 358 701 358 731 332 731
683 1016 713 1016 713 1046 683 1046
822 935 852 935 852 965 822 965
121 957 153 957 153 987 121 987
685 1050 718 1050 718 1080 685 1080
608 1208 643 1208 643 1238 608 1238
415 789 423 789 423 819 415 819
766 647 782 647 782 677 766 677
199 1291 220 1291 220 1321 199 1321
330 1031 359 1031 359 1061 330 1061
753 1193 783 1193 783 1223 753 1223
183 470 221 470 221 500 183 500
409 758 424 758 424 789 409 789
332 882 360 882 360 913 332 913
398 820 430 820 430 851 398 851
534 441 574 441 574 472 534 472
750 1223 790 1223 790 1254 750 1254
907 1227 921 1227 921 1258 907 1258
131 700 145 700 145 731 131 731
202 1323 216 1323 216 1354 202 1354
618 380 635 380 635 411 618 411
130 1271 153 1271 153 1302 130 1302
893 363 922 363 922 394 893 394
476 909 505 909 505 940 476 940
397 334 432 334 432 365 397 365
398 445 433 445 433 476 398 476
258 330 294 330 294 361 258 361
682 1133 720 1133 720 1164 682 1164
256 514 295 514 295 545 256 545
546 322 564 322 564 353 546 353
198 842 218 842 218 873 198 873
337 784 358 784 358 815 337 815
260 423 289 423 289 454 260 454
893 1036 922 1036 922 1067 893 1067
753 535 784 535 784 566 753 566
467 468 505 468 505 499 467 499
605 1359 644 1359 644 1390 605 1390
626 1040 639 1040 639 1072 626 1072
129 587 145 587 145 619 129 619
681 666 707 666 707 698 681 698
544 617 574 617 574 649 544 649
889 461 922 461 922 493 889 493
891 1282 926 1282 926 1314 891 1314
756 1301 774 1301 774 1333 756 1333
614 674 641 674 641 706 614 706
119 902 149 902 149 934 119 934
327 648 359 648 359 680 327 680
889 490 922 490 922 522 889 522
400 726 433 726 433 758 400 758
536 762 577 762 577 794 536 794
755 866 781 866 781 899 755 899
193 967 224 967 224 1000 193 1000
191 1354 224 1354 224 1387 191 1387
115 1244 150 1244 150 1277 115 1277
395 515 430 515 430 548 395 548
539 862 578 862 578 895 539 895
326 370 369 370 369 403 326 403
128 621 153 621 153 654 128 654
192 752 218 752 218 785 192 785
472 785 500 785 500 818 472 818
192 396 221 396 221 429 192 429
398 572 429 572 429 605 398 605
471 1168 502 1168 502 1201 471 1201
541 1184 576 1184 576 1217 541 1217
681 791 716 791 716 824 681 824
398 659 433 659 433 692 398 692
325 816 363 816 363 849 325 849
256 364 296 364 296 397 256 397
830 557 844 557 844 590 830 590
353 450 369 450 369 483 353 483
822 358 855 358 855 391 822 391
121 988 155 988 155 1021 121 1021
469 844 504 844 504 877 469 877
473 1030 500 1030 500 1064 473 1064
261 480 292 480 292 514 261 514
195 814 229 814 229 848 195 848
473 1225 507 1225 507 1259 473 1259
819 818 856 818 856 852 819 852
467 729 505 729 505 763 467 763
612 799 651 799 651 833 612 833
902 951 919 951 919 985 902 985
614 1100 643 1100 643 1134 614 1134
821 878 853 878 853 912 821 912
188 1116 220 1116 220 1150 188 1150
613 1005 646 1005 646 1039 613 1039
823 750 851 750 851 785 823 785
610 436 643 436 643 471 610 471
755 385 789 385 789 420 755 420
119 1155 154 1155 154 1190 119 1190
748 1333 784 1333 784 1368 748 1368
191 606 228 606 228 641 191 641
326 543 336 543 336 578 326 578
899 1064 919 1064 919 1099 899 1099
753 610 785 610 785 645 753 645
189 643 223 643 223 678 189 678
332 334 363 334 363 370 332 370
192 1175 224 1175 224 1211 192 1211
614 572 649 572 649 608 614 608
187 355 223 355 223 391 187 391
819 1160 864 1160 864 1196 819 1196
684 828 714 828 714 864 684 864
896 1137 928 1137 928 1173 896 1173
682 888 714 888 714 924 682 924
761 1112 776 1112 776 1149 761 1149
617 967 644 967 644 1004 617 1004
542 916 576 916 576 953 542 953
889 1100 924 1100 924 1137 889 1137
471 635 506 635 506 672 471 672
613 611 652 611 652 648 613 648
549 377 571 377 571 414 549 414
540 796 572 796 572 833 540 833
681 497 714 497 714 534 681 534
467 1067 504 1067 504 1104 467 1104
605 1293 646 1293 646 1330 605 1330
200 1212 229 1212 229 1249 200 1249
191 876 223 876 223 913 191 913
752 421 789 421 789 458 752 458
476 404 494 404 494 442 476 442
611 1255 647 1255 647 1293 611 1293
544 524 571 524 571 562 544 562
749 1255 782 1255 782 1293 749 1293
480 967 497 967 497 1006 480 1006
196 431 217 431 217 470 196 470
893 734 923 734 923 773 893 773
684 926 714 926 714 965 684 965
467 1308 504 1308 504 1347 467 1347
126 382 140 382 140 421 126 421
475 539 491 539 491 578 475 578
187 1051 224 1051 224 1090 187 1090
818 319 861 319 861 358 818 358
408 999 426 999 426 1038 408 1038
826 469 846 469 846 508 826 508
754 1070 784 1070 784 1109 754 1109
753 345 785 345 785 384 753 384
468 332 502 332 502 371 468 371
333 1115 367 1115 367 1154 333 1154
400 367 439 367 439 407 400 407
828 709 849 709 849 749 828 749
823 666 850 666 850 706 823 706
615 729 648 729 648 769 615 769
537 1098 576 1098 576 1138 537 1138
761 678 784 678 784 719 761 719
894 609 920 609 920 650 894 650
399 912 438 912 438 953 399 953
674 356 715 356 715 397 674 397
548 651 567 651 567 692 548 692
613 528 650 528 650 569 613 569
185 283 227 283 227 324 185 324
821 1351 863 1351 863 1392 821 1392
548 719 574 719 574 760 548 760
821 1269 854 1269 854 1310 821 1310
537 1141 576 1141 576 1182 537 1182
116 785 157 785 157 826 116 826
893 567 922 567 922 609 893 609
121 1302 151 1302 151 1344 121 1344
819 424 860 424 860 466 819 466
466 281 507 281 507 323 466 323
329 1246 372 1246 372 1288 329 1288
328 283 371 283 371 325 328 325
682 313 709 313 709 356 682 356
189 1005 226 1005 226 1048 189 1048
612 284 653 284 653 327 612 327
749 798 794 798 794 841 749 841
404 1066 429 1066 429 1109 404 1109
819 1056 852 1056 852 1100 819 1100
327 918 364 918 364 962 327 962
191 681 222 681 222 725 191 725
468 1104 507 1104 507 1149 468 1149
899 803 915 803 915 848 899 848
749 954 788 954 788 999 749 999
755 1149 780 1149 780 1195 755 1195
326 963 365 963 365 1009 326 1009
820 508 860 508 860 554 820 554
895 849 912 849 912 896 895 896
754 750 781 750 781 798 754 798
193 1251 230 1251 230 1299 193 1299
753 459 784 459 784 508 753 508
680 534 711 534 711 583 680 583
546 564 573 564 573 614 546 614
680 424 714 424 714 474 680 474
686 1082 716 1082 716 1133 686 1133
679 698 712 698 712 749 679 749
125 826 150 826 150 877 125 877
825 963 855 963 855 1014 825 1014
893 896 924 896 924 948 893 948
185 553 220 553 220 605 185 605
468 676 501 676 501 729 468 729
327 591 360 591 360 647 327 647
475 579 497 579 497 636 475 636
612 469 645 469 645 528 612 528
