206 1253 216 1253 216 1261 206 1261
110 1036 144 1036 144 1045 110 1045
482 411 498 411 498 424 482 424
810 1299 838 1299 838 1313 810 1313
669 1275 701 1275 701 1289 669 1289
326 922 353 922 353 938 326 938
529 634 558 634 558 650 529 650
399 398 416 398 416 414 399 414
394 1251 412 1251 412 1267 394 1267
810 641 842 641 842 657 810 657
326 643 344 643 344 659 326 659
325 1018 352 1018 352 1034 325 1034
546 1174 573 1174 573 1190 546 1190
751 1340 779 1340 779 1356 751 1356
468 732 485 732 485 749 468 749
888 1032 906 1032 906 1049 888 1049
466 1056 484 1056 484 1073 466 1073
538 937 557 937 557 954 538 954
182 812 212 812 212 829 182 829
257 570 271 570 271 588 257 588
239 981 264 981 264 999 239 999
531 369 561 369 561 387 531 387
392 942 410 942 410 960 392 960
482 340 501 340 501 358 482 358
241 998 261 998 261 1016 241 1016
124 372 137 372 137 390 124 390
519 1316 532 1316 532 1334 519 1334
250 588 280 588 280 606 250 606
116 455 140 455 140 474 116 474
478 428 505 428 505 447 478 447
121 602 133 602 133 621 121 621
889 689 908 689 908 708 889 708
550 1391 571 1391 571 1410 550 1410
249 492 279 492 279 511 249 511
474 450 505 450 505 469 474 469
822 340 839 340 839 360 822 360
739 1001 767 1001 767 1021 739 1021
811 826 840 826 840 846 811 846
742 368 775 368 775 388 742 388
529 389 562 389 562 409 529 409
530 609 563 609 563 629 530 629
386 1397 420 1397 420 1417 386 1417
529 473 564 473 564 493 529 493
745 981 761 981 761 1001 745 1001
269 991 290 991 290 1011 269 1011
460 342 472 342 472 363 460 363
602 426 630 426 630 447 602 447
454 1073 489 1073 489 1094 454 1094
272 939 286 939 286 960 272 960
540 346 556 346 556 367 540 367
546 1194 567 1194 567 1215 546 1215
481 385 503 385 503 406 481 406
263 543 293 543 293 564 263 564
552 1366 563 1366 563 1388 552 1388
394 489 412 489 412 511 394 511
610 406 630 406 630 428 610 428
113 620 140 620 140 642 113 642
668 816 700 816 700 838 668 838
528 1018 563 1018 563 1040 528 1040
382 1268 417 1268 417 1290 382 1290
392 884 404 884 404 906 392 906
817 1054 834 1054 834 1076 817 1076
384 820 414 820 414 842 384 842
246 465 283 465 283 487 246 487
823 448 838 448 838 471 823 471
887 979 903 979 903 1002 887 1002
392 511 423 511 423 534 392 534
463 1160 481 1160 481 1183 463 1183
819 687 844 687 844 710 819 710
816 1135 845 1135 845 1158 816 1158
249 515 282 515 282 538 249 538
322 1133 355 1133 355 1156 322 1156
324 1240 363 1240 363 1263 324 1263
549 1254 566 1254 566 1277 549 1277
189 786 207 786 207 809 189 809
887 1202 905 1202 905 1225 887 1225
515 1182 535 1182 535 1205 515 1205
516 1395 539 1395 539 1418 516 1418
480 359 505 359 505 382 480 382
682 337 711 337 711 360 682 360
543 494 558 494 558 518 543 518
330 336 348 336 348 360 330 360
513 1264 534 1264 534 1288 513 1288
267 878 293 878 293 902 267 902
121 794 137 794 137 818 121 818
398 535 416 535 416 559 398 559
889 851 907 851 907 875 889 875
679 407 702 407 702 431 679 431
390 1001 419 1001 419 1025 390 1025
245 875 259 875 259 900 245 900
328 586 344 586 344 611 328 611
254 430 273 430 273 455 254 455
120 822 139 822 139 847 120 847
111 1092 144 1092 144 1117 111 1117
465 785 498 785 498 810 465 810
323 990 357 990 357 1015 323 1015
453 1135 490 1135 490 1160 453 1160
552 1279 564 1279 564 1304 552 1304
470 676 485 676 485 701 470 701
239 930 260 930 260 955 239 955
110 928 146 928 146 953 110 953
663 1013 701 1013 701 1038 663 1038
677 527 694 527 694 552 677 552
745 1221 763 1221 763 1246 745 1246
190 585 209 585 209 610 190 610
548 1119 571 1119 571 1144 548 1144
247 1089 273 1089 273 1114 247 1114
530 959 563 959 563 984 530 984
679 920 689 920 689 946 679 946
884 634 903 634 903 660 884 660
322 771 343 771 343 797 322 797
512 1288 535 1288 535 1314 512 1314
746 682 770 682 770 708 746 708
534 520 565 520 565 546 534 546
531 585 562 585 562 611 531 611
741 523 776 523 776 549 741 549
391 1050 411 1050 411 1076 391 1076
111 768 142 768 142 794 111 794
805 1076 843 1076 843 1102 805 1102
889 1359 902 1359 902 1386 889 1386
238 902 265 902 265 929 238 929
109 642 141 642 141 669 109 669
182 1262 215 1262 215 1289 182 1289
803 660 844 660 844 687 803 687
335 1106 347 1106 347 1133 335 1133
519 1338 536 1338 536 1365 519 1365
513 1365 535 1365 535 1392 513 1392
743 339 772 339 772 366 743 366
121 391 135 391 135 418 121 418
885 461 908 461 908 488 885 488
888 1057 912 1057 912 1084 888 1084
545 1216 573 1216 573 1243 545 1243
388 336 421 336 421 363 388 363
323 1039 356 1039 356 1066 323 1066
457 809 492 809 492 836 457 836
526 771 571 771 571 798 526 798
749 791 756 791 756 819 749 819
749 949 762 949 762 977 749 977
123 426 137 426 137 454 123 454
389 1191 406 1191 406 1219 389 1219
608 528 626 528 626 556 608 556
547 1305 570 1305 570 1333 547 1333
737 1246 765 1246 765 1274 737 1274
666 1313 695 1313 695 1341 666 1341
383 1023 418 1023 418 1051 383 1051
807 1103 845 1103 845 1131 807 1131
191 556 209 556 209 584 191 584
536 876 556 876 556 904 536 904
546 1145 571 1145 571 1173 546 1173
532 703 559 703 559 731 532 731
236 955 263 955 263 983 236 983
324 701 354 701 354 729 324 729
876 1229 909 1229 909 1257 876 1257
667 947 701 947 701 975 667 975
178 528 213 528 213 556 178 556
736 1060 775 1060 775 1088 736 1088
176 711 219 711 219 739 176 739
470 835 483 835 483 864 470 864
273 961 287 961 287 990 273 990
814 1390 832 1390 832 1419 814 1419
675 498 695 498 695 527 675 527
749 489 776 489 776 518 749 518
262 715 289 715 289 744 262 744
109 1209 142 1209 142 1238 109 1238
742 613 778 613 778 642 742 642
524 1204 532 1204 532 1233 524 1233
745 1190 761 1190 761 1219 745 1219
747 708 765 708 765 737 747 737
390 420 423 420 423 449 390 449
111 471 150 471 150 500 111 500
381 788 421 788 421 817 381 817
744 1352 756 1352 756 1381 744 1381
191 865 206 865 206 894 191 894
393 559 418 559 418 588 393 588
740 1310 768 1310 768 1339 740 1339
320 797 349 797 349 826 320 826
882 659 912 659 912 688 882 688
322 364 352 364 352 393 322 393
811 613 842 613 842 642 811 642
665 1244 704 1244 704 1273 665 1273
541 1037 555 1037 555 1067 541 1067
454 363 472 363 472 393 454 393
806 943 837 943 837 973 806 973
549 443 557 443 557 473 549 473
516 1118 537 1118 537 1148 516 1148
460 753 494 753 494 783 460 783
180 647 214 647 214 677 180 677
882 714 917 714 917 744 882 744
318 1156 354 1156 354 1186 318 1186
176 934 215 934 215 964 176 964
316 397 357 397 357 427 316 427
118 494 135 494 135 525 118 525
816 1266 834 1266 834 1297 816 1297
886 1125 908 1125 908 1156 886 1156
673 432 703 432 703 463 673 463
246 610 281 610 281 641 246 641
458 650 494 650 494 681 458 681
596 448 634 448 634 479 596 479
677 1213 691 1213 691 1244 677 1244
388 625 417 625 417 656 388 656
882 1001 911 1001 911 1032 882 1032
456 1184 488 1184 488 1215 456 1215
385 1367 417 1367 417 1398 385 1398
320 612 353 612 353 643 320 643
108 894 147 894 147 925 108 925
492 466 497 466 497 497 492 497
612 375 628 375 628 406 612 406
882 876 913 876 913 907 882 907
251 744 284 744 284 775 251 775
460 700 494 700 494 731 460 731
465 990 481 990 481 1022 465 1022
744 917 765 917 765 949 744 949
743 1158 764 1158 764 1190 743 1190
267 904 290 904 290 936 267 936
384 1219 417 1219 417 1251 384 1251
885 783 908 783 908 815 885 815
813 1194 838 1194 838 1226 813 1226
670 704 700 704 700 736 670 736
668 590 704 590 704 622 668 622
735 582 772 582 772 614 735 614
878 525 916 525 916 557 878 557
529 676 567 676 567 708 529 708
102 1243 141 1243 141 1275 102 1275
748 884 761 884 761 917 748 917
883 428 913 428 913 461 883 461
530 1068 561 1068 561 1101 530 1101
457 1023 492 1023 492 1056 457 1056
745 456 780 456 780 489 745 489
316 665 354 665 354 698 316 698
546 1333 567 1333 567 1366 546 1366
179 333 210 333 210 366 179 366
740 819 772 819 772 852 740 852
808 1158 841 1158 841 1191 808 1191
389 364 424 364 424 397 389 397
739 388 776 388 776 421 739 421
517 1149 533 1149 533 1182 517 1182
463 864 490 864 490 897 463 897
115 524 142 524 142 557 115 557
529 904 562 904 562 937 529 937
882 910 915 910 915 943 882 943
739 1092 775 1092 775 1125 739 1125
182 412 220 412 220 446 182 446
181 1051 221 1051 221 1085 181 1085
665 1037 706 1037 706 1071 665 1071
748 547 766 547 766 581 748 581
384 906 415 906 415 940 384 940
178 1297 214 1297 214 1331 178 1331
875 945 922 945 922 979 875 979
385 589 432 589 432 623 385 623
256 1055 270 1055 270 1090 256 1090
515 1223 542 1223 542 1258 515 1258
878 1385 911 1385 911 1420 878 1420
736 1381 770 1381 770 1416 736 1416
173 675 215 675 215 710 173 710
887 816 902 816 902 851 887 851
189 612 210 612 210 647 189 647
675 463 701 463 701 498 675 498
117 336 144 336 144 371 117 371
383 1111 413 1111 413 1146 383 1146
671 1071 709 1071 709 1106 671 1106
741 646 779 646 779 681 741 681
598 560 637 560 637 595 598 595
110 999 149 999 149 1034 110 1034
174 454 216 454 216 489 174 489
187 1376 201 1376 201 1411 187 1411
535 410 560 410 560 445 535 445
815 471 842 471 842 506 815 506
249 681 281 681 281 716 249 716
322 463 358 463 358 498 322 498
739 855 780 855 780 890 739 890
658 1287 705 1287 705 1322 658 1322
536 650 553 650 553 686 536 686
671 1380 694 1380 694 1416 671 1416
813 749 838 749 838 785 813 785
387 1077 416 1077 416 1113 387 1113
455 1333 488 1333 488 1369 455 1369
874 486 917 486 917 522 874 522
246 336 291 336 291 372 246 372
386 1332 412 1332 412 1368 386 1368
677 1098 708 1098 708 1134 677 1134
244 1018 277 1018 277 1054 244 1054
108 1329 145 1329 145 1365 108 1365
735 1274 774 1274 774 1310 735 1310
108 1168 150 1168 150 1204 108 1204
274 1264 282 1264 282 1301 274 1301
179 830 211 830 211 867 179 867
806 1353 849 1353 849 1390 806 1390
393 450 428 450 428 487 393 487
670 881 705 881 705 918 670 918
459 570 498 570 498 607 459 607
812 364 852 364 852 401 812 401
527 548 568 548 568 585 527 585
169 1221 223 1221 223 1258 169 1258
665 553 702 553 702 590 665 590
261 641 269 641 269 679 261 679
810 574 843 574 843 612 810 612
454 1257 492 1257 492 1295 454 1295
240 1332 280 1332 280 1370 240 1370
382 657 427 657 427 695 382 695
887 744 903 744 903 782 887 782
675 1135 700 1135 700 1173 675 1173
667 734 708 734 708 772 667 772
818 710 833 710 833 749 818 749
877 598 916 598 916 637 877 637
383 962 424 962 424 1001 383 1001
662 1341 705 1341 705 1380 662 1380
677 974 696 974 696 1013 677 1013
804 1314 843 1314 843 1353 804 1353
109 958 152 958 152 997 109 997
523 729 570 729 570 768 523 768
171 1178 222 1178 222 1217 171 1217
747 1118 761 1118 761 1157 747 1157
815 1227 832 1227 832 1267 815 1267
462 1095 491 1095 491 1135 462 1135
879 1084 910 1084 910 1124 879 1124
882 395 920 395 920 435 882 435
174 488 215 488 215 528 174 528
120 669 132 669 132 709 120 709
604 334 637 334 637 374 604 374
738 1021 775 1021 775 1061 738 1061
882 352 921 352 921 392 882 392
460 489 501 489 501 529 460 529
814 785 831 785 831 826 814 826
323 1065 360 1065 360 1106 323 1106
668 1169 699 1169 699 1210 668 1210
386 750 419 750 419 791 386 791
384 843 418 843 418 884 384 884
244 1293 284 1293 284 1334 244 1334
385 1293 429 1293 429 1334 385 1334
521 799 568 799 568 840 521 840
320 553 347 553 347 594 320 594
179 742 213 742 213 783 179 783
177 892 219 892 219 933 177 933
802 973 845 973 845 1014 802 1014
178 967 221 967 221 1008 178 1008
531 984 570 984 570 1026 531 1026
802 1014 843 1014 843 1056 802 1056
448 1371 493 1371 493 1413 448 1413
879 558 913 558 913 600 879 600
255 779 278 779 278 822 255 822
458 527 500 527 500 570 458 570
242 1372 283 1372 283 1415 242 1415
316 422 357 422 357 465 316 465
174 1086 218 1086 218 1129 174 1129
661 671 708 671 708 714 661 714
120 557 150 557 150 600 120 600
381 1147 416 1147 416 1190 381 1190
666 775 705 775 705 818 666 818
599 484 631 484 631 528 599 528
176 1010 217 1010 217 1054 176 1054
104 1122 149 1122 149 1166 104 1166
456 393 471 393 471 437 456 437
173 1133 215 1133 215 1177 173 1177
179 367 209 367 209 412 179 412
245 1168 275 1168 275 1213 245 1213
453 945 494 945 494 990 453 990
880 302 923 302 923 347 880 347
117 847 146 847 146 892 117 892
324 874 355 874 355 919 324 919
325 939 360 939 360 984 325 984
454 1216 494 1216 494 1261 454 1261
529 299 572 299 572 344 529 344
524 835 564 835 564 881 524 881
887 1156 901 1156 901 1202 887 1202
322 730 337 730 337 776 322 776
677 361 704 361 704 407 677 407
810 531 844 531 844 577 810 577
456 898 495 898 495 944 456 944
246 822 285 822 285 869 246 869
318 826 358 826 358 873 318 873
805 896 845 896 845 943 805 943
871 1311 914 1311 914 1358 871 1358
454 1291 483 1291 483 1338 454 1338
811 400 848 400 848 448 811 448
242 1216 285 1216 285 1264 242 1264
458 602 493 602 493 650 458 650
180 1331 215 1331 215 1379 180 1379
737 741 770 741 770 790 737 790
243 1115 283 1115 283 1166 243 1166
383 695 418 695 418 747 383 747
243 374 283 374 283 426 243 426
330 1187 349 1187 349 1240 330 1240
113 711 145 711 145 765 113 765
318 498 351 498 351 553 318 553
877 1257 914 1257 914 1315 877 1315
103 1276 142 1276 142 1334 103 1334
