205 1172 230 1172 230 1185 205 1185
623 1378 649 1378 649 1392 623 1392
629 565 650 565 650 580 629 580
758 392 787 392 787 407 758 407
410 1094 440 1094 440 1109 410 1109
558 1317 574 1317 574 1332 558 1332
760 1319 787 1319 787 1334 760 1334
684 1188 713 1188 713 1203 684 1203
552 508 577 508 577 524 552 524
616 955 645 955 645 971 616 971
622 514 648 514 648 531 622 531
619 858 649 858 649 875 619 875
631 1300 649 1300 649 1317 631 1317
825 773 853 773 853 790 825 790
478 820 508 820 508 838 478 838
420 293 432 293 432 311 420 311
340 654 369 654 369 672 340 672
547 717 579 717 579 735 547 735
620 381 658 381 658 400 620 400
345 405 370 405 370 424 345 424
200 607 236 607 236 626 200 626
274 702 295 702 295 721 274 721
761 584 792 584 792 603 761 603
408 1041 439 1041 439 1060 408 1060
827 501 859 501 859 520 827 520
633 1033 652 1033 652 1053 633 1053
555 1335 576 1335 576 1355 555 1355
279 1062 298 1062 298 1082 279 1082
611 1015 655 1015 655 1035 611 1035
345 833 358 833 358 854 345 854
551 973 572 973 572 994 551 994
483 1340 506 1340 506 1361 483 1361
545 295 587 295 587 316 545 316
758 1213 794 1213 794 1234 758 1234
348 803 365 803 365 825 348 825
617 1275 652 1275 652 1297 617 1297
828 1235 863 1235 863 1257 828 1257
405 1256 442 1256 442 1278 405 1278
199 585 238 585 238 608 199 608
404 493 454 493 454 516 404 516
628 485 650 485 650 508 628 508
343 702 367 702 367 725 343 725
895 1310 929 1310 929 1333 895 1333
272 293 305 293 305 316 272 316
619 584 653 584 653 607 619 607
893 614 933 614 933 637 893 637
885 713 940 713 940 736 885 736
558 482 576 482 576 506 558 506
754 520 791 520 791 544 754 544
759 703 789 703 789 727 759 727
615 721 648 721 648 745 615 745
613 1140 649 1140 649 1164 613 1164
545 894 582 894 582 918 545 918
753 362 794 362 794 386 753 386
752 1367 798 1367 798 1391 752 1391
485 672 498 672 498 697 485 697
902 589 920 589 920 614 902 614
417 877 436 877 436 902 417 902
271 1183 291 1183 291 1208 271 1208
197 1191 229 1191 229 1216 197 1216
404 706 443 706 443 731 404 731
684 993 724 993 724 1018 684 1018
684 448 730 448 730 473 684 473
415 379 431 379 431 404 415 404
486 437 509 437 509 462 486 462
766 675 783 675 783 700 766 700
543 1102 578 1102 578 1127 543 1127
474 1054 510 1054 510 1080 474 1080
685 574 723 574 723 600 685 600
474 976 512 976 512 1002 474 1002
335 426 377 426 377 452 335 452
888 367 931 367 931 393 888 393
679 1055 727 1055 727 1081 679 1081
560 316 575 316 575 342 560 342
481 795 497 795 497 821 481 821
272 792 300 792 300 818 272 818
477 733 507 733 507 759 477 759
685 1336 719 1336 719 1362 685 1362
681 751 721 751 721 777 681 777
902 1096 921 1096 921 1123 902 1123
611 696 647 696 647 723 611 723
616 1210 652 1210 652 1237 616 1237
682 603 725 603 725 630 682 630
405 901 451 901 451 928 405 928
892 428 926 428 926 455 892 455
759 944 780 944 780 971 759 971
268 1089 304 1089 304 1116 268 1116
409 313 449 313 449 340 409 340
280 863 296 863 296 891 280 891
624 661 643 661 643 689 624 689
556 418 577 418 577 446 556 446
273 540 300 540 300 568 273 568
271 1314 299 1314 299 1342 271 1342
128 604 162 604 162 632 128 632
754 486 800 486 800 514 754 514
556 1072 566 1072 566 1100 556 1100
139 292 154 292 154 320 139 320
409 464 439 464 439 492 409 492
409 1317 450 1317 450 1345 409 1345
276 629 293 629 293 658 276 658
143 394 165 394 165 423 143 423
549 735 573 735 573 764 549 764
400 1060 442 1060 442 1089 400 1089
622 927 635 927 635 956 622 956
763 1021 781 1021 781 1050 763 1050
838 470 857 470 857 499 838 499
272 728 314 728 314 757 272 757
823 1257 870 1257 870 1286 823 1286
680 848 728 848 728 877 680 877
354 375 366 375 366 404 354 404
486 405 504 405 504 434 486 434
687 721 719 721 719 750 687 750
824 1033 858 1033 858 1062 824 1062
683 915 721 915 721 944 683 944
819 710 861 710 861 739 819 739
546 1285 588 1285 588 1314 546 1314
470 871 516 871 516 900 470 900
485 1157 503 1157 503 1187 485 1187
831 841 850 841 850 871 831 871
278 999 298 999 298 1029 278 1029
477 496 512 496 512 526 477 526
477 904 513 904 513 934 477 934
542 1044 579 1044 579 1074 542 1074
264 1118 303 1118 303 1148 264 1148
266 762 308 762 308 792 266 792
330 670 377 670 377 700 330 700
835 740 849 740 849 770 835 770
345 625 365 625 365 655 345 655
616 788 651 788 651 818 616 818
409 404 447 404 447 434 409 434
889 822 928 822 928 852 889 852
687 1360 716 1360 716 1390 687 1390
892 336 921 336 921 366 892 366
617 1319 653 1319 653 1349 617 1349
615 533 652 533 652 563 615 563
769 296 782 296 782 327 769 327
765 1285 783 1285 783 1316 765 1316
547 940 574 940 574 971 547 971
206 1289 234 1289 234 1320 206 1320
683 816 718 816 718 847 683 847
204 333 240 333 240 364 204 364
749 727 793 727 793 758 749 758
474 376 519 376 519 407 474 407
892 1024 939 1024 939 1055 892 1055
753 604 801 604 801 635 753 635
699 695 716 695 716 726 699 726
199 643 221 643 221 674 199 674
212 880 234 880 234 911 212 911
757 1146 788 1146 788 1177 757 1177
893 1124 926 1124 926 1155 893 1155
475 1362 514 1362 514 1393 475 1393
130 474 170 474 170 505 130 505
824 332 870 332 870 363 824 363
749 1178 796 1178 796 1209 749 1209
276 1283 293 1283 293 1315 276 1315
693 1302 718 1302 718 1334 693 1334
343 460 376 460 376 492 343 492
267 1030 301 1030 301 1062 267 1062
824 873 864 873 864 905 824 905
902 395 913 395 913 427 902 427
896 552 927 552 927 584 896 584
344 495 377 495 377 527 344 527
266 659 303 659 303 691 266 691
755 1335 795 1335 795 1367 755 1367
694 661 716 661 716 693 694 693
280 393 303 393 303 425 280 425
758 328 788 328 788 360 758 360
407 578 442 578 442 610 407 610
757 413 797 413 797 445 757 445
896 1274 936 1274 936 1306 896 1306
541 649 585 649 585 681 541 681
470 757 514 757 514 789 470 789
468 839 513 839 513 871 468 871
333 763 386 763 386 795 333 795
204 1218 222 1218 222 1251 204 1251
200 804 232 804 232 837 200 837
684 326 719 326 719 359 684 359
128 512 163 512 163 545 128 545
545 446 586 446 586 479 545 479
124 324 166 324 166 357 124 357
819 520 861 520 861 553 819 553
610 1348 661 1348 661 1381 610 1381
348 727 364 727 364 760 348 760
209 717 225 717 225 750 209 750
617 817 646 817 646 850 617 850
208 944 226 944 226 978 208 978
484 462 508 462 508 496 484 496
269 889 303 889 303 923 269 923
822 904 859 904 859 938 822 938
198 910 240 910 240 944 198 944
481 1304 507 1304 507 1338 481 1338
900 636 930 636 930 670 900 670
681 1081 722 1081 722 1115 681 1115
887 787 934 787 934 821 887 821
543 382 593 382 593 416 543 416
483 1186 505 1186 505 1220 483 1220
625 447 649 447 649 481 625 481
832 362 863 362 863 396 832 396
128 358 166 358 166 392 128 392
131 674 175 674 175 708 131 708
544 526 580 526 580 561 544 561
685 628 727 628 727 663 685 663
498 1267 505 1267 505 1302 498 1302
680 1118 725 1118 725 1153 680 1153
408 921 455 921 455 956 408 956
700 1022 709 1022 709 1058 700 1058
416 428 439 428 439 464 416 464
694 293 718 293 718 329 694 329
681 1264 725 1264 725 1300 681 1300
284 319 298 319 298 355 284 355
899 1056 931 1056 931 1092 899 1092
758 635 791 635 791 671 758 671
545 609 579 609 579 645 545 645
546 764 580 764 580 800 546 800
411 657 447 657 447 693 411 693
621 1101 658 1101 658 1137 621 1137
128 421 167 421 167 457 128 457
895 948 939 948 939 984 895 984
209 549 223 549 223 585 209 585
137 568 154 568 154 604 137 604
203 1067 236 1067 236 1103 203 1103
475 340 512 340 512 376 475 376
827 293 869 293 869 329 827 329
551 678 575 678 575 715 551 715
689 1146 715 1146 715 1183 689 1183
898 985 927 985 927 1022 898 1022
543 1248 581 1248 581 1285 543 1285
758 1106 800 1106 800 1143 758 1143
692 777 714 777 714 814 692 814
832 552 862 552 862 589 832 589
544 1357 583 1357 583 1394 544 1394
541 1168 586 1168 586 1205 541 1205
405 1279 443 1279 443 1317 405 1317
265 971 309 971 309 1009 265 1009
417 1003 436 1003 436 1041 417 1041
693 876 718 876 718 914 693 914
684 536 730 536 730 574 684 574
222 1131 234 1131 234 1169 222 1169
843 430 868 430 868 468 843 468
408 536 443 536 443 574 408 574
199 837 237 837 237 875 199 875
611 976 652 976 652 1014 611 1014
213 675 220 675 220 714 213 714
211 1325 224 1325 224 1364 211 1364
902 674 917 674 917 713 902 713
760 544 788 544 788 583 760 583
549 343 580 343 580 382 549 382
825 630 861 630 861 669 825 669
616 1237 658 1237 658 1276 616 1276
214 1022 220 1022 220 1061 214 1061
411 340 444 340 444 380 411 380
478 1083 512 1083 512 1123 478 1123
199 291 246 291 246 331 199 331
542 805 590 805 590 845 542 845
548 851 570 851 570 891 548 891
412 613 443 613 443 653 412 653
197 413 236 413 236 453 197 453
406 1350 448 1350 448 1390 406 1390
194 455 241 455 241 495 194 495
831 669 850 669 850 709 831 709
829 397 863 397 863 438 829 438
615 748 650 748 650 789 615 789
616 1166 653 1166 653 1207 616 1207
270 494 312 494 312 535 270 535
748 804 792 804 792 845 748 845
266 1208 306 1208 306 1249 266 1249
891 293 937 293 937 334 891 334
419 961 433 961 433 1003 419 1003
621 293 651 293 651 335 621 335
622 335 660 335 660 377 622 377
827 1161 856 1161 856 1203 827 1203
756 1241 791 1241 791 1283 756 1283
402 1112 444 1112 444 1154 402 1154
682 359 724 359 724 401 682 401
750 978 794 978 794 1020 750 1020
820 1199 866 1199 866 1241 820 1241
488 1124 507 1124 507 1167 488 1167
275 927 309 927 309 970 275 970
891 856 928 856 928 899 891 899
407 790 447 790 447 833 407 833
679 947 725 947 725 990 679 990
274 445 303 445 303 488 274 488
199 978 243 978 243 1021 199 1021
139 712 153 712 153 756 139 756
834 590 857 590 857 634 834 634
763 758 786 758 786 802 763 802
337 291 378 291 378 335 337 335
763 900 782 900 782 944 763 944
477 1225 511 1225 511 1269 477 1269
898 1336 930 1336 930 1380 898 1380
895 455 933 455 933 499 895 499
483 932 507 932 507 977 483 977
282 343 309 343 309 388 282 388
474 527 515 527 515 572 474 572
225 629 235 629 235 674 225 674
278 820 293 820 293 866 278 866
278 429 295 429 295 475 278 475
820 1285 868 1285 868 1331 820 1331
547 1127 574 1127 574 1173 547 1173
474 293 520 293 520 339 474 339
199 365 242 365 242 411 199 411
683 400 729 400 729 446 683 446
283 1247 292 1247 292 1294 283 1294
338 580 371 580 371 627 338 627
194 1103 236 1103 236 1150 194 1150
478 687 524 687 524 734 478 734
820 793 870 793 870 840 820 840
407 829 445 829 445 876 407 876
480 574 519 574 519 621 480 621
888 1161 933 1161 933 1208 888 1208
632 608 640 608 640 656 632 656
549 995 576 995 576 1043 549 1043
625 396 647 396 647 444 625 444
752 851 801 851 801 899 752 899
549 562 579 562 579 610 549 610
205 1241 235 1241 235 1289 205 1289
885 900 927 900 927 948 885 948
756 445 790 445 790 494 756 494
472 622 523 622 523 671 472 671
759 1051 788 1051 788 1100 759 1100
202 495 239 495 239 544 202 544
265 1342 304 1342 304 1391 265 1391
891 501 934 501 934 550 891 550
615 877 646 877 646 927 615 927
818 988 862 988 862 1038 818 1038
828 937 848 937 848 987 828 987
825 1109 855 1109 855 1159 825 1159
554 1199 568 1199 568 1250 554 1250
292 1151 301 1151 301 1202 292 1202
339 337 381 337 381 389 339 389
615 1053 646 1053 646 1106 615 1106
405 736 447 736 447 789 405 789
894 733 931 733 931 786 894 786
341 525 372 525 372 580 341 580
134 619 170 619 170 676 134 676
683 1205 725 1205 725 1265 683 1265
270 571 313 571 313 632 270 632
893 1212 929 1212 929 1275 893 1275
202 1325 221 1325 221 1388 202 1388
690 475 721 475 721 539 690 539
820 1329 866 1329 866 1393 820 1393
137 740 146 740 146 806 137 806
