188 719 221 719 221 726 188 726
333 916 357 916 357 929 333 929
816 676 844 676 844 690 816 690
749 846 779 846 779 862 749 862
116 368 149 368 149 384 116 384
341 1394 358 1394 358 1412 341 1412
404 1183 432 1183 432 1201 404 1201
542 1312 575 1312 575 1330 542 1330
58 1156 79 1156 79 1174 58 1174
402 740 432 740 432 758 402 758
407 762 427 762 427 780 407 780
339 1169 353 1169 353 1188 339 1188
340 669 358 669 358 688 340 688
806 1333 857 1333 857 1353 806 1353
546 612 565 612 565 632 546 632
128 1318 149 1318 149 1338 128 1338
544 983 566 983 566 1003 544 1003
404 525 426 525 426 546 404 546
674 303 712 303 712 324 674 324
747 1225 791 1225 791 1246 747 1246
338 1014 353 1014 353 1036 338 1036
193 787 213 787 213 809 193 809
332 425 358 425 358 447 332 447
120 460 149 460 149 482 120 482
49 1359 81 1359 81 1381 49 1381
340 1298 356 1298 356 1320 340 1320
58 1341 78 1341 78 1363 58 1363
123 389 145 389 145 411 123 411
53 618 75 618 75 640 53 640
460 433 509 433 509 455 460 455
194 429 208 429 208 451 194 451
124 953 145 953 145 975 124 975
407 832 424 832 424 855 407 855
268 453 292 453 292 476 268 476
255 1003 293 1003 293 1027 255 1027
819 1234 845 1234 845 1258 819 1258
741 1351 789 1351 789 1375 741 1375
465 734 502 734 502 759 465 759
116 1343 155 1343 155 1368 116 1368
544 1132 567 1132 567 1157 544 1157
195 898 222 898 222 923 195 923
812 603 847 603 847 628 812 628
749 737 787 737 787 762 749 762
741 1148 796 1148 796 1173 741 1173
409 1150 432 1150 432 1176 409 1176
329 1202 365 1202 365 1228 329 1228
548 914 562 914 562 940 548 940
52 388 73 388 73 414 52 414
190 454 212 454 212 480 190 480
813 695 844 695 844 721 813 721
120 740 158 740 158 766 120 766
407 675 424 675 424 702 407 702
808 348 843 348 843 375 808 375
810 1058 857 1058 857 1085 810 1085
744 1289 794 1289 794 1316 744 1316
325 1367 375 1367 375 1394 325 1394
128 1257 143 1257 143 1284 128 1284
535 1046 572 1046 572 1073 535 1073
177 333 226 333 226 360 177 360
392 452 443 452 443 479 392 479
127 602 145 602 145 630 127 630
824 1261 845 1261 845 1289 824 1289
606 474 645 474 645 502 606 502
470 1379 511 1379 511 1407 470 1407
38 1382 84 1382 84 1410 38 1410
825 941 836 941 836 969 825 969
122 1047 159 1047 159 1075 122 1075
742 336 781 336 781 364 742 364
741 905 785 905 785 933 741 933
819 868 841 868 841 896 819 896
749 1379 782 1379 782 1407 749 1407
395 302 432 302 432 330 395 330
322 1131 371 1131 371 1159 322 1159
266 422 285 422 285 451 266 451
482 973 501 973 501 1002 482 1002
192 961 212 961 212 990 192 990
404 379 427 379 427 408 404 408
539 745 572 745 572 774 539 774
259 508 296 508 296 537 259 537
537 1246 575 1246 575 1275 537 1275
739 508 783 508 783 537 739 537
323 979 375 979 375 1008 323 1008
479 1047 497 1047 497 1077 479 1077
122 297 140 297 140 327 122 327
404 862 424 862 424 892 404 892
751 617 777 617 777 647 751 647
608 1057 644 1057 644 1087 608 1087
470 1214 507 1214 507 1244 470 1244
253 1304 292 1304 292 1334 253 1334
740 809 784 809 784 839 740 839
419 1346 426 1346 426 1376 419 1376
688 381 704 381 704 411 688 411
57 1084 75 1084 75 1114 57 1114
120 569 144 569 144 599 120 599
744 299 782 299 782 329 744 329
809 838 850 838 850 868 809 868
268 1198 289 1198 289 1229 268 1229
608 401 640 401 640 432 608 432
533 775 575 775 575 806 533 806
264 750 286 750 286 781 264 781
403 1015 428 1015 428 1046 403 1046
47 684 84 684 84 715 47 715
256 821 295 821 295 852 256 852
257 1120 296 1120 296 1151 257 1151
548 714 566 714 566 745 548 745
123 847 142 847 142 878 123 878
194 1085 224 1085 224 1116 194 1116
806 723 847 723 847 754 806 754
535 1009 577 1009 577 1040 535 1040
256 469 302 469 302 500 256 500
192 994 221 994 221 1026 192 1026
466 445 499 445 499 477 466 477
746 541 780 541 780 573 746 573
328 1232 364 1232 364 1264 328 1264
534 639 573 639 573 671 534 671
54 805 95 805 95 837 54 837
56 764 74 764 74 796 56 796
116 880 143 880 143 912 116 912
818 904 846 904 846 936 818 936
265 1369 296 1369 296 1401 265 1401
188 925 220 925 220 957 188 957
535 344 571 344 571 376 535 376
327 693 363 693 363 725 327 725
811 804 849 804 849 836 811 836
466 695 505 695 505 727 466 727
326 1265 369 1265 369 1297 326 1297
262 1230 284 1230 284 1263 262 1263
400 945 425 945 425 978 400 978
257 1265 289 1265 289 1298 257 1298
185 531 224 531 224 564 185 564
741 1006 788 1006 788 1039 741 1039
754 1312 776 1312 776 1345 754 1345
613 496 638 496 638 529 613 529
674 616 718 616 718 649 674 649
180 1180 227 1180 227 1213 180 1213
749 1118 772 1118 772 1151 749 1151
51 419 82 419 82 452 51 452
398 705 430 705 430 738 398 738
469 1343 507 1343 507 1376 469 1376
53 298 79 298 79 332 53 332
533 247 569 247 569 281 533 281
810 483 846 483 846 517 810 517
538 1334 576 1334 576 1368 538 1368
404 486 418 486 418 520 404 520
753 934 774 934 774 968 753 968
609 612 638 612 638 646 609 646
328 346 359 346 359 380 328 380
538 1159 573 1159 573 1193 538 1193
55 880 77 880 77 915 55 915
538 305 564 305 564 340 538 340
259 784 294 784 294 819 259 819
114 707 153 707 153 742 114 742
118 419 143 419 143 454 118 454
470 900 510 900 510 935 470 935
180 393 221 393 221 428 180 428
52 912 83 912 83 947 52 947
119 1284 153 1284 153 1319 119 1319
46 540 84 540 84 575 46 575
116 488 158 488 158 523 116 523
261 300 284 300 284 336 261 336
395 979 432 979 432 1015 395 1015
401 1264 440 1264 440 1300 401 1300
547 535 566 535 566 571 547 571
270 957 289 957 289 993 270 993
472 343 503 343 503 379 472 379
116 982 159 982 159 1018 116 1018
116 913 147 913 147 950 116 950
677 411 711 411 711 448 677 448
606 974 649 974 649 1011 606 1011
327 629 370 629 370 666 327 666
41 644 84 644 84 681 41 681
535 1277 579 1277 579 1314 535 1314
113 632 158 632 158 669 113 669
466 937 514 937 514 974 466 974
747 862 782 862 782 899 747 899
184 565 225 565 225 602 184 602
396 551 438 551 438 588 396 588
407 1367 420 1367 420 1404 407 1404
113 327 144 327 144 364 113 364
184 357 218 357 218 394 184 394
185 642 221 642 221 679 185 679
48 839 85 839 85 876 48 876
252 1332 299 1332 299 1369 252 1369
403 899 432 899 432 937 403 937
331 934 362 934 362 972 331 972
187 676 223 676 223 714 187 714
48 1116 84 1116 84 1154 48 1154
326 578 368 578 368 616 326 616
263 336 288 336 288 374 263 374
469 1078 504 1078 504 1116 469 1116
608 931 649 931 649 969 608 969
45 577 87 577 87 615 45 615
261 911 300 911 300 950 261 950
606 1093 652 1093 652 1132 606 1132
834 1019 843 1019 843 1058 834 1058
753 970 773 970 773 1009 753 1009
334 1090 360 1090 360 1129 334 1129
536 569 572 569 572 608 536 608
465 480 508 480 508 519 465 519
118 1077 151 1077 151 1116 118 1116
609 646 644 646 644 685 609 685
401 1305 439 1305 439 1344 401 1344
395 600 441 600 441 639 395 639
616 569 638 569 638 609 616 609
467 653 504 653 504 693 467 693
42 453 84 453 84 493 42 493
254 1033 299 1033 299 1073 254 1073
261 370 286 370 286 410 261 410
612 775 637 775 637 815 612 815
536 941 571 941 571 981 536 981
400 1206 437 1206 437 1246 400 1246
743 1037 780 1037 780 1077 743 1077
747 1078 785 1078 785 1118 747 1118
115 766 158 766 158 806 115 806
256 1371 299 1371 299 1411 256 1411
463 570 510 570 510 610 463 610
184 813 231 813 231 853 184 853
617 683 633 683 633 724 617 724
816 756 853 756 853 797 816 797
747 412 787 412 787 453 747 453
808 1289 857 1289 857 1330 808 1330
182 1264 231 1264 231 1305 182 1305
119 807 146 807 146 848 119 848
398 411 429 411 429 452 398 452
463 611 506 611 506 652 463 652
47 1040 92 1040 92 1081 47 1081
335 481 350 481 350 522 335 522
189 297 211 297 211 338 189 338
189 599 211 599 211 640 189 640
610 528 636 528 636 569 610 569
812 556 849 556 849 597 812 597
811 628 849 628 849 669 811 669
393 788 438 788 438 829 393 829
809 1089 860 1089 860 1130 809 1130
627 434 638 434 638 476 627 476
269 538 287 538 287 580 269 580
821 516 841 516 841 558 821 558
467 1296 504 1296 504 1338 467 1338
740 694 789 694 789 736 740 736
458 811 510 811 510 853 458 853
333 378 357 378 357 421 333 421
682 512 708 512 708 555 682 555
48 494 75 494 75 537 48 537
472 1245 509 1245 509 1288 472 1288
43 998 91 998 91 1041 43 1041
350 445 358 445 358 488 350 488
753 764 774 764 774 807 753 807
45 1295 86 1295 86 1338 45 1338
808 303 850 303 850 346 808 346
49 953 92 953 92 996 49 996
396 635 439 635 439 678 396 678
461 298 506 298 506 341 461 341
751 574 770 574 770 618 751 618
818 1187 845 1187 845 1231 818 1231
260 642 290 642 290 686 260 686
116 1162 157 1162 157 1206 116 1206
324 726 368 726 368 770 324 770
533 384 579 384 579 428 533 428
124 664 146 664 146 708 124 708
257 1074 297 1074 297 1118 257 1118
55 717 78 717 78 762 55 762
471 518 499 518 499 563 471 563
541 1363 583 1363 583 1408 541 1408
117 1114 155 1114 155 1159 117 1159
543 1199 576 1199 576 1244 543 1244
129 1364 144 1364 144 1410 129 1410
399 1101 438 1101 438 1147 399 1147
749 1242 779 1242 779 1289 749 1289
536 864 579 864 579 911 536 911
338 297 347 297 347 344 338 344
179 482 226 482 226 529 179 529
542 669 569 669 569 716 542 716
258 699 293 699 293 746 258 746
466 850 509 850 509 897 466 897
182 734 225 734 225 781 182 781
476 1001 497 1001 497 1049 476 1049
606 726 645 726 645 774 606 774
186 1217 220 1217 220 1265 186 1265
464 1165 512 1165 512 1213 464 1213
744 364 788 364 788 413 744 413
257 1153 294 1153 294 1202 257 1202
743 648 784 648 784 697 743 697
611 1131 656 1131 656 1180 611 1180
396 330 427 330 427 380 396 380
190 1306 225 1306 225 1356 190 1356
43 1239 93 1239 93 1289 43 1289
470 1125 517 1125 517 1175 470 1175
537 813 583 813 583 864 537 864
605 1009 653 1009 653 1060 605 1060
124 522 141 522 141 573 124 573
677 327 720 327 720 378 677 378
114 1208 165 1208 165 1259 114 1259
812 966 845 966 845 1017 812 1017
189 1360 223 1360 223 1411 189 1411
739 1167 786 1167 786 1218 739 1218
344 816 352 816 352 868 344 868
462 380 503 380 503 432 462 432
535 1076 572 1076 572 1128 535 1128
335 1038 351 1038 351 1091 335 1091
189 1027 219 1027 219 1080 189 1080
57 333 71 333 71 386 57 386
193 846 208 846 208 899 193 899
534 491 575 491 575 544 534 544
333 525 362 525 362 578 333 578
605 878 648 878 648 931 605 931
140 1003 151 1003 151 1057 140 1057
52 1181 93 1181 93 1235 52 1235
255 855 298 855 298 910 255 910
467 762 499 762 499 817 467 817
604 819 647 819 647 874 604 874
811 1130 858 1130 858 1185 811 1185
830 1349 842 1349 842 1405 830 1405
530 431 583 431 583 487 530 487
806 378 842 378 842 435 806 435
326 868 372 868 372 926 326 926
181 1122 230 1122 230 1180 181 1180
330 761 362 761 362 820 330 820
255 582 294 582 294 643 255 643
674 448 716 448 716 511 674 511
611 1179 644 1179 644 1256 611 1256
