251 462 281 462 281 469 251 469
106 774 139 774 139 782 106 782
597 854 630 854 630 862 597 862
601 1368 629 1368 629 1378 601 1378
315 641 344 641 344 656 315 656
817 565 827 565 827 581 817 581
243 645 280 645 280 661 243 661
39 1133 69 1133 69 1150 39 1150
309 670 350 670 350 687 309 687
607 488 620 488 620 506 607 506
535 1241 555 1241 555 1259 535 1259
177 479 199 479 199 497 177 497
806 1010 835 1010 835 1028 806 1028
604 421 624 421 624 439 604 439
461 501 481 501 481 519 461 519
325 986 345 986 345 1004 325 1004
749 677 771 677 771 695 749 695
185 1358 205 1358 205 1376 185 1376
532 726 553 726 553 744 532 744
109 637 129 637 129 656 109 656
605 1202 626 1202 626 1221 605 1221
393 526 415 526 415 545 393 545
257 624 284 624 284 643 257 643
46 1214 61 1214 61 1233 46 1233
672 926 692 926 692 945 672 945
468 1153 488 1153 488 1172 468 1172
246 346 282 346 282 365 246 365
254 519 274 519 274 539 254 539
180 953 200 953 200 973 180 973
324 467 345 467 345 487 324 487
321 1158 349 1158 349 1178 321 1178
676 989 690 989 690 1009 676 1009
539 1401 559 1401 559 1421 539 1421
603 649 625 649 625 669 603 669
455 312 486 312 486 332 455 332
247 1220 280 1220 280 1241 247 1241
32 512 73 512 73 534 32 534
471 1322 484 1322 484 1344 471 1344
172 319 211 319 211 341 172 341
30 1394 83 1394 83 1416 30 1416
396 631 412 631 412 653 396 653
676 682 692 682 692 704 676 704
527 368 559 368 559 390 527 390
674 1081 690 1081 690 1104 674 1104
104 1099 139 1099 139 1122 104 1122
384 685 424 685 424 708 384 708
325 617 341 617 341 640 325 640
189 1215 206 1215 206 1238 189 1238
249 736 278 736 278 759 249 759
38 1337 68 1337 68 1360 38 1360
45 579 64 579 64 603 45 603
465 646 487 646 487 670 465 670
42 1005 66 1005 66 1029 42 1029
392 1369 423 1369 423 1393 392 1393
464 444 480 444 480 468 464 468
108 313 125 313 125 337 108 337
608 988 628 988 628 1012 608 1012
811 425 832 425 832 449 811 449
246 320 283 320 283 344 246 344
598 674 635 674 635 698 598 698
327 1131 345 1131 345 1155 327 1155
47 1072 67 1072 67 1096 47 1096
245 884 278 884 278 908 245 908
608 785 625 785 625 810 608 810
668 862 687 862 687 887 668 887
242 1188 278 1188 278 1213 242 1213
605 1306 623 1306 623 1331 605 1331
465 1291 484 1291 484 1316 465 1316
815 736 835 736 835 761 815 761
533 430 554 430 554 455 533 455
37 1154 71 1154 71 1179 37 1179
252 916 276 916 276 942 252 942
383 897 421 897 421 923 383 923
403 1392 418 1392 418 1418 403 1418
469 880 485 880 485 906 469 906
183 704 201 704 201 730 183 730
534 856 553 856 553 882 534 882
45 486 70 486 70 512 45 512
28 740 78 740 78 766 28 766
392 462 409 462 409 488 392 488
395 1099 415 1099 415 1125 395 1125
43 1235 63 1235 63 1261 43 1261
808 903 841 903 841 929 808 929
741 1142 775 1142 775 1168 741 1168
524 751 563 751 563 777 524 777
606 354 623 354 623 381 606 381
183 1044 201 1044 201 1071 183 1071
534 1338 558 1338 558 1365 534 1365
385 821 417 821 417 848 385 848
382 353 420 353 420 380 382 380
174 604 214 604 214 631 174 631
310 1177 353 1177 353 1204 310 1204
746 1065 762 1065 762 1092 746 1092
111 380 130 380 130 407 111 407
180 882 201 882 201 909 180 909
596 1138 629 1138 629 1165 596 1165
36 461 75 461 75 488 36 488
662 488 701 488 701 515 662 515
116 1070 132 1070 132 1098 116 1098
604 551 627 551 627 579 604 579
254 710 277 710 277 738 254 738
807 1148 839 1148 839 1176 807 1176
38 1264 72 1264 72 1292 38 1292
448 335 489 335 489 363 448 363
450 1349 501 1349 501 1377 450 1377
321 413 339 413 339 441 321 441
387 654 417 654 417 682 387 682
455 672 489 672 489 700 455 700
802 1071 837 1071 837 1099 802 1099
387 924 424 924 424 952 387 952
100 441 139 441 139 469 100 469
113 1039 130 1039 130 1067 113 1067
465 809 485 809 485 837 465 837
46 1100 68 1100 68 1128 46 1128
383 996 424 996 424 1024 383 1024
537 663 553 663 553 692 537 692
114 412 132 412 132 441 114 441
664 452 699 452 699 481 664 481
239 760 282 760 282 789 239 789
533 1174 552 1174 552 1203 533 1203
112 603 132 603 132 632 112 632
535 455 558 455 558 484 535 484
809 805 838 805 838 834 809 834
669 1051 701 1051 701 1080 669 1080
177 396 211 396 211 425 177 425
733 817 770 817 770 846 733 846
813 975 829 975 829 1005 813 1005
43 970 64 970 64 1000 43 1000
598 1331 628 1331 628 1361 598 1361
34 382 69 382 69 412 34 412
34 933 71 933 71 963 34 963
171 1009 218 1009 218 1039 171 1039
319 436 343 436 343 466 319 466
812 351 838 351 838 381 812 381
102 1190 141 1190 141 1220 102 1220
101 1122 145 1122 145 1152 101 1152
797 835 842 835 842 865 797 865
737 901 770 901 770 932 737 932
743 1247 776 1247 776 1278 743 1278
248 588 284 588 284 619 248 619
666 1386 705 1386 705 1417 666 1417
312 1094 356 1094 356 1125 312 1125
663 1140 707 1140 707 1171 663 1171
253 1064 281 1064 281 1095 253 1095
802 583 838 583 838 614 802 614
247 947 283 947 283 978 247 978
663 606 700 606 700 637 663 637
802 1296 847 1296 847 1327 802 1327
800 1263 848 1263 848 1294 800 1294
38 351 59 351 59 382 38 382
811 866 833 866 833 897 811 897
457 763 493 763 493 794 457 794
102 1005 148 1005 148 1036 102 1036
181 1383 203 1383 203 1415 181 1415
460 1256 487 1256 487 1288 460 1288
804 533 834 533 834 565 804 565
40 648 71 648 71 680 40 680
318 945 353 945 353 977 318 977
171 847 214 847 214 879 171 879
185 1072 200 1072 200 1104 185 1104
468 1088 485 1088 485 1120 468 1120
671 952 691 952 691 984 671 984
465 913 489 913 489 945 465 945
44 1363 69 1363 69 1395 44 1395
395 1165 421 1165 421 1197 395 1197
177 539 205 539 205 571 177 571
530 881 558 881 558 913 530 913
248 1101 276 1101 276 1133 248 1133
666 1104 699 1104 699 1136 666 1136
251 1033 287 1033 287 1065 251 1065
666 1015 704 1015 704 1047 666 1047
174 1141 214 1141 214 1173 174 1173
174 771 215 771 215 803 174 803
452 413 495 413 495 445 452 445
33 1181 85 1181 85 1213 33 1213
745 1213 765 1213 765 1246 745 1246
738 937 770 937 770 970 738 970
527 597 567 597 567 630 527 630
251 1383 294 1383 294 1416 251 1416
535 524 555 524 555 557 535 557
671 823 691 823 691 856 671 856
181 666 202 666 202 699 181 699
466 948 490 948 490 981 466 981
597 1384 631 1384 631 1417 597 1417
745 362 765 362 765 395 745 395
533 689 556 689 556 722 533 722
42 806 67 806 67 839 42 839
460 606 491 606 491 639 460 639
594 617 634 617 634 650 594 650
522 919 567 919 567 952 522 952
807 455 833 455 833 489 807 489
600 579 627 579 627 613 600 613
602 808 631 808 631 842 602 842
106 973 138 973 138 1007 106 1007
738 498 773 498 773 532 738 532
99 793 136 793 136 827 99 827
595 315 639 315 639 349 595 349
457 464 486 464 486 498 457 498
183 1180 212 1180 212 1214 183 1214
806 385 840 385 840 419 806 419
522 1261 566 1261 566 1295 522 1295
662 1344 708 1344 708 1378 662 1378
104 693 152 693 152 727 104 727
659 706 709 706 709 740 659 740
665 887 695 887 695 922 665 922
243 260 279 260 279 295 243 295
382 1297 421 1297 421 1332 382 1332
248 370 289 370 289 405 248 405
238 230 282 230 282 265 238 265
527 817 571 817 571 852 527 852
661 1309 707 1309 707 1344 661 1344
812 1222 835 1222 835 1257 812 1257
39 419 64 419 64 454 39 454
179 628 204 628 204 663 179 663
177 503 209 503 209 538 177 538
384 486 418 486 418 521 384 521
105 941 146 941 146 976 105 976
97 342 140 342 140 377 97 377
322 490 343 490 343 525 322 525
527 393 567 393 567 428 527 428
739 1324 781 1324 781 1359 739 1359
174 1242 225 1242 225 1277 174 1277
460 842 493 842 493 878 460 878
529 995 568 995 568 1031 529 1031
809 1385 848 1385 848 1421 809 1421
604 701 634 701 634 737 604 737
601 952 631 952 631 988 601 988
599 512 630 512 630 548 599 548
594 1167 627 1167 627 1203 594 1203
100 730 141 730 141 766 100 766
173 1323 222 1323 222 1359 173 1359
400 1330 415 1330 415 1367 400 1367
183 567 200 567 200 604 183 604
599 380 629 380 629 417 599 417
598 1264 631 1264 631 1301 598 1301
313 910 349 910 349 947 313 947
383 1023 425 1023 425 1060 383 1060
466 1177 484 1177 484 1214 466 1214
462 526 484 526 484 563 462 563
804 934 842 934 842 971 804 971
382 1061 425 1061 425 1098 382 1098
458 1024 501 1024 501 1061 458 1061
462 1057 485 1057 485 1094 462 1094
598 1227 628 1227 628 1264 598 1264
173 911 205 911 205 948 173 948
456 1116 492 1116 492 1153 456 1153
591 1100 638 1100 638 1137 591 1137
526 1362 573 1362 573 1399 526 1399
323 1049 338 1049 338 1087 323 1087
177 729 209 729 209 767 177 767
386 956 426 956 426 994 386 994
596 1059 641 1059 641 1097 596 1097
594 1017 639 1017 639 1055 594 1055
604 445 622 445 622 483 604 483
320 825 343 825 343 863 320 863
387 426 422 426 422 464 387 464
806 696 844 696 844 734 806 734
523 1202 562 1202 562 1240 523 1240
521 556 565 556 565 594 521 594
811 312 831 312 831 351 811 351
533 779 566 779 566 818 533 818
175 1105 208 1105 208 1144 175 1144
385 1127 422 1127 422 1166 385 1166
597 871 636 871 636 910 597 910
37 1033 77 1033 77 1072 37 1072
30 313 71 313 71 352 30 352
33 609 78 609 78 648 33 648
186 980 199 980 199 1019 186 1019
812 1032 835 1032 835 1071 812 1071
807 655 831 655 831 694 807 694
244 669 285 669 285 708 244 708
668 315 713 315 713 354 668 354
817 616 823 616 823 655 817 655
115 662 128 662 128 701 115 701
252 542 272 542 272 581 252 581
471 1214 498 1214 498 1253 471 1253
661 793 702 793 702 832 661 832
808 765 843 765 843 805 808 805
739 1282 776 1282 776 1322 739 1322
592 913 642 913 642 953 592 953
666 640 695 640 695 680 666 680
36 537 78 537 78 577 36 577
102 519 146 519 146 559 102 559
182 427 203 427 203 468 182 468
112 1152 134 1152 134 1193 112 1193
533 626 558 626 558 667 533 667
179 1279 210 1279 210 1320 179 1320
313 1015 357 1015 357 1056 313 1056
464 564 482 564 482 605 464 605
669 555 701 555 701 596 669 596
668 1223 706 1223 706 1264 668 1264
385 380 426 380 426 421 385 421
31 771 81 771 81 812 31 812
753 447 768 447 768 488 753 488
739 970 778 970 778 1011 739 1011
243 476 283 476 283 517 243 517
460 982 501 982 501 1023 460 1023
459 1377 503 1377 503 1418 459 1418
529 483 565 483 565 525 529 525
110 1275 146 1275 146 1317 110 1317
529 1032 570 1032 570 1074 529 1074
252 1340 296 1340 296 1382 252 1382
307 866 359 866 359 908 307 908
109 472 136 472 136 514 109 514
322 735 356 735 356 777 322 777
807 1177 841 1177 841 1219 807 1219
381 309 424 309 424 351 381 351
532 1295 551 1295 551 1338 532 1338
672 357 701 357 701 400 672 400
173 804 207 804 207 847 173 847
316 780 352 780 352 823 316 823
455 369 490 369 490 412 455 412
732 403 780 403 780 446 732 446
759 1171 767 1171 767 1215 759 1215
394 550 418 550 418 594 394 594
254 789 278 789 278 833 254 833
664 513 703 513 703 557 664 557
734 637 785 637 785 681 734 681
662 402 704 402 704 446 662 446
103 556 148 556 148 600 103 600
810 489 833 489 833 534 810 534
250 1291 284 1291 284 1336 250 1336
247 409 288 409 288 454 247 454
733 593 778 593 778 638 733 638
244 1244 290 1244 290 1289 244 1289
597 739 632 739 632 784 597 784
661 1261 703 1261 703 1306 661 1306
33 1292 78 1292 78 1337 33 1337
244 988 291 988 291 1033 244 1033
803 1101 843 1101 843 1147 803 1147
388 582 430 582 430 628 388 628
318 691 361 691 361 737 318 737
33 836 77 836 77 882 33 882
735 1093 782 1093 782 1139 735 1139
324 528 338 528 338 575 324 575
312 376 341 376 341 423 312 423
176 345 214 345 214 392 176 392
102 833 140 833 140 880 102 880
664 742 703 742 703 789 664 789
733 765 769 765 769 812 733 812
524 312 562 312 562 359 524 359
385 848 426 848 426 895 385 895
522 952 570 952 570 999 522 999
387 1200 425 1200 425 1248 387 1248
107 1370 149 1370 149 1419 107 1419
735 1016 779 1016 779 1065 735 1065
110 1222 136 1222 136 1271 110 1271
110 1320 142 1320 142 1369 110 1369
387 772 416 772 416 821 387 821
731 849 784 849 784 898 731 898
248 836 285 836 285 886 248 886
664 1171 706 1171 706 1222 664 1222
35 881 80 881 80 932 35 932
521 1134 564 1134 564 1185 521 1185
103 882 146 882 146 935 103 935
384 1243 429 1243 429 1297 384 1297
321 561 343 561 343 616 321 616
740 533 770 533 770 588 740 588
383 718 419 718 419 773 383 773
522 1076 565 1076 565 1135 522 1135
37 679 76 679 76 739 37 739
735 697 780 697 780 758 735 758
310 311 351 311 351 373 310 373
806 1323 837 1323 837 1387 806 1387
