260 1193 293 1193 293 1201 260 1201
398 1226 433 1226 433 1234 398 1234
892 1059 927 1059 927 1068 892 1068
118 851 153 851 153 863 118 863
121 1092 149 1092 149 1107 121 1107
471 527 501 527 501 542 471 542
472 1114 496 1114 496 1129 472 1129
269 1044 281 1044 281 1061 269 1061
616 445 636 445 636 463 616 463
259 793 283 793 283 811 259 811
405 1134 421 1134 421 1152 405 1152
896 1126 916 1126 916 1144 896 1144
898 619 917 619 917 637 898 637
616 313 636 313 636 331 616 331
755 609 777 609 777 627 755 627
399 567 427 567 427 585 399 585
552 648 565 648 565 667 552 667
262 975 282 975 282 994 262 994
333 390 354 390 354 409 333 409
751 982 773 982 773 1001 751 1001
543 703 572 703 572 722 543 722
747 676 782 676 782 695 747 695
460 1013 513 1013 513 1032 460 1032
892 752 912 752 912 772 892 772
330 1281 351 1281 351 1301 330 1301
263 1392 286 1392 286 1412 263 1412
682 1335 702 1335 702 1355 682 1355
892 1307 921 1307 921 1327 892 1327
327 878 361 878 361 898 327 898
603 840 654 840 654 860 603 860
902 1254 917 1254 917 1274 902 1274
192 458 213 458 213 478 192 478
408 1278 428 1278 428 1299 408 1299
332 624 354 624 354 645 332 645
618 573 647 573 647 594 618 594
679 492 712 492 712 513 679 513
133 1037 145 1037 145 1058 133 1058
542 1355 564 1355 564 1377 542 1377
821 550 850 550 850 572 821 572
758 709 773 709 773 731 758 731
255 556 291 556 291 578 255 578
201 662 220 662 220 684 201 684
404 804 426 804 426 826 404 826
250 698 288 698 288 720 250 720
616 784 638 784 638 807 616 807
402 1036 425 1036 425 1059 402 1059
474 387 500 387 500 410 474 410
391 633 432 633 432 656 391 656
200 1344 216 1344 216 1367 200 1367
620 1295 635 1295 635 1319 620 1319
678 317 711 317 711 341 678 341
751 1395 785 1395 785 1419 751 1419
548 484 568 484 568 508 548 508
264 1356 286 1356 286 1380 264 1380
898 1281 915 1281 915 1305 898 1305
749 219 782 219 782 243 749 243
280 1289 290 1289 290 1314 280 1314
690 1291 703 1291 703 1316 690 1316
128 452 147 452 147 477 128 477
130 777 152 777 152 802 130 802
478 927 505 927 505 952 478 952
258 335 289 335 289 360 258 360
756 542 771 542 771 568 756 568
755 1147 773 1147 773 1173 755 1173
125 1064 145 1064 145 1090 125 1090
475 671 496 671 496 697 475 697
892 362 919 362 919 388 892 388
609 811 644 811 644 837 609 837
751 1368 786 1368 786 1394 751 1394
113 1218 150 1218 150 1244 113 1244
407 1156 425 1156 425 1182 407 1182
682 1158 717 1158 717 1184 682 1184
468 1312 499 1312 499 1338 468 1338
674 899 712 899 712 925 674 925
886 438 921 438 921 465 886 465
325 1204 361 1204 361 1231 325 1231
757 1279 773 1279 773 1306 757 1306
126 582 147 582 147 609 126 609
824 972 845 972 845 999 824 999
333 311 354 311 354 338 333 338
615 374 645 374 645 401 615 401
606 1035 644 1035 644 1062 606 1062
617 1389 643 1389 643 1417 617 1417
613 1214 641 1214 641 1242 613 1242
407 309 427 309 427 337 407 337
474 958 495 958 495 986 474 986
257 1127 290 1127 290 1155 257 1155
886 648 924 648 924 676 886 676
604 661 643 661 643 689 604 689
674 862 715 862 715 890 674 890
487 353 493 353 493 381 487 381
893 906 918 906 918 934 893 934
393 700 430 700 430 728 393 728
190 1173 227 1173 227 1201 190 1201
687 462 708 462 708 491 687 491
754 1115 775 1115 775 1144 754 1144
466 982 502 982 502 1011 466 1011
251 1157 296 1157 296 1186 251 1186
896 986 914 986 914 1015 896 1015
824 412 845 412 845 441 824 441
263 1068 292 1068 292 1097 263 1097
748 1304 779 1304 779 1333 748 1333
190 482 222 482 222 511 190 511
744 1082 787 1082 787 1111 744 1111
814 1000 864 1000 864 1029 814 1029
688 430 705 430 705 460 688 460
264 305 284 305 284 335 264 335
540 812 575 812 575 842 540 842
884 1328 925 1328 925 1358 884 1358
267 906 282 906 282 936 267 936
687 751 702 751 702 781 687 781
608 1321 639 1321 639 1351 608 1351
333 843 352 843 352 874 333 874
678 1039 719 1039 719 1070 678 1070
396 496 439 496 439 527 396 527
895 512 913 512 913 543 895 543
680 1354 716 1354 716 1385 680 1385
675 586 712 586 712 617 675 617
531 1317 574 1317 574 1348 531 1348
246 362 293 362 293 393 246 393
481 1201 501 1201 501 1232 481 1232
888 544 915 544 915 575 888 575
189 422 218 422 218 453 189 453
330 1342 362 1342 362 1373 330 1373
675 514 714 514 714 545 675 545
117 515 162 515 162 546 117 546
192 390 208 390 208 422 192 422
688 927 704 927 704 959 688 959
894 581 919 581 919 613 894 613
189 1041 218 1041 218 1073 189 1073
396 1057 430 1057 430 1089 396 1089
119 918 154 918 154 950 119 950
744 1045 784 1045 784 1077 744 1077
392 732 433 732 433 764 392 764
127 548 146 548 146 580 127 580
686 960 707 960 707 992 686 992
614 403 645 403 645 435 614 435
189 552 225 552 225 584 189 584
117 743 161 743 161 775 117 775
887 1220 936 1220 936 1252 887 1252
615 1179 635 1179 635 1212 615 1212
613 542 646 542 646 575 613 575
394 464 430 464 430 497 394 497
249 760 289 760 289 793 249 793
885 674 922 674 922 707 885 707
681 1316 718 1316 718 1349 681 1349
394 958 434 958 434 991 394 991
813 514 856 514 856 547 813 547
123 700 160 700 160 733 123 733
324 1377 361 1377 361 1410 324 1410
480 593 492 593 492 627 480 627
401 339 432 339 432 373 401 373
539 948 576 948 576 982 539 982
537 388 577 388 577 422 537 422
475 1031 499 1031 499 1065 475 1065
890 1016 920 1016 920 1050 890 1050
399 1184 429 1184 429 1218 399 1218
189 585 225 585 225 619 189 619
679 1384 724 1384 724 1418 679 1418
754 1335 778 1335 778 1370 754 1370
186 1204 219 1204 219 1239 186 1239
889 1191 925 1191 925 1226 889 1226
119 998 162 998 162 1033 119 1033
620 850 637 850 637 885 620 885
123 481 152 481 152 516 123 516
118 1334 153 1334 153 1369 118 1369
892 870 927 870 927 905 892 905
470 782 508 782 508 817 470 817
747 313 785 313 785 348 747 348
537 730 576 730 576 765 537 765
537 984 576 984 576 1019 537 1019
254 518 297 518 297 553 254 553
608 468 655 468 655 503 608 503
812 577 859 577 859 612 812 612
463 817 512 817 512 852 463 852
325 805 363 805 363 840 325 840
323 423 362 423 362 458 323 458
740 1171 789 1171 789 1206 740 1206
127 360 153 360 153 396 127 396
191 688 222 688 222 724 191 724
748 566 781 566 781 602 748 602
470 1340 505 1340 505 1376 470 1376
468 698 507 698 507 734 468 734
265 477 284 477 284 513 265 513
472 1271 498 1271 498 1307 472 1307
328 342 360 342 360 378 328 378
890 1147 923 1147 923 1183 890 1183
119 619 156 619 156 655 119 655
182 352 223 352 223 388 182 388
886 778 927 778 927 814 886 814
885 710 926 710 926 746 885 746
605 507 650 507 650 543 605 543
458 1165 508 1165 508 1201 458 1201
403 1304 429 1304 429 1341 403 1341
543 350 570 350 570 387 543 387
746 905 782 905 782 942 746 942
609 694 648 694 648 731 609 731
538 1153 579 1153 579 1190 538 1190
684 348 706 348 706 385 684 385
259 1315 290 1315 290 1352 259 1352
542 1067 574 1067 574 1104 542 1104
466 1232 507 1232 507 1269 466 1269
537 614 580 614 580 651 537 651
185 517 230 517 230 554 185 554
557 668 565 668 565 705 557 705
343 461 356 461 356 498 343 498
266 1095 284 1095 284 1132 266 1132
617 334 638 334 638 371 617 371
404 659 428 659 428 696 404 696
399 766 429 766 429 803 399 803
681 779 711 779 711 816 681 816
820 786 851 786 851 823 820 823
328 765 361 765 361 802 328 802
255 1206 295 1206 295 1243 255 1243
393 1094 434 1094 434 1131 393 1131
467 736 509 736 509 773 467 773
810 317 856 317 856 354 810 354
745 942 779 942 779 980 745 980
329 580 361 580 361 618 329 618
397 992 429 992 429 1030 397 1030
262 440 296 440 296 478 262 478
743 1208 786 1208 786 1246 743 1246
603 992 649 992 649 1030 603 1030
552 1377 564 1377 564 1416 552 1416
683 547 704 547 704 586 683 586
123 1295 144 1295 144 1334 123 1334
328 685 353 685 353 724 328 724
257 935 289 935 289 974 257 974
465 1131 499 1131 499 1170 465 1170
188 1287 223 1287 223 1326 188 1326
184 945 225 945 225 984 184 984
815 474 846 474 846 513 815 513
678 992 712 992 712 1031 678 1031
750 1004 776 1004 776 1043 750 1043
676 1070 718 1070 718 1109 676 1109
186 1129 231 1129 231 1168 186 1168
408 1339 422 1339 422 1379 408 1379
129 807 150 807 150 847 129 847
260 650 291 650 291 690 260 690
193 736 225 736 225 776 193 776
751 353 790 353 790 393 751 393
393 875 435 875 435 915 393 915
602 1355 659 1355 659 1395 602 1395
331 500 352 500 352 540 331 540
820 744 849 744 849 784 820 784
470 887 503 887 503 927 470 927
816 827 849 827 849 867 816 867
398 591 433 591 433 631 398 631
744 829 785 829 785 869 744 869
747 401 790 401 790 441 747 441
827 701 845 701 845 742 827 742
195 1373 217 1373 217 1414 195 1414
543 1025 568 1025 568 1066 543 1066
751 1239 776 1239 776 1280 751 1280
328 1305 359 1305 359 1346 328 1346
185 308 222 308 222 349 185 349
819 662 856 662 856 703 819 703
252 580 295 580 295 621 252 621
126 1373 144 1373 144 1414 126 1414
683 817 703 817 703 858 683 858
126 657 150 657 150 698 126 698
683 387 707 387 707 428 683 428
191 775 224 775 224 816 191 816
393 527 433 527 433 568 393 568
606 1247 646 1247 646 1288 606 1288
116 871 160 871 160 912 116 912
672 616 718 616 718 657 672 657
615 883 639 883 639 925 615 925
750 502 788 502 788 544 750 544
328 649 368 649 368 691 328 691
319 1237 368 1237 368 1279 319 1279
741 735 792 735 792 777 741 777
751 864 775 864 775 906 751 906
825 928 849 928 849 970 825 970
541 512 576 512 576 554 541 554
808 443 857 443 857 485 808 485
259 719 279 719 279 762 259 762
262 1001 285 1001 285 1044 262 1044
544 309 575 309 575 352 544 352
539 765 582 765 582 808 539 808
326 1159 370 1159 370 1202 326 1202
124 951 151 951 151 994 124 994
191 1243 234 1243 234 1286 191 1286
467 841 511 841 511 884 467 884
330 726 349 726 349 769 330 769
751 632 772 632 772 675 751 675
754 779 777 779 777 822 754 822
403 1373 434 1373 434 1416 403 1416
532 1107 575 1107 575 1150 532 1150
253 814 294 814 294 858 253 858
249 396 296 396 296 440 249 440
191 618 238 618 238 662 191 662
467 624 509 624 509 668 467 668
473 308 497 308 497 353 473 353
397 420 425 420 425 465 397 465
890 819 922 819 922 864 890 864
118 1246 151 1246 151 1291 118 1291
393 828 433 828 433 873 393 873
189 1079 232 1079 232 1124 189 1124
330 951 357 951 357 996 330 996
816 361 859 361 859 406 816 406
334 542 351 542 351 588 334 588
398 912 421 912 421 958 398 958
118 398 160 398 160 444 118 444
465 1065 512 1065 512 1111 465 1111
404 375 427 375 427 421 404 421
679 708 717 708 717 755 679 755
887 390 927 390 927 437 887 437
395 1235 435 1235 435 1282 395 1282
114 1164 160 1164 160 1211 114 1211
677 1189 720 1189 720 1236 677 1236
462 414 506 414 506 461 462 461
539 433 572 433 572 480 539 480
884 466 925 466 925 513 884 513
884 937 925 937 925 984 884 984
324 1054 369 1054 369 1101 324 1101
681 658 708 658 708 706 681 706
816 616 867 616 867 664 816 664
320 903 364 903 364 951 320 951
613 731 644 731 644 780 613 780
472 542 506 542 506 591 472 591
678 1107 721 1107 721 1156 678 1156
327 1108 372 1108 372 1157 327 1157
253 1247 298 1247 298 1296 253 1296
189 846 223 846 223 895 189 895
886 311 925 311 925 360 886 360
893 1359 920 1359 920 1409 893 1409
601 1067 651 1067 651 1117 601 1117
122 1111 142 1111 142 1162 122 1162
885 1072 929 1072 929 1123 885 1123
254 856 300 856 300 907 254 907
558 555 567 555 567 606 558 606
189 890 222 890 222 941 189 941
752 447 787 447 787 499 752 499
533 1263 573 1263 573 1315 533 1315
678 1236 720 1236 720 1288 678 1288
329 1002 364 1002 364 1055 329 1055
606 1118 643 1118 643 1171 606 1171
535 840 576 840 576 893 535 893
610 597 644 597 644 653 610 653
818 868 857 868 857 925 818 925
541 894 575 894 575 954 541 954
607 930 642 930 642 991 607 991
467 464 510 464 510 525 467 525
534 1191 576 1191 576 1260 534 1260
