405 1129 438 1129 438 1144 405 1144
761 1177 792 1177 792 1192 761 1192
128 415 162 415 162 431 128 431
333 1004 366 1004 366 1021 333 1021
260 913 312 913 312 931 260 931
835 872 855 872 855 890 835 890
898 1045 929 1045 929 1063 898 1063
552 626 584 626 584 644 552 644
266 1210 299 1210 299 1228 266 1228
475 748 510 748 510 766 475 766
340 532 372 532 372 551 340 551
698 860 719 860 719 880 698 880
547 1035 582 1035 582 1055 547 1055
836 1262 856 1262 856 1282 836 1282
902 673 924 673 924 693 902 693
692 1348 714 1348 714 1368 692 1368
833 656 866 656 866 676 833 676
894 1170 927 1170 927 1190 894 1190
765 592 787 592 787 613 765 613
476 616 509 616 509 637 476 637
477 592 513 592 513 613 477 613
829 1046 864 1046 864 1067 829 1067
686 1369 727 1369 727 1390 686 1390
343 702 359 702 359 724 343 724
697 475 720 475 720 497 697 497
692 1395 724 1395 724 1417 692 1417
405 1399 438 1399 438 1421 405 1421
617 433 650 433 650 455 617 455
330 1253 379 1253 379 1275 330 1275
905 1066 926 1066 926 1088 905 1088
834 316 855 316 855 338 834 338
904 1147 922 1147 922 1170 904 1170
550 750 583 750 583 773 550 773
697 1069 731 1069 731 1092 697 1092
265 381 306 381 306 404 265 404
415 810 441 810 441 833 415 833
908 431 929 431 929 455 908 455
831 1322 865 1322 865 1346 831 1346
904 781 923 781 923 805 904 805
269 1314 288 1314 288 1338 269 1338
763 1116 787 1116 787 1140 763 1140
827 894 860 894 860 918 827 918
333 1353 368 1353 368 1377 333 1377
755 653 795 653 795 677 755 677
626 401 644 401 644 425 626 425
826 536 866 536 866 560 826 560
755 792 796 792 796 816 755 816
128 466 170 466 170 490 128 490
822 1352 867 1352 867 1376 822 1376
698 1098 717 1098 717 1123 698 1123
895 805 931 805 931 830 895 830
827 337 866 337 866 362 827 362
825 990 870 990 870 1015 825 1015
904 1233 927 1233 927 1258 904 1258
556 484 583 484 583 509 556 509
829 405 869 405 869 430 829 430
758 1196 793 1196 793 1222 758 1222
753 975 789 975 789 1001 753 1001
483 1181 512 1181 512 1207 483 1207
473 1256 509 1256 509 1282 473 1282
333 1277 370 1277 370 1303 333 1303
686 1123 724 1123 724 1149 686 1149
684 611 726 611 726 637 684 637
836 803 855 803 855 829 836 829
201 909 223 909 223 935 201 935
331 1180 366 1180 366 1206 331 1206
551 514 588 514 588 540 551 540
399 1245 438 1245 438 1271 399 1271
834 1017 854 1017 854 1044 834 1044
767 526 788 526 788 553 767 553
404 836 447 836 447 863 404 863
477 563 516 563 516 590 477 590
557 1003 575 1003 575 1031 557 1031
761 678 785 678 785 706 761 706
550 1353 582 1353 582 1381 550 1381
758 1336 791 1336 791 1364 758 1364
896 452 933 452 933 480 896 480
264 837 304 837 304 865 264 865
123 889 166 889 166 917 123 917
839 622 859 622 859 650 839 650
830 961 860 961 860 989 830 989
765 1308 782 1308 782 1336 765 1336
273 579 295 579 295 607 273 607
693 499 724 499 724 527 693 527
552 892 593 892 593 920 552 920
337 553 379 553 379 581 337 581
259 1143 304 1143 304 1171 259 1171
826 430 876 430 876 458 826 458
205 613 226 613 226 642 205 642
259 1285 298 1285 298 1314 259 1314
751 827 790 827 790 856 751 856
702 634 713 634 713 663 702 663
484 713 503 713 503 742 484 742
836 556 858 556 858 585 836 585
480 985 502 985 502 1014 480 1014
401 1019 436 1019 436 1048 401 1048
898 318 935 318 935 347 898 347
136 383 152 383 152 413 136 413
760 361 797 361 797 391 760 391
467 635 523 635 523 665 467 665
695 791 713 791 713 821 695 821
904 600 922 600 922 630 904 630
347 376 369 376 369 406 347 406
757 1141 799 1141 799 1171 757 1171
890 833 935 833 935 863 890 863
195 682 243 682 243 712 195 712
698 404 716 404 716 435 698 435
121 1254 156 1254 156 1285 121 1285
545 819 586 819 586 850 545 850
474 1120 516 1120 516 1151 474 1151
823 1071 866 1071 866 1102 823 1102
845 505 877 505 877 536 845 536
612 455 654 455 654 486 612 486
759 939 780 939 780 970 759 970
689 664 718 664 718 695 689 695
334 628 371 628 371 659 334 659
546 925 586 925 586 956 546 956
687 921 728 921 728 952 687 952
275 678 294 678 294 710 275 710
763 1226 787 1226 787 1258 763 1258
197 879 233 879 233 911 197 911
401 942 443 942 443 974 401 974
750 998 794 998 794 1030 750 1030
276 542 294 542 294 574 276 574
552 1235 576 1235 576 1267 552 1267
124 859 160 859 160 891 124 891
901 973 920 973 920 1006 901 1006
691 992 724 992 724 1025 691 1025
335 1061 373 1061 373 1094 335 1094
890 1190 932 1190 932 1223 890 1223
825 679 868 679 868 712 825 712
139 429 157 429 157 462 139 462
336 727 366 727 366 760 336 760
558 588 577 588 577 621 558 621
755 856 782 856 782 889 755 889
406 518 446 518 446 551 406 551
908 697 921 697 921 731 908 731
759 1031 788 1031 788 1065 759 1065
265 1063 306 1063 306 1097 265 1097
539 1383 586 1383 586 1417 539 1417
278 1170 292 1170 292 1204 278 1204
343 345 363 345 363 379 343 379
277 928 300 928 300 962 277 962
411 1089 427 1089 427 1124 411 1124
696 1280 713 1280 713 1315 696 1315
835 1192 852 1192 852 1227 835 1227
275 346 297 346 297 381 275 381
833 587 866 587 866 622 833 622
123 578 164 578 164 613 123 613
279 1340 296 1340 296 1375 279 1375
553 353 582 353 582 388 553 388
191 1129 227 1129 227 1164 191 1164
544 1266 585 1266 585 1301 544 1301
266 642 310 642 310 677 266 677
684 1146 730 1146 730 1181 684 1181
479 1145 508 1145 508 1180 479 1180
475 524 516 524 516 559 475 559
334 921 377 921 377 956 334 956
894 483 939 483 939 518 894 518
208 935 221 935 221 971 208 971
902 519 932 519 932 555 902 555
828 1223 859 1223 859 1259 828 1259
685 1313 717 1313 717 1349 685 1349
755 550 792 550 792 586 755 586
398 1362 447 1362 447 1398 398 1398
892 346 943 346 943 382 892 382
338 449 374 449 374 485 338 485
761 614 798 614 798 650 761 650
262 801 300 801 300 837 262 837
544 390 584 390 584 427 544 427
403 1325 444 1325 444 1362 403 1362
754 752 799 752 799 789 754 789
891 1307 938 1307 938 1344 891 1344
194 1256 232 1256 232 1293 194 1293
197 574 235 574 235 611 197 611
329 1025 372 1025 372 1062 329 1062
212 387 235 387 235 424 212 424
894 1004 925 1004 925 1041 894 1041
262 610 304 610 304 647 262 647
415 860 433 860 433 898 415 898
896 1344 934 1344 934 1382 896 1382
546 1151 585 1151 585 1189 546 1189
823 1152 868 1152 868 1190 823 1190
897 1373 934 1373 934 1411 897 1411
195 1382 236 1382 236 1420 195 1420
413 898 431 898 431 937 413 937
621 309 648 309 648 348 621 348
828 828 861 828 861 867 828 867
409 391 444 391 444 430 409 430
267 970 302 970 302 1009 267 1009
895 735 940 735 940 774 895 774
896 628 928 628 928 667 896 667
268 711 305 711 305 750 268 750
474 855 512 855 512 894 474 894
830 767 870 767 870 806 830 806
266 1101 306 1101 306 1140 266 1140
328 1094 370 1094 370 1133 328 1133
827 1282 869 1282 869 1321 827 1321
125 1326 149 1326 149 1365 125 1365
692 434 718 434 718 473 692 473
684 817 719 817 719 856 684 856
470 816 512 816 512 855 470 855
413 429 435 429 435 469 413 469
690 880 728 880 728 920 690 920
192 1342 233 1342 233 1382 192 1382
328 881 381 881 381 921 328 921
479 944 503 944 503 984 479 984
404 976 444 976 444 1016 404 1016
412 470 441 470 441 511 412 511
340 584 381 584 381 625 340 625
124 344 167 344 167 385 124 385
215 641 228 641 228 682 215 682
121 1283 154 1283 154 1324 121 1324
547 651 589 651 589 692 547 692
700 528 714 528 714 570 700 570
277 406 292 406 292 448 277 448
684 1182 731 1182 731 1224 684 1224
836 457 863 457 863 499 836 499
197 340 238 340 238 382 197 382
482 665 509 665 509 708 482 708
134 916 152 916 152 959 134 959
130 705 161 705 161 748 130 748
196 1216 233 1216 233 1259 196 1259
336 406 375 406 375 449 336 449
329 1377 384 1377 384 1420 329 1420
486 1366 503 1366 503 1409 486 1409
132 958 150 958 150 1001 132 1001
272 447 300 447 300 490 272 490
693 569 723 569 723 612 693 612
548 545 588 545 588 588 548 588
328 1206 370 1206 370 1249 328 1249
122 612 166 612 166 655 122 655
682 749 727 749 727 792 682 792
838 918 852 918 852 962 838 962
136 530 154 530 154 574 136 574
902 384 931 384 931 428 902 428
130 486 162 486 162 530 130 530
472 1280 515 1280 515 1324 472 1324
332 658 378 658 378 702 332 702
333 483 381 483 381 527 333 527
833 360 865 360 865 404 833 404
408 346 443 346 443 390 408 390
267 1375 305 1375 305 1419 267 1419
499 478 508 478 508 523 499 523
334 1305 367 1305 367 1350 334 1350
478 346 515 346 515 391 478 391
548 435 585 435 585 480 548 480
547 959 589 959 589 1004 547 1004
403 600 448 600 448 645 403 645
469 899 516 899 516 944 469 944
682 313 732 313 732 358 682 358
760 1260 783 1260 783 1305 760 1305
754 1070 794 1070 794 1115 754 1115
543 1060 587 1060 587 1105 543 1105
700 946 716 946 716 992 700 992
476 431 516 431 516 477 476 477
688 360 728 360 728 406 688 406
751 1364 795 1364 795 1410 751 1410
690 1025 735 1025 735 1071 690 1071
767 708 781 708 781 754 767 754
480 764 501 764 501 810 480 810
267 866 302 866 302 912 267 912
759 439 795 439 795 485 759 485
122 1158 164 1158 164 1204 122 1204
403 551 450 551 450 597 403 597
200 523 236 523 236 570 200 570
549 773 588 773 588 820 549 820
895 1260 938 1260 938 1307 895 1307
632 349 652 349 652 396 632 396
543 1187 583 1187 583 1234 543 1234
547 849 593 849 593 896 547 896
118 1367 168 1367 168 1414 118 1414
484 1210 501 1210 501 1258 484 1258
475 387 514 387 514 435 475 435
408 652 451 652 451 700 408 700
762 312 805 312 805 360 762 360
196 772 241 772 241 820 196 820
407 1272 431 1272 431 1320 407 1320
197 414 244 414 244 462 197 462
896 556 944 556 944 604 896 604
276 1017 296 1017 296 1066 276 1066
757 394 803 394 803 443 757 443
398 1047 441 1047 441 1096 398 1096
763 891 777 891 777 941 763 941
477 1068 512 1068 512 1118 477 1118
400 1190 440 1190 440 1240 400 1240
123 652 171 652 171 702 123 702
330 829 382 829 382 879 330 879
683 698 730 698 730 749 683 749
264 747 315 747 315 798 264 798
395 1140 442 1140 442 1191 395 1191
829 1365 855 1365 855 1416 829 1416
471 1015 509 1015 509 1066 471 1066
553 695 590 695 590 747 553 747
757 480 796 480 796 532 757 532
341 1124 367 1124 367 1177 341 1177
121 748 160 748 160 801 121 801
548 1299 583 1299 583 1352 548 1352
199 720 237 720 237 773 199 773
192 820 235 820 235 873 192 873
549 1100 585 1100 585 1153 549 1153
826 1098 865 1098 865 1151 826 1151
826 713 871 713 871 766 826 766
259 1224 307 1224 307 1277 259 1277
195 1292 237 1292 237 1346 195 1346
891 866 931 866 931 920 891 920
328 950 375 950 375 1004 328 1004
191 1075 236 1075 236 1130 191 1130
497 1305 505 1305 505 1360 497 1360
195 964 238 964 238 1019 195 1019
891 916 941 916 941 972 891 972
189 1158 240 1158 240 1214 189 1214
889 1089 932 1089 932 1145 889 1145
123 799 166 799 166 856 123 856
404 750 443 750 443 808 404 808
273 483 302 483 302 544 273 544
688 1215 730 1215 730 1277 688 1277
117 1059 164 1059 164 1121 117 1121
