491 642 505 642 505 648 491 648
894 894 902 894 902 900 894 900
501 510 508 510 508 518 501 518
493 827 505 827 505 835 493 835
555 1177 569 1177 569 1186 555 1186
497 551 506 551 506 561 497 561
556 1120 567 1120 567 1130 556 1130
568 1312 584 1312 584 1323 568 1323
491 870 508 870 508 881 491 881
497 816 505 816 505 827 497 827
496 466 507 466 507 477 496 477
279 568 287 568 287 581 279 581
565 1344 577 1344 577 1357 565 1357
492 955 507 955 507 968 492 968
393 1052 421 1052 421 1065 393 1065
614 1396 623 1396 623 1409 614 1409
604 1129 633 1129 633 1142 604 1142
278 521 289 521 289 536 278 536
732 517 744 517 744 532 732 532
671 477 700 477 700 493 671 493
882 756 899 756 899 772 882 772
871 570 908 570 908 586 871 586
126 1237 147 1237 147 1254 126 1254
812 807 829 807 829 824 812 824
127 337 145 337 145 354 127 354
883 481 902 481 902 498 883 498
120 362 162 362 162 379 120 379
730 444 745 444 745 462 730 462
195 963 213 963 213 981 195 981
195 1138 218 1138 218 1156 195 1156
728 536 754 536 754 554 728 554
816 1366 828 1366 828 1384 816 1384
745 1387 763 1387 763 1405 745 1405
871 848 907 848 907 866 871 866
530 549 572 549 572 567 530 567
760 529 768 529 768 548 760 548
746 1125 765 1125 765 1144 746 1144
127 763 148 763 148 782 127 782
727 498 748 498 748 517 727 517
814 1216 834 1216 834 1235 814 1235
609 1018 625 1018 625 1037 609 1037
262 1212 282 1212 282 1231 262 1231
265 890 286 890 286 909 265 909
317 798 359 798 359 817 317 817
199 705 217 705 217 725 199 725
125 472 145 472 145 492 125 492
603 655 643 655 643 675 603 675
334 778 348 778 348 798 334 798
757 508 772 508 772 528 757 528
334 723 352 723 352 743 334 743
399 612 419 612 419 632 399 632
742 755 764 755 764 775 742 775
121 1060 157 1060 157 1080 121 1080
602 1263 638 1263 638 1283 602 1283
129 1003 147 1003 147 1024 129 1024
609 1376 637 1376 637 1397 609 1397
269 1354 282 1354 282 1375 269 1375
609 1285 624 1285 624 1306 609 1306
831 596 845 596 845 617 831 617
336 528 358 528 358 549 336 549
261 408 283 408 283 429 261 429
266 1327 296 1327 296 1348 266 1348
394 465 426 465 426 486 394 486
389 492 421 492 421 513 389 513
119 1295 153 1295 153 1316 119 1316
198 1288 219 1288 219 1310 198 1310
542 779 557 779 557 801 542 801
728 554 752 554 752 576 728 576
456 453 496 453 496 475 456 475
251 1266 291 1266 291 1288 251 1288
827 573 846 573 846 596 827 596
271 492 298 492 298 515 271 515
120 530 151 530 151 553 120 553
532 1388 566 1388 566 1411 532 1411
254 939 296 939 296 962 254 962
321 681 370 681 370 704 321 704
400 849 417 849 417 872 400 872
678 446 697 446 697 469 678 469
277 542 298 542 298 565 277 565
741 1203 768 1203 768 1226 741 1226
187 450 219 450 219 473 187 473
187 1021 223 1021 223 1044 187 1044
460 338 497 338 497 361 460 361
618 416 643 416 643 440 618 440
131 943 146 943 146 967 131 967
327 458 361 458 361 482 327 482
252 380 288 380 288 404 252 404
804 1275 842 1275 842 1299 804 1299
401 1118 420 1118 420 1143 401 1143
262 1378 291 1378 291 1403 262 1403
533 422 567 422 567 447 533 447
458 1212 495 1212 495 1237 458 1237
188 758 226 758 226 783 188 783
199 1348 214 1348 214 1373 199 1373
810 743 826 743 826 768 810 768
813 973 832 973 832 998 813 998
741 698 761 698 761 723 741 723
832 547 844 547 844 572 832 572
811 909 831 909 831 934 811 934
400 583 424 583 424 608 400 608
139 449 166 449 166 474 139 474
743 875 770 875 770 900 743 900
321 393 356 393 356 418 321 418
258 913 296 913 296 938 258 938
128 557 144 557 144 583 128 583
396 553 422 553 422 579 396 579
810 1384 845 1384 845 1410 810 1410
267 834 280 834 280 860 267 860
827 519 848 519 848 545 827 545
745 1175 766 1175 766 1201 745 1201
189 1198 223 1198 223 1224 189 1224
532 483 567 483 567 509 532 509
119 1025 160 1025 160 1051 119 1051
615 717 628 717 628 744 615 744
332 695 352 695 352 722 332 722
754 443 782 443 782 470 754 470
877 413 907 413 907 440 877 440
879 901 909 901 909 928 879 928
749 844 764 844 764 871 749 871
815 1159 830 1159 830 1186 815 1186
746 1324 761 1324 761 1351 746 1351
603 903 633 903 633 930 603 930
201 1109 233 1109 233 1136 201 1136
472 999 498 999 498 1026 472 1026
737 1066 773 1066 773 1093 737 1093
729 467 746 467 746 495 729 495
535 929 561 929 561 957 535 957
462 1316 498 1316 498 1344 462 1344
532 847 570 847 570 875 532 875
264 1154 280 1154 280 1182 264 1182
887 866 904 866 904 894 887 894
871 539 907 539 907 567 871 567
193 731 229 731 229 759 193 759
803 379 843 379 843 407 803 407
732 1293 777 1293 777 1321 732 1321
199 640 214 640 214 668 199 668
812 1341 845 1341 845 1369 812 1369
460 1183 496 1183 496 1211 460 1211
256 1237 295 1237 295 1265 256 1265
736 907 778 907 778 935 736 935
403 816 423 816 423 845 403 845
127 414 150 414 150 443 127 443
743 776 767 776 767 805 743 805
190 1372 218 1372 218 1401 190 1401
122 829 157 829 157 858 122 858
669 343 706 343 706 372 669 372
197 1227 212 1227 212 1256 197 1256
195 901 213 901 213 930 195 930
741 1227 763 1227 763 1256 741 1256
394 396 424 396 424 425 394 425
394 876 425 876 425 905 394 905
733 670 773 670 773 699 733 699
459 1347 501 1347 501 1376 459 1376
679 372 693 372 693 402 679 402
738 1095 769 1095 769 1125 738 1125
190 986 223 986 223 1016 190 1016
675 494 708 494 708 524 675 524
600 1343 639 1343 639 1373 600 1373
459 924 501 924 501 954 459 954
527 1140 573 1140 573 1170 527 1170
401 1191 412 1191 412 1221 401 1221
197 1044 212 1044 212 1074 197 1074
328 746 355 746 355 776 328 776
123 970 155 970 155 1000 123 1000
326 577 358 577 358 607 326 607
260 1038 292 1038 292 1068 260 1068
464 968 496 968 496 998 464 998
807 1184 842 1184 842 1214 807 1214
804 712 841 712 841 742 804 742
871 654 915 654 915 684 871 684
277 581 290 581 290 611 277 611
130 1317 145 1317 145 1347 130 1347
126 1172 143 1172 143 1202 126 1202
396 429 427 429 427 459 396 459
743 936 774 936 774 966 743 966
736 720 768 720 768 750 736 750
617 385 650 385 650 415 617 415
390 1334 424 1334 424 1364 390 1364
391 1374 425 1374 425 1404 391 1404
874 687 912 687 912 717 874 717
458 485 500 485 500 515 458 515
543 448 556 448 556 479 543 479
738 1349 769 1349 769 1380 738 1380
119 1202 151 1202 151 1233 119 1233
876 505 909 505 909 536 876 536
187 1163 224 1163 224 1194 187 1194
119 494 156 494 156 525 119 525
251 858 291 858 291 889 251 889
408 362 415 362 415 393 408 393
538 965 558 965 558 996 538 996
262 1007 289 1007 289 1038 262 1038
191 575 222 575 222 606 191 606
806 999 838 999 838 1030 806 1030
388 335 429 335 429 366 388 366
733 1259 774 1259 774 1290 733 1290
885 587 901 587 901 619 885 619
796 521 817 521 817 553 796 553
123 726 152 726 152 758 123 758
327 613 362 613 362 645 327 645
189 926 224 926 224 958 189 958
119 697 155 697 155 729 119 729
255 1179 291 1179 291 1211 255 1211
266 1290 282 1290 282 1322 266 1322
759 471 777 471 777 503 759 503
741 807 766 807 766 839 741 839
604 680 642 680 642 712 604 712
882 338 907 338 907 370 882 370
603 782 640 782 640 814 603 814
118 1346 158 1346 158 1378 118 1378
188 1312 229 1312 229 1344 188 1344
186 607 230 607 230 639 186 639
605 1308 623 1308 623 1341 605 1341
874 719 906 719 906 752 874 752
325 547 360 547 360 580 325 580
872 619 909 619 909 652 872 652
808 872 846 872 846 905 808 905
119 1260 158 1260 158 1293 119 1293
127 377 155 377 155 410 127 410
190 284 220 284 220 317 190 317
321 336 356 336 356 369 321 369
460 1380 500 1380 500 1413 460 1413
182 337 224 337 224 370 182 370
597 865 641 865 641 898 597 898
810 1306 856 1306 856 1339 810 1339
338 361 350 361 350 395 338 395
800 554 816 554 816 588 800 588
260 342 281 342 281 376 260 376
540 510 565 510 565 544 540 544
189 827 225 827 225 861 189 861
324 422 362 422 362 456 324 456
252 273 291 273 291 307 252 307
802 1123 843 1123 843 1157 802 1157
457 614 501 614 501 648 457 648
395 666 427 666 427 700 395 700
808 1241 842 1241 842 1275 808 1275
602 623 637 623 637 657 602 657
604 1192 639 1192 639 1226 604 1226
190 670 226 670 226 704 190 704
601 1092 639 1092 639 1126 601 1126
874 811 917 811 917 845 874 845
470 1142 486 1142 486 1176 470 1176
609 747 627 747 627 781 609 781
191 1258 227 1258 227 1292 191 1292
392 704 431 704 431 738 392 738
605 1228 633 1228 633 1263 605 1263
878 440 907 440 907 475 878 475
802 765 833 765 833 800 802 800
392 518 426 518 426 553 392 553
189 245 225 245 225 280 189 280
187 409 223 409 223 444 187 444
461 1241 497 1241 497 1276 461 1276
124 585 162 585 162 620 124 620
529 742 575 742 575 777 529 777
463 1105 489 1105 489 1141 463 1141
395 1299 423 1299 423 1335 395 1335
808 933 838 933 838 969 808 969
395 740 433 740 433 776 395 776
186 861 229 861 229 897 186 897
386 1264 431 1264 431 1300 386 1300
191 1074 223 1074 223 1110 191 1110
872 373 919 373 919 409 872 409
468 1028 488 1028 488 1064 468 1064
189 369 213 369 213 405 189 405
122 791 160 791 160 827 122 827
460 702 500 702 500 738 460 738
597 585 645 585 645 621 597 621
533 1001 571 1001 571 1038 533 1038
534 657 572 657 572 694 534 694
532 1232 562 1232 562 1269 532 1269
873 778 906 778 906 815 873 815
534 619 572 619 572 656 534 656
122 1087 162 1087 162 1124 122 1124
459 1069 500 1069 500 1106 459 1106
267 432 277 432 277 470 267 470
339 643 353 643 353 681 339 681
737 1147 773 1147 773 1185 737 1185
527 1349 574 1349 574 1387 527 1387
671 403 700 403 700 441 671 441
599 339 639 339 639 377 599 377
125 618 166 618 166 656 125 656
596 976 644 976 644 1014 596 1014
398 1225 419 1225 419 1263 398 1263
191 786 214 786 214 824 191 824
794 477 824 477 824 515 794 515
257 749 297 749 297 787 257 787
745 338 768 338 768 377 745 377
259 708 292 708 292 747 259 747
732 1023 775 1023 775 1062 732 1062
524 1039 572 1039 572 1078 524 1078
527 1272 576 1272 576 1311 527 1311
400 777 424 777 424 816 400 816
120 660 165 660 165 699 120 699
264 963 281 963 281 1003 264 1003
826 477 846 477 846 517 826 517
538 578 559 578 559 618 538 618
121 902 158 902 158 942 121 942
597 1149 641 1149 641 1189 597 1189
386 632 432 632 432 672 386 672
397 961 423 961 423 1001 397 1001
618 459 648 459 648 499 618 499
739 388 764 388 764 428 739 428
805 340 839 340 839 380 805 380
603 932 641 932 641 972 603 972
253 615 297 615 297 655 253 655
129 1369 157 1369 157 1410 129 1410
806 833 840 833 840 874 806 874
527 1309 570 1309 570 1350 527 1350
528 697 573 697 573 738 528 738
260 666 301 666 301 707 260 707
531 380 574 380 574 421 531 421
184 477 228 477 228 518 184 518
535 335 569 335 569 377 535 377
599 496 641 496 641 538 599 538
732 580 776 580 776 622 732 622
256 1113 299 1113 299 1155 256 1155
533 804 571 804 571 847 533 847
325 485 364 485 364 528 325 528
734 627 774 627 774 670 734 670
387 1005 428 1005 428 1049 387 1049
804 618 846 618 846 662 804 662
121 858 163 858 163 902 121 902
256 1067 291 1067 291 1111 256 1111
462 781 500 781 500 825 462 825
462 878 501 878 501 922 462 922
391 910 431 910 431 954 391 954
599 543 637 543 637 588 599 588
808 1032 847 1032 847 1077 808 1077
254 791 302 791 302 836 254 836
461 566 497 566 497 611 461 611
807 664 841 664 841 710 807 710
599 818 645 818 645 864 599 864
530 878 566 878 566 924 530 924
804 410 847 410 847 457 804 457
522 1188 578 1188 578 1235 522 1235
185 524 226 524 226 571 185 571
338 818 349 818 349 867 338 867
805 1073 843 1073 843 1123 805 1123
734 970 773 970 773 1021 734 1021
392 1147 434 1147 434 1199 392 1199
120 1124 164 1124 164 1177 120 1177
596 1040 636 1040 636 1093 596 1093
