620 1239 653 1239 653 1253 620 1253
128 1276 159 1276 159 1291 128 1291
763 1231 798 1231 798 1246 763 1246
831 844 861 844 861 860 831 860
364 1072 376 1072 376 1088 364 1088
332 953 352 953 352 970 332 970
268 413 303 413 303 430 268 430
141 1220 154 1220 154 1237 141 1237
900 719 934 719 934 736 900 736
202 775 224 775 224 793 202 793
338 836 351 836 351 854 338 854
206 475 226 475 226 493 206 493
551 627 584 627 584 645 551 645
212 564 228 564 228 583 212 583
484 665 504 665 504 684 484 684
484 1109 504 1109 504 1128 484 1128
197 587 237 587 237 606 197 606
210 948 223 948 223 968 210 968
207 843 221 843 221 863 207 863
277 668 299 668 299 688 277 688
131 960 165 960 165 980 131 980
631 975 643 975 643 995 631 995
898 1347 934 1347 934 1367 898 1367
415 702 435 702 435 722 415 722
411 1208 433 1208 433 1229 411 1229
405 1232 444 1232 444 1253 405 1253
422 377 453 377 453 398 422 398
620 416 662 416 662 438 620 438
625 951 646 951 646 973 625 973
692 530 716 530 716 552 692 552
353 827 388 827 388 849 353 849
415 1334 433 1334 433 1356 415 1356
629 1351 645 1351 645 1374 629 1374
346 569 368 569 368 592 346 592
278 385 294 385 294 408 278 408
684 728 724 728 724 751 684 751
140 933 152 933 152 957 140 957
275 974 292 974 292 998 275 998
275 810 295 810 295 834 275 834
485 866 505 866 505 890 485 890
326 976 357 976 357 1000 326 1000
755 896 808 896 808 920 755 920
765 505 786 505 786 529 765 529
328 778 361 778 361 802 328 802
280 1326 317 1326 317 1350 280 1350
616 478 658 478 658 502 616 502
757 1137 799 1137 799 1161 757 1161
684 1387 733 1387 733 1411 684 1411
338 921 354 921 354 946 338 946
268 833 302 833 302 858 268 858
687 636 722 636 722 661 687 661
475 597 511 597 511 622 475 622
837 1282 860 1282 860 1307 837 1307
825 1041 865 1041 865 1066 825 1066
419 837 438 837 438 863 419 863
767 877 788 877 788 903 767 903
556 1147 582 1147 582 1173 556 1173
835 1391 875 1391 875 1417 835 1417
772 1201 795 1201 795 1227 772 1227
409 307 448 307 448 333 409 333
481 1175 508 1175 508 1201 481 1201
550 1254 590 1254 590 1280 550 1280
624 1206 645 1206 645 1233 624 1233
335 805 357 805 357 832 335 832
137 984 162 984 162 1011 137 1011
461 220 494 220 494 247 461 247
405 728 450 728 450 755 405 755
281 218 312 218 312 245 281 245
688 345 725 345 725 372 688 372
686 502 725 502 725 529 686 529
199 538 240 538 240 565 199 565
416 1299 434 1299 434 1327 416 1327
834 543 855 543 855 571 834 571
558 597 580 597 580 625 558 625
483 1276 507 1276 507 1304 483 1304
412 259 448 259 448 287 412 287
470 1205 512 1205 512 1233 470 1233
820 810 863 810 863 838 820 838
414 1141 432 1141 432 1169 414 1169
204 917 227 917 227 945 204 945
763 1107 787 1107 787 1135 763 1135
834 1009 860 1009 860 1037 834 1037
616 1037 651 1037 651 1065 616 1065
824 908 866 908 866 936 824 936
687 1204 729 1204 729 1232 687 1232
259 1145 314 1145 314 1173 259 1173
896 923 936 923 936 952 896 952
341 854 347 854 347 883 341 883
415 634 431 634 431 663 415 663
838 1311 867 1311 867 1340 838 1340
616 746 649 746 649 775 616 775
120 1383 160 1383 160 1412 120 1412
763 760 785 760 785 790 763 790
360 1089 382 1089 382 1119 360 1119
625 589 648 589 648 619 625 619
901 996 927 996 927 1026 901 1026
285 898 319 898 319 928 285 928
281 1080 319 1080 319 1110 281 1110
554 412 577 412 577 442 554 442
901 1029 925 1029 925 1059 901 1059
694 1088 720 1088 720 1118 694 1118
759 1296 803 1296 803 1326 759 1326
140 1060 185 1060 185 1090 140 1090
205 708 223 708 223 739 205 739
621 778 650 778 650 809 621 809
685 372 724 372 724 403 685 403
126 864 172 864 172 895 126 895
682 694 735 694 735 725 682 725
627 344 646 344 646 376 627 376
342 693 362 693 362 725 342 725
268 737 296 737 296 769 268 769
554 518 584 518 584 550 554 550
413 800 448 800 448 832 413 832
266 354 305 354 305 386 266 386
474 1038 514 1038 514 1070 474 1070
464 250 490 250 490 282 464 282
553 1109 581 1109 581 1141 553 1141
756 531 794 531 794 563 756 563
617 840 656 840 656 872 617 872
688 1052 727 1052 727 1084 688 1084
267 1290 308 1290 308 1322 267 1322
257 1255 305 1255 305 1287 257 1287
903 649 922 649 922 682 903 682
356 970 381 970 381 1003 356 1003
829 975 864 975 864 1008 829 1008
618 620 655 620 655 653 618 653
360 1002 379 1002 379 1035 360 1035
209 401 229 401 229 434 209 434
547 339 584 339 584 372 547 372
685 799 722 799 722 832 685 832
548 1211 592 1211 592 1244 548 1244
366 881 385 881 385 914 366 914
629 810 649 810 649 843 629 843
828 573 862 573 862 606 828 606
494 217 531 217 531 250 494 250
757 469 801 469 801 502 757 502
137 1183 158 1183 158 1217 137 1217
128 459 163 459 163 493 128 493
827 773 862 773 862 807 827 807
478 1303 513 1303 513 1337 478 1337
679 661 723 661 723 695 679 695
835 746 857 746 857 780 835 780
552 1173 580 1173 580 1207 552 1207
759 795 790 795 790 829 759 829
895 679 932 679 932 713 895 713
550 481 588 481 588 515 550 515
260 1043 312 1043 312 1077 260 1077
354 1035 385 1035 385 1070 354 1070
275 1221 306 1221 306 1256 275 1256
615 1068 656 1068 656 1103 615 1103
825 644 874 644 874 679 825 679
822 1244 873 1244 873 1279 822 1279
541 1072 598 1072 598 1107 541 1107
553 816 580 816 580 851 553 851
195 736 231 736 231 771 195 771
356 1198 393 1198 393 1233 356 1233
129 900 170 900 170 935 129 935
335 885 354 885 354 920 335 920
835 1209 857 1209 857 1244 835 1244
832 710 855 710 855 745 832 745
354 1160 391 1160 391 1196 354 1196
827 609 865 609 865 645 827 645
829 393 870 393 870 429 829 429
546 952 587 952 587 988 546 988
612 1376 653 1376 653 1412 612 1412
824 674 869 674 869 710 824 710
754 974 807 974 807 1010 754 1010
487 740 505 740 505 776 487 776
697 1168 718 1168 718 1204 697 1204
386 220 413 220 413 256 386 256
334 528 376 528 376 564 334 564
548 783 591 783 591 819 548 819
821 1066 866 1066 866 1102 821 1102
426 400 433 400 433 437 426 437
344 496 364 496 364 533 344 533
249 218 276 218 276 255 249 255
553 984 583 984 583 1021 553 1021
757 339 791 339 791 376 757 376
619 549 654 549 654 586 619 586
757 602 798 602 798 639 757 639
401 1168 442 1168 442 1205 401 1205
693 866 718 866 718 903 693 903
417 221 447 221 447 258 417 258
480 891 512 891 512 928 480 928
412 1259 449 1259 449 1296 412 1296
547 752 587 752 587 789 547 789
270 773 312 773 312 810 270 810
542 443 599 443 599 480 542 480
904 432 924 432 924 469 904 469
498 248 528 248 528 285 498 285
128 1237 162 1237 162 1274 128 1274
474 624 511 624 511 661 474 661
269 594 309 594 309 631 269 631
406 662 446 662 446 699 406 699
900 468 926 468 926 506 900 506
827 937 863 937 863 975 827 975
618 437 654 437 654 475 618 475
757 1328 796 1328 796 1366 757 1366
196 969 236 969 236 1007 196 1007
265 1109 306 1109 306 1147 265 1147
830 505 872 505 872 543 830 543
373 843 379 843 379 881 373 881
623 911 652 911 652 949 623 949
129 691 162 691 162 729 129 729
617 1310 654 1310 654 1348 617 1348
682 831 723 831 723 869 682 869
689 956 734 956 734 994 689 994
485 777 501 777 501 816 485 816
272 626 304 626 304 665 272 665
336 726 370 726 370 765 336 765
901 841 936 841 936 880 901 880
619 872 657 872 657 911 619 911
128 1013 167 1013 167 1052 128 1052
266 312 307 312 307 351 266 351
699 552 723 552 723 591 699 591
271 998 303 998 303 1037 271 1037
552 1284 585 1284 585 1323 552 1323
200 433 235 433 235 472 200 472
411 865 448 865 448 904 411 904
409 336 454 336 454 375 409 375
683 757 730 757 730 796 683 796
348 411 372 411 372 450 348 450
901 883 931 883 931 922 901 922
756 562 798 562 798 601 756 601
476 1068 513 1068 513 1108 476 1108
132 824 172 824 172 864 132 864
124 1343 169 1343 169 1383 124 1383
367 1122 374 1122 374 1162 367 1162
126 547 161 547 161 587 126 587
411 759 448 759 448 799 411 799
195 799 234 799 234 839 195 839
558 368 574 368 574 409 558 409
903 1157 936 1157 936 1198 903 1198
901 1366 934 1366 934 1407 901 1407
550 908 587 908 587 949 550 949
758 1064 797 1064 797 1105 758 1105
619 654 664 654 664 695 619 695
472 305 520 305 520 346 472 346
622 506 654 506 654 547 622 547
821 865 860 865 860 906 821 906
472 1132 529 1132 529 1173 472 1173
690 1344 722 1344 722 1385 690 1385
892 602 937 602 937 644 892 644
267 1173 302 1173 302 1215 267 1215
554 552 590 552 590 594 554 594
262 929 303 929 303 971 262 971
197 497 244 497 244 539 197 539
906 1200 925 1200 925 1243 906 1243
687 453 724 453 724 496 687 496
476 451 519 451 519 494 476 494
829 1103 872 1103 872 1146 829 1146
477 819 522 819 522 862 477 862
368 781 381 781 381 824 368 824
696 1301 712 1301 712 1344 696 1344
759 426 779 426 779 469 759 469
480 694 508 694 508 737 480 737
895 1305 936 1305 936 1348 895 1348
265 486 311 486 311 529 265 529
902 342 935 342 935 386 902 386
614 997 657 997 657 1041 614 1041
197 355 243 355 243 399 197 399
120 500 169 500 169 544 120 544
764 1156 798 1156 798 1200 764 1200
269 694 307 694 307 738 269 738
894 1109 937 1109 937 1153 894 1153
406 484 450 484 450 528 406 528
824 429 870 429 870 473 824 473
751 1366 802 1366 802 1410 751 1410
894 958 933 958 933 1003 894 1003
688 590 730 590 730 635 688 635
682 906 727 906 727 951 682 951
686 407 733 407 733 452 686 452
542 1023 595 1023 595 1068 542 1068
827 342 865 342 865 387 827 387
619 700 652 700 652 745 619 745
889 569 927 569 927 614 889 614
263 435 309 435 309 480 263 480
759 830 791 830 791 876 759 876
403 1104 446 1104 446 1150 403 1150
838 470 852 470 852 516 838 516
471 1230 518 1230 518 1276 471 1276
611 372 666 372 666 418 611 418
489 340 504 340 504 387 489 387
201 866 229 866 229 913 201 913
265 855 305 855 305 902 265 902
473 497 517 497 517 544 473 544
124 1296 169 1296 169 1343 124 1343
332 361 380 361 380 408 332 408
899 1060 930 1060 930 1107 899 1107
127 1091 170 1091 170 1138 127 1138
136 1141 167 1141 167 1189 136 1189
333 450 383 450 383 498 333 498
403 1364 454 1364 454 1412 403 1412
892 738 933 738 933 786 892 786
544 651 589 651 589 699 544 699
123 732 173 732 173 780 123 780
757 1010 809 1010 809 1058 757 1058
143 777 152 777 152 826 143 826
399 1057 447 1057 447 1106 399 1106
360 919 384 919 384 968 360 968
831 1342 870 1342 870 1391 831 1391
403 1008 446 1008 446 1057 403 1057
610 1259 665 1259 665 1308 610 1308
908 383 927 383 927 432 908 432
477 993 509 993 509 1042 477 1042
340 595 379 595 379 644 340 644
195 308 235 308 235 357 195 357
685 1121 733 1121 733 1170 685 1170
686 998 733 998 733 1048 686 1048
194 608 242 608 242 659 194 659
403 958 452 958 452 1009 403 1009
333 646 372 646 372 697 333 697
550 852 591 852 591 903 550 903
615 1155 656 1155 656 1206 615 1206
754 374 800 374 800 425 754 425
413 429 441 429 441 481 413 481
126 348 167 348 167 401 126 401
760 1244 801 1244 801 1297 760 1297
401 910 448 910 448 963 401 963
261 1356 314 1356 314 1409 261 1409
683 1238 725 1238 725 1292 683 1292
194 658 240 658 240 712 194 712
403 590 447 590 447 644 403 644
614 1102 662 1102 662 1157 614 1157
750 638 798 638 798 694 750 694
472 540 526 540 526 596 472 596
775 917 783 917 783 974 775 974
126 401 170 401 170 459 126 459
540 693 586 693 586 752 540 752
403 527 456 527 456 586 403 586
336 305 374 305 374 365 336 365
896 507 936 507 936 567 896 567
127 634 162 634 162 695 127 695
825 1148 864 1148 864 1209 825 1209
267 531 307 531 307 592 267 592
755 703 802 703 802 766 755 766
476 929 516 929 516 992 476 992
894 1243 935 1243 935 1307 894 1307
487 372 524 372 524 445 487 445
573 1323 596 1323 596 1402 573 1402
