741 879 777 879 777 887 741 887
914 448 925 448 925 456 914 456
151 1310 160 1310 160 1320 151 1320
420 699 430 699 430 709 420 709
813 462 840 462 840 473 813 473
608 470 633 470 633 483 608 483
607 695 633 695 633 708 607 708
266 1209 292 1209 292 1222 266 1222
675 899 702 899 702 913 675 913
325 721 356 721 356 736 325 736
678 1217 708 1217 708 1232 678 1232
472 732 488 732 488 748 472 748
132 998 149 998 149 1014 132 1014
614 930 627 930 627 947 614 947
684 361 699 361 699 378 684 378
540 827 558 827 558 844 540 844
749 1355 776 1355 776 1372 749 1372
327 1328 364 1328 364 1345 327 1345
477 1349 495 1349 495 1367 477 1367
123 677 150 677 150 695 123 695
264 1160 291 1160 291 1179 264 1179
893 1101 918 1101 918 1120 893 1120
402 711 424 711 424 730 402 730
129 657 143 657 143 677 129 677
889 388 905 388 905 408 889 408
887 589 905 589 905 609 887 609
810 373 850 373 850 393 810 393
261 748 280 748 280 769 261 769
343 1214 359 1214 359 1235 343 1235
815 411 842 411 842 432 815 432
398 377 419 377 419 398 398 398
826 1254 848 1254 848 1275 826 1275
342 1101 365 1101 365 1122 342 1122
885 325 912 325 912 346 885 346
538 1003 565 1003 565 1024 538 1024
325 426 354 426 354 447 325 447
134 1123 150 1123 150 1145 134 1145
404 1293 420 1293 420 1315 404 1315
540 911 566 911 566 933 540 933
747 1130 773 1130 773 1152 747 1152
338 480 349 480 349 502 338 502
750 1290 777 1290 777 1312 750 1312
883 978 917 978 917 1000 883 1000
686 1351 704 1351 704 1374 686 1374
541 565 556 565 556 588 541 588
824 1320 841 1320 841 1343 824 1343
269 1133 287 1133 287 1156 269 1156
674 848 704 848 704 871 674 871
390 351 427 351 427 374 390 374
398 1096 437 1096 437 1119 398 1119
541 762 556 762 556 785 541 785
681 997 696 997 696 1020 681 1020
753 816 770 816 770 839 753 839
813 323 842 323 842 346 813 346
125 876 158 876 158 899 125 899
808 347 843 347 843 370 808 370
262 1348 298 1348 298 1371 262 1371
680 795 700 795 700 819 680 819
257 844 284 844 284 868 257 868
822 386 836 386 836 410 822 410
475 1123 489 1123 489 1147 475 1147
336 406 353 406 353 430 336 430
542 977 561 977 561 1001 542 1001
342 1240 367 1240 367 1264 342 1264
810 545 845 545 845 569 810 569
823 874 836 874 836 899 823 899
264 899 285 899 285 924 264 924
328 798 357 798 357 823 328 823
808 434 844 434 844 459 808 459
679 600 698 600 698 625 679 625
610 317 638 317 638 342 610 342
603 800 643 800 643 825 603 825
408 1189 424 1189 424 1214 408 1214
815 1131 846 1131 846 1156 815 1156
741 978 773 978 773 1003 741 1003
462 408 501 408 501 433 462 433
332 1346 376 1346 376 1371 332 1371
751 378 766 378 766 404 751 404
469 515 485 515 485 541 469 541
131 935 147 935 147 961 131 961
407 1261 423 1261 423 1287 407 1287
269 1060 288 1060 288 1086 269 1086
673 525 706 525 706 551 673 551
473 672 486 672 486 698 473 698
472 981 491 981 491 1007 472 1007
746 348 773 348 773 374 746 374
328 546 360 546 360 572 328 572
268 1306 301 1306 301 1332 268 1332
332 1129 365 1129 365 1155 332 1155
737 592 770 592 770 618 737 618
125 769 159 769 159 795 125 795
891 641 904 641 904 668 891 668
345 1153 360 1153 360 1180 345 1180
129 432 145 432 145 459 129 459
687 1186 705 1186 705 1213 687 1213
879 817 911 817 911 844 879 844
188 505 222 505 222 532 188 532
537 848 572 848 572 875 537 875
262 1178 298 1178 298 1205 262 1205
395 1033 431 1033 431 1060 395 1060
401 1349 439 1349 439 1376 401 1376
127 368 151 368 151 395 127 395
265 1003 290 1003 290 1030 265 1030
609 1114 637 1114 637 1141 609 1141
256 527 288 527 288 554 256 554
121 629 155 629 155 656 121 656
744 1154 780 1154 780 1181 744 1181
670 871 707 871 707 898 670 898
404 499 420 499 420 526 404 526
341 1075 358 1075 358 1102 341 1102
130 529 147 529 147 556 130 556
537 696 560 696 560 723 537 723
327 769 358 769 358 796 327 796
882 701 915 701 915 728 882 728
258 425 292 425 292 452 258 452
758 1261 770 1261 770 1289 758 1289
338 853 353 853 353 881 338 881
191 446 221 446 221 474 191 474
811 477 845 477 845 505 811 505
322 449 358 449 358 477 322 477
123 1093 162 1093 162 1121 123 1121
879 755 920 755 920 783 879 783
268 318 280 318 280 346 268 346
679 766 693 766 693 794 679 794
337 687 352 687 352 715 337 715
199 474 216 474 216 502 199 502
335 1267 362 1267 362 1295 335 1295
259 367 286 367 286 395 259 395
814 647 847 647 847 675 814 675
679 1128 714 1128 714 1156 679 1156
463 608 500 608 500 636 463 636
120 902 159 902 159 930 120 930
885 1341 925 1341 925 1369 885 1369
345 1295 357 1295 357 1324 345 1324
620 986 633 986 633 1015 620 1015
896 1153 909 1153 909 1182 896 1182
201 417 216 417 216 446 201 446
399 527 424 527 424 556 399 556
813 620 842 620 842 649 813 649
252 396 288 396 288 425 252 425
259 1031 297 1031 297 1060 259 1060
887 727 906 727 906 756 887 756
817 996 843 996 843 1025 817 1025
746 787 775 787 775 816 746 816
394 816 425 816 425 845 394 845
886 1120 917 1120 917 1149 886 1149
882 527 913 527 913 556 882 556
679 1157 712 1157 712 1186 679 1186
887 1227 923 1227 923 1256 887 1256
813 899 853 899 853 928 813 928
408 469 418 469 418 498 408 498
823 966 838 966 838 995 823 995
886 668 905 668 905 697 886 697
465 441 501 441 501 470 465 470
881 414 922 414 922 443 881 443
812 1343 858 1343 858 1372 812 1372
266 347 281 347 281 377 266 377
126 1147 155 1147 155 1177 126 1177
396 1005 426 1005 426 1035 396 1035
891 558 904 558 904 588 891 588
614 863 634 863 634 893 614 893
123 557 150 557 150 587 123 587
324 879 357 879 357 909 324 909
256 631 291 631 291 661 256 661
324 658 359 658 359 688 324 688
468 1311 506 1311 506 1341 468 1341
603 343 643 343 643 373 603 373
257 970 299 970 299 1000 257 1000
341 826 359 826 359 857 341 857
265 868 294 868 294 899 265 899
325 737 360 737 360 768 325 768
185 388 223 388 223 419 185 419
741 842 780 842 780 873 741 873
672 452 712 452 712 483 672 483
741 404 783 404 783 435 741 435
605 569 647 569 647 600 605 600
546 879 560 879 560 910 546 910
750 665 765 665 765 696 750 696
396 1315 429 1315 429 1346 396 1346
530 1024 567 1024 567 1055 530 1055
879 609 913 609 913 640 879 640
743 316 777 316 777 347 743 347
117 497 159 497 159 528 117 528
812 839 854 839 854 870 812 870
683 819 696 819 696 851 683 851
888 495 910 495 910 527 888 527
469 1147 498 1147 498 1179 469 1179
398 1060 432 1060 432 1092 398 1092
892 1068 913 1068 913 1100 892 1100
884 879 914 879 914 911 884 911
467 575 498 575 498 607 467 607
124 1020 158 1020 158 1052 124 1052
122 334 160 334 160 366 122 366
602 1141 641 1141 641 1173 602 1173
390 316 430 316 430 348 390 348
460 639 500 639 500 671 460 671
891 847 905 847 905 879 891 879
123 961 152 961 152 993 123 993
810 755 843 755 843 787 810 787
189 352 225 352 225 384 189 384
607 1015 643 1015 643 1047 607 1047
397 1155 433 1155 433 1187 397 1187
463 749 504 749 504 781 463 781
199 650 210 650 210 683 199 683
464 697 493 697 493 730 464 730
191 586 221 586 221 619 191 619
127 1262 163 1262 163 1295 127 1295
893 942 911 942 911 975 893 975
890 1000 909 1000 909 1033 890 1033
121 592 158 592 158 625 121 625
124 1234 164 1234 164 1267 124 1267
392 887 437 887 437 920 392 920
751 475 772 475 772 509 751 509
676 1021 705 1021 705 1055 676 1055
468 1008 498 1008 498 1042 468 1042
330 999 364 999 364 1033 330 1033
123 397 158 397 158 431 123 431
608 1085 646 1085 646 1119 608 1119
606 1173 651 1173 651 1207 606 1207
352 1180 361 1180 361 1214 352 1214
258 454 293 454 293 488 258 488
263 1239 299 1239 299 1273 263 1273
673 732 710 732 710 766 673 766
747 1055 787 1055 787 1089 747 1089
251 597 294 597 294 631 251 631
680 1316 705 1316 705 1350 680 1350
396 778 425 778 425 812 396 812
464 543 500 543 500 577 464 577
879 353 918 353 918 387 879 387
183 316 225 316 225 350 183 350
673 378 710 378 710 413 673 413
607 1050 645 1050 645 1085 607 1085
392 433 438 433 438 468 392 468
749 1092 770 1092 770 1127 749 1127
469 368 488 368 488 404 469 404
884 1305 914 1305 914 1341 884 1341
534 786 565 786 565 822 534 822
885 1034 918 1034 918 1070 885 1070
678 1231 712 1231 712 1267 678 1267
394 741 428 741 428 777 394 777
124 1196 161 1196 161 1232 124 1232
122 734 160 734 160 770 122 770
881 455 919 455 919 491 881 491
400 611 423 611 423 647 400 647
678 1057 712 1057 712 1093 678 1093
743 1179 782 1179 782 1215 743 1215
541 528 562 528 562 564 541 564
403 1120 430 1120 430 1156 403 1156
124 698 153 698 153 734 124 734
673 692 712 692 712 728 673 728
811 677 856 677 856 713 811 713
262 709 279 709 279 746 262 746
533 402 567 402 567 439 533 439
678 1094 712 1094 712 1131 678 1131
746 1312 781 1312 781 1349 746 1349
255 555 299 555 299 592 255 592
197 620 213 620 213 657 197 657
470 828 486 828 486 865 470 865
333 1037 361 1037 361 1074 333 1074
125 459 155 459 155 496 125 496
607 894 638 894 638 931 607 931
673 416 710 416 710 453 673 453
810 506 852 506 852 543 810 543
256 769 285 769 285 807 256 807
531 328 569 328 569 366 531 366
815 928 854 928 854 966 815 966
255 807 288 807 288 845 255 845
122 836 158 836 158 874 122 874
535 655 572 655 572 693 535 693
466 1044 503 1044 503 1082 466 1082
881 778 921 778 921 816 881 816
528 726 574 726 574 764 528 764
881 912 915 912 915 950 881 950
604 487 639 487 639 526 604 526
738 552 776 552 776 591 738 591
530 366 573 366 573 405 530 405
399 966 433 966 433 1005 399 1005
742 511 778 511 778 550 742 550
463 1178 506 1178 506 1217 463 1217
463 902 509 902 509 941 463 941
744 435 780 435 780 475 744 475
609 823 633 823 633 863 609 863
129 1054 155 1054 155 1094 129 1094
892 1182 918 1182 918 1222 892 1222
123 281 163 281 163 321 123 321
547 933 565 933 565 974 547 974
609 944 641 944 641 985 609 985
258 927 297 927 297 968 258 968
534 280 577 280 577 321 534 321
472 942 494 942 494 983 472 983
671 482 711 482 711 523 671 523
743 897 785 897 785 938 743 938
471 866 486 866 486 908 471 908
459 280 502 280 502 322 459 322
331 501 352 501 352 543 331 543
746 697 779 697 779 739 746 739
466 1218 500 1218 500 1260 466 1260
604 652 637 652 637 694 604 694
816 1276 853 1276 853 1318 816 1318
396 1218 430 1218 430 1261 396 1261
256 484 291 484 291 527 256 527
673 913 707 913 707 956 673 956
603 526 638 526 638 569 603 569
465 1261 501 1261 501 1304 465 1304
318 577 364 577 364 620 318 620
668 955 705 955 705 999 668 999
324 910 364 910 364 954 324 954
600 714 636 714 636 758 600 758
400 397 413 397 413 441 400 441
324 956 364 956 364 1000 324 1000
124 795 161 795 161 840 124 840
741 742 779 742 779 787 741 787
464 1082 502 1082 502 1127 464 1127
390 842 432 842 432 887 390 887
603 375 636 375 636 420 603 420
601 754 636 754 636 799 601 799
393 644 430 644 430 689 393 689
672 319 712 319 712 364 672 364
817 1027 851 1027 851 1073 817 1073
529 480 573 480 573 526 529 526
396 917 426 917 426 963 396 963
255 667 291 667 291 713 255 713
741 932 777 932 777 978 741 978
667 552 712 552 712 598 667 598
194 683 219 683 219 730 194 730
811 1158 849 1158 849 1205 811 1205
269 1086 283 1086 283 1133 269 1133
812 711 846 711 846 758 812 758
675 1267 708 1267 708 1315 675 1315
884 1256 923 1256 923 1304 884 1304
323 316 365 316 365 365 323 365
747 620 776 620 776 670 747 670
813 569 845 569 845 619 813 619
750 1003 773 1003 773 1056 750 1056
819 1076 849 1076 849 1131 819 1131
193 534 215 534 215 589 193 589
464 782 495 782 495 842 464 842
817 778 843 778 843 842 817 842
678 629 705 629 705 693 678 693
537 588 560 588 560 655 537 655
