750 284 769 284 769 295 750 295
477 374 494 374 494 386 477 386
510 593 524 593 524 608 510 608
242 733 258 733 258 748 242 748
239 548 264 548 264 564 239 564
702 613 714 613 714 630 702 630
508 509 525 509 525 526 508 526
564 414 582 414 582 431 564 431
428 753 449 753 449 770 428 770
423 1287 451 1287 451 1304 423 1304
513 434 530 434 530 451 513 451
829 984 858 984 858 1001 829 1001
833 1162 864 1162 864 1179 833 1179
359 376 378 376 378 393 359 393
631 822 650 822 650 839 631 839
834 560 855 560 855 577 834 577
362 805 382 805 382 823 362 823
225 1010 246 1010 246 1028 225 1028
562 1202 587 1202 587 1220 562 1220
692 724 720 724 720 742 692 742
414 1305 455 1305 455 1323 414 1323
159 610 172 610 172 628 159 628
573 1257 589 1257 589 1275 573 1275
158 952 175 952 175 970 158 970
631 625 650 625 650 644 631 644
562 792 582 792 582 811 562 811
768 661 788 661 788 680 768 680
355 960 381 960 381 979 355 979
762 857 792 857 792 876 762 876
501 614 532 614 532 633 501 633
839 688 850 688 850 707 839 707
211 646 231 646 231 665 211 665
834 800 855 800 855 819 834 819
242 776 256 776 256 795 242 795
426 1136 446 1136 446 1155 426 1155
245 529 259 529 259 549 245 549
767 1126 786 1126 786 1146 767 1146
360 465 380 465 380 485 360 485
240 480 257 480 257 500 240 500
427 1262 449 1262 449 1282 427 1282
631 955 650 955 650 976 631 976
210 623 232 623 232 644 210 644
353 517 382 517 382 538 353 538
216 601 225 601 225 622 216 622
779 380 802 380 802 401 779 401
236 656 262 656 262 677 236 677
635 689 662 689 662 710 635 710
207 495 223 495 223 516 207 516
769 1342 789 1342 789 1363 769 1363
632 1140 653 1140 653 1161 632 1161
547 844 604 844 604 865 547 865
296 602 304 602 304 624 296 624
839 1310 856 1310 856 1332 839 1332
213 755 231 755 231 777 213 777
699 701 718 701 718 723 699 723
490 303 520 303 520 325 490 325
553 956 590 956 590 978 553 978
280 341 325 341 325 363 280 363
238 677 261 677 261 699 238 699
206 441 230 441 230 463 206 463
891 922 938 922 938 944 891 944
767 832 788 832 788 855 767 855
356 1339 379 1339 379 1362 356 1362
690 629 727 629 727 652 690 652
213 1060 253 1060 253 1083 213 1083
554 318 598 318 598 341 554 341
897 606 917 606 917 629 897 629
768 1259 788 1259 788 1282 768 1282
494 280 515 280 515 303 494 303
834 959 855 959 855 982 834 982
503 408 531 408 531 431 503 431
145 799 184 799 184 822 145 822
237 796 260 796 260 820 237 820
900 1223 925 1223 925 1247 900 1247
556 546 592 546 592 570 556 570
621 888 666 888 666 912 621 912
159 777 172 777 172 801 159 801
155 1007 174 1007 174 1031 155 1031
154 719 174 719 174 743 154 743
237 451 260 451 260 475 237 475
209 520 233 520 233 544 209 544
556 817 590 817 590 841 556 841
828 1254 863 1254 863 1278 828 1278
214 1037 250 1037 250 1061 214 1061
554 514 590 514 590 538 554 538
280 317 316 317 316 341 280 341
894 722 933 722 933 746 894 746
902 668 917 668 917 692 902 692
693 1155 732 1155 732 1179 693 1179
235 565 263 565 263 590 235 590
915 345 944 345 944 370 915 370
351 1205 382 1205 382 1230 351 1230
820 707 861 707 861 732 820 732
426 931 445 931 445 956 426 956
561 1017 585 1017 585 1042 561 1042
146 461 173 461 173 486 146 486
147 861 181 861 181 886 147 886
346 979 385 979 385 1004 346 1004
704 359 717 359 717 385 704 385
216 665 231 665 231 691 216 691
212 577 228 577 228 603 212 603
210 725 237 725 237 751 210 751
761 547 789 547 789 573 761 573
567 389 604 389 604 415 567 415
245 748 259 748 259 774 245 774
834 503 850 503 850 529 834 529
906 1013 927 1013 927 1039 906 1039
289 572 311 572 311 598 289 598
151 580 173 580 173 606 151 606
218 280 243 280 243 306 218 306
778 317 806 317 806 343 778 343
836 777 875 777 875 803 836 803
515 452 529 452 529 478 515 478
899 986 920 986 920 1012 899 1012
208 546 230 546 230 572 208 572
561 567 584 567 584 593 561 593
148 692 178 692 178 718 148 718
242 500 256 500 256 527 242 527
203 380 232 380 232 407 203 407
824 1002 864 1002 864 1029 824 1029
243 626 257 626 257 653 243 653
362 489 379 489 379 516 362 516
561 733 578 733 578 760 561 760
359 1275 378 1275 378 1302 359 1302
286 924 306 924 306 951 286 951
562 1143 583 1143 583 1170 562 1170
289 661 310 661 310 688 289 688
830 1134 863 1134 863 1161 830 1161
757 875 797 875 797 902 757 902
630 794 671 794 671 821 630 821
427 693 444 693 444 721 427 721
768 1075 785 1075 785 1103 768 1103
227 1111 244 1111 244 1139 227 1139
632 1163 651 1163 651 1191 632 1191
918 314 941 314 941 342 918 342
424 1191 449 1191 449 1219 424 1219
149 632 180 632 180 660 149 660
633 1080 649 1080 649 1108 633 1108
425 813 447 813 447 841 425 841
173 311 196 311 196 339 173 339
642 1295 670 1295 670 1323 642 1323
503 373 534 373 534 401 503 401
500 533 532 533 532 561 500 561
282 854 314 854 314 882 282 882
830 1333 864 1333 864 1361 830 1361
146 1202 191 1202 191 1230 146 1230
570 596 584 596 584 624 570 624
637 313 662 313 662 341 637 341
777 404 803 404 803 432 777 432
216 1141 249 1141 249 1169 216 1169
145 883 182 883 182 911 145 911
226 1082 243 1082 243 1111 226 1111
206 468 228 468 228 497 206 497
777 349 810 349 810 378 777 378
347 906 387 906 387 935 347 935
436 874 446 874 446 903 436 903
509 562 524 562 524 591 509 591
360 314 376 314 376 343 360 343
360 933 376 933 376 962 360 962
214 692 232 692 232 721 214 721
903 693 923 693 923 722 903 722
359 1071 379 1071 379 1100 359 1100
290 980 311 980 311 1009 290 1009
155 1110 176 1110 176 1139 155 1139
284 782 317 782 317 811 284 811
823 897 858 897 858 926 823 926
687 743 727 743 727 772 687 772
159 823 177 823 177 852 159 852
358 746 379 746 379 775 358 775
152 1142 178 1142 178 1171 152 1171
558 627 590 627 590 656 558 656
893 1047 928 1047 928 1076 893 1076
433 184 469 184 469 213 433 213
552 887 589 887 589 916 552 916
691 280 731 280 731 309 691 309
144 1078 186 1078 186 1107 144 1107
705 426 718 426 718 456 705 456
750 302 771 302 771 332 750 332
286 540 310 540 310 570 286 570
145 394 177 394 177 424 145 424
896 501 928 501 928 531 896 531
558 1042 591 1042 591 1072 558 1072
419 955 453 955 453 985 419 985
351 1008 386 1008 386 1038 351 1038
351 1138 388 1138 388 1168 351 1168
625 595 664 595 664 625 625 625
425 1081 442 1081 442 1111 425 1111
242 701 260 701 260 731 242 731
206 411 227 411 227 441 206 441
899 847 921 847 921 877 899 877
896 1190 922 1190 922 1220 896 1220
641 188 669 188 669 218 641 218
826 1077 869 1077 869 1107 826 1107
768 603 784 603 784 634 768 634
470 397 498 397 498 428 470 428
695 1125 729 1125 729 1156 695 1156
625 977 659 977 659 1008 625 1008
624 507 663 507 663 538 624 538
439 384 446 384 446 415 439 415
159 485 169 485 169 516 159 516
358 1306 375 1306 375 1337 358 1337
222 950 241 950 241 981 222 981
626 1261 656 1261 656 1292 626 1292
762 631 792 631 792 662 762 662
232 377 263 377 263 408 232 408
349 537 382 537 382 568 349 568
351 619 385 619 385 650 351 650
214 779 230 779 230 810 214 810
564 856 586 856 586 887 564 887
424 316 448 316 448 347 424 347
897 1112 924 1112 924 1143 897 1143
900 1246 929 1246 929 1277 900 1277
351 342 381 342 381 373 351 373
278 951 321 951 321 982 278 982
160 1173 179 1173 179 1205 160 1205
242 590 262 590 262 622 242 622
439 223 463 223 463 255 439 255
827 865 856 865 856 897 827 897
763 1282 794 1282 794 1314 763 1314
830 1282 864 1282 864 1314 830 1314
483 327 520 327 520 359 483 359
351 774 389 774 389 806 351 806
413 618 452 618 452 650 413 650
887 471 927 471 927 503 887 503
282 382 325 382 325 414 282 414
517 476 524 476 524 508 517 508
830 584 854 584 854 616 830 616
761 442 795 442 795 474 761 474
826 926 860 926 860 958 826 958
416 898 451 898 451 930 416 930
762 902 797 902 797 934 762 934
825 529 863 529 863 561 825 561
619 1108 658 1108 658 1140 619 1140
758 476 798 476 798 508 758 508
288 461 322 461 322 494 288 494
170 344 206 344 206 377 170 377
624 1046 662 1046 662 1079 624 1079
556 663 586 663 586 696 556 696
557 1167 592 1167 592 1200 557 1200
760 1098 796 1098 796 1131 760 1131
415 1106 452 1106 452 1139 415 1139
146 513 188 513 188 546 146 546
901 1077 920 1077 920 1110 901 1110
560 919 582 919 582 952 560 952
631 561 654 561 654 594 631 594
832 1108 856 1108 856 1141 832 1141
776 282 811 282 811 315 776 315
419 718 455 718 455 751 419 751
217 978 255 978 255 1011 217 1011
349 397 393 397 393 430 349 430
290 628 309 628 309 662 290 662
764 1187 793 1187 793 1221 764 1221
761 931 798 931 798 965 761 965
759 1314 801 1314 801 1348 759 1348
639 1190 647 1190 647 1224 639 1224
478 430 497 430 497 464 478 464
355 1100 385 1100 385 1134 355 1134
555 979 590 979 590 1013 555 1013
283 497 321 497 321 531 283 531
830 617 851 617 851 652 830 652
150 541 180 541 180 576 150 576
626 281 661 281 661 316 626 316
765 962 800 962 800 997 765 997
832 1180 867 1180 867 1215 832 1215
415 840 457 840 457 875 415 875
619 1010 662 1010 662 1045 619 1045
908 530 922 530 922 565 908 565
424 1223 443 1223 443 1258 424 1258
563 1075 592 1075 592 1110 563 1110
698 577 730 577 730 612 698 612
553 1109 600 1109 600 1144 553 1144
758 332 765 332 765 367 758 367
706 890 729 890 729 925 706 925
557 441 593 441 593 476 557 476
694 500 733 500 733 535 694 535
416 351 458 351 458 386 416 386
778 799 788 799 788 835 778 835
637 342 651 342 651 378 637 378
560 477 586 477 586 513 560 513
762 510 797 510 797 546 762 546
827 469 863 469 863 505 827 505
832 651 868 651 868 687 832 687
147 744 186 744 186 780 147 780
417 1158 456 1158 456 1194 417 1194
688 1050 733 1050 733 1086 688 1086
628 712 656 712 656 748 628 748
552 757 589 757 589 793 552 793
693 540 732 540 732 576 693 576
146 660 186 660 186 696 146 696
142 973 190 973 190 1009 142 1009
703 923 716 923 716 959 703 959
832 1217 859 1217 859 1253 832 1253
415 542 453 542 453 578 415 578
755 1149 798 1149 798 1185 755 1185
895 394 928 394 928 431 895 431
763 722 799 722 799 759 763 759
764 1220 802 1220 802 1257 764 1257
759 574 795 574 795 611 759 611
621 850 662 850 662 887 621 887
554 1223 595 1223 595 1260 554 1260
239 411 257 411 257 449 239 449
629 528 654 528 654 566 629 566
560 277 587 277 587 315 560 315
407 183 440 183 440 221 407 221
693 1005 733 1005 733 1043 693 1043
822 825 863 825 863 863 822 863
636 225 678 225 678 263 636 263
281 884 315 884 315 922 281 922
550 697 604 697 604 735 550 735
353 277 386 277 386 315 353 315
349 1035 392 1035 392 1073 349 1073
419 414 452 414 452 453 419 453
417 276 455 276 455 315 417 315
901 567 916 567 916 606 901 606
630 918 650 918 650 957 630 957
896 945 926 945 926 984 896 984
417 501 457 501 457 540 417 540
758 998 801 998 801 1037 758 1037
716 1183 726 1183 726 1223 716 1223
289 1011 311 1011 311 1051 289 1051
151 422 178 422 178 462 151 462
763 761 796 761 796 801 763 801
761 687 799 687 799 727 761 727
416 1323 456 1323 456 1363 416 1363
212 861 256 861 256 901 212 901
692 1088 738 1088 738 1128 692 1128
347 825 397 825 397 865 347 865
288 689 314 689 314 729 288 729
150 911 181 911 181 951 150 951
419 577 454 577 454 617 419 617
822 188 860 188 860 228 822 228
413 777 455 777 455 817 413 817
698 962 717 962 717 1002 698 1002
355 861 383 861 383 901 355 901
687 816 731 816 731 856 687 856
755 1037 800 1037 800 1077 755 1077
563 344 589 344 589 385 563 385
893 631 932 631 932 672 893 672
835 735 849 735 849 776 835 776
901 879 921 879 921 920 901 920
622 648 662 648 662 689 622 689
555 1318 595 1318 595 1359 555 1359
621 464 665 464 665 505 621 505
904 427 922 427 922 468 904 468
690 857 726 857 726 898 690 898
623 1224 662 1224 662 1265 623 1265
288 275 310 275 310 317 288 317
824 375 866 375 866 417 824 417
414 453 462 453 462 495 414 495
696 774 726 774 726 817 696 817
826 425 863 425 863 468 826 468
145 1031 183 1031 183 1074 145 1074
694 459 732 459 732 502 694 502
283 416 323 416 323 459 283 459
621 418 666 418 666 461 621 461
635 743 642 743 642 786 635 786
699 385 731 385 731 428 699 428
688 314 723 314 723 357 688 357
346 700 391 700 391 743 346 743
214 817 259 817 259 860 214 860
827 331 866 331 866 375 827 375
414 986 454 986 454 1030 414 1030
413 648 457 648 457 692 413 692
630 1317 646 1317 646 1361 630 1361
637 373 648 373 648 418 637 418
361 420 378 420 378 465 361 465
220 308 240 308 240 353 220 353
282 732 317 732 317 777 282 777
891 749 933 749 933 794 891 794
902 1142 921 1142 921 1189 902 1189
821 282 857 282 857 329 821 329
827 1029 863 1029 863 1076 827 1076
699 653 714 653 714 701 699 701
562 1275 586 1275 586 1323 562 1323
416 1030 455 1030 455 1079 416 1079
214 901 252 901 252 953 214 953
351 568 389 568 389 621 351 621
893 794 933 794 933 847 893 847
347 646 392 646 392 701 347 701
