764 1147 792 1147 792 1160 764 1160
201 1351 215 1351 215 1364 201 1364
842 704 859 704 859 718 842 718
912 1301 927 1301 927 1315 912 1315
271 667 288 667 288 682 271 682
693 338 719 338 719 353 693 353
335 904 363 904 363 919 335 919
200 1019 217 1019 217 1034 200 1034
336 1351 355 1351 355 1366 336 1366
908 575 924 575 924 590 908 590
341 921 358 921 358 936 341 936
906 933 925 933 925 948 906 948
478 1385 493 1385 493 1401 478 1401
341 569 358 569 358 585 341 585
770 846 790 846 790 862 770 862
695 1402 718 1402 718 1418 695 1418
760 1324 798 1324 798 1340 760 1340
553 701 587 701 587 718 553 718
481 1324 497 1324 497 1341 481 1341
474 1155 502 1155 502 1172 474 1172
628 578 647 578 647 596 628 596
267 1036 286 1036 286 1054 267 1054
619 1018 645 1018 645 1036 619 1036
687 1026 717 1026 717 1044 687 1044
547 522 593 522 593 540 547 540
201 685 219 685 219 703 201 703
335 1150 362 1150 362 1168 335 1168
548 951 576 951 576 969 548 969
474 445 502 445 502 464 474 464
687 363 724 363 724 382 687 382
341 513 357 513 357 532 341 532
269 760 286 760 286 780 269 780
334 705 361 705 361 725 334 725
192 1147 224 1147 224 1167 192 1167
771 1092 786 1092 786 1113 771 1113
268 1153 281 1153 281 1174 268 1174
337 1293 351 1293 351 1314 337 1314
272 386 288 386 288 407 272 407
125 333 154 333 154 354 125 354
259 301 293 301 293 322 259 322
466 1401 505 1401 505 1422 466 1422
271 606 288 606 288 628 271 628
259 1236 290 1236 290 1258 259 1258
771 785 785 785 785 807 771 807
908 1240 925 1240 925 1262 908 1262
899 1104 929 1104 929 1126 899 1126
482 1206 496 1206 496 1229 482 1229
199 956 216 956 216 979 199 979
771 1256 788 1256 788 1279 771 1279
482 1301 499 1301 499 1324 482 1324
908 712 927 712 927 735 908 735
125 362 157 362 157 385 125 385
686 1229 718 1229 718 1252 686 1252
832 814 861 814 861 837 832 837
900 734 929 734 929 757 900 757
894 1058 930 1058 930 1081 894 1081
685 639 721 639 721 662 685 662
470 467 507 467 507 490 470 490
340 837 357 837 357 861 340 861
830 377 862 377 862 401 830 401
192 1072 227 1072 227 1096 192 1096
548 439 584 439 584 463 548 463
757 718 796 718 796 742 757 742
181 1099 232 1099 232 1123 181 1123
264 975 280 975 280 999 264 999
835 639 853 639 853 663 835 663
201 626 220 626 220 650 201 650
556 463 576 463 576 487 556 487
187 1371 224 1371 224 1395 187 1395
132 305 146 305 146 330 132 330
908 519 924 519 924 544 908 544
481 964 498 964 498 989 481 989
480 777 503 777 503 802 480 802
556 1248 569 1248 569 1273 556 1273
198 1286 213 1286 213 1311 198 1311
558 888 577 888 577 913 558 913
613 1040 645 1040 645 1065 613 1065
338 981 372 981 372 1006 338 1006
546 1359 571 1359 571 1384 546 1384
762 960 793 960 793 985 762 985
826 405 865 405 865 430 826 430
895 1128 935 1128 935 1153 895 1153
753 985 793 985 793 1010 753 1010
828 722 869 722 869 747 828 747
327 728 369 728 369 753 327 753
256 327 305 327 305 352 256 352
907 869 922 869 922 895 907 895
196 1042 222 1042 222 1068 196 1068
333 1397 362 1397 362 1423 333 1423
898 761 935 761 935 787 898 787
909 1321 931 1321 931 1347 909 1347
547 1219 575 1219 575 1245 547 1245
898 639 932 639 932 665 898 665
760 1229 794 1229 794 1255 760 1255
692 841 728 841 728 867 692 867
205 806 218 806 218 833 205 833
561 792 576 792 576 819 561 819
262 409 291 409 291 436 262 436
689 806 722 806 722 833 689 833
759 1365 795 1365 795 1392 759 1392
547 916 589 916 589 943 547 943
472 520 504 520 504 547 472 547
614 1245 651 1245 651 1272 614 1272
327 1369 366 1369 366 1396 327 1396
771 934 788 934 788 962 771 962
255 1124 299 1124 299 1152 255 1152
565 488 575 488 575 516 565 516
488 417 504 417 504 445 488 445
483 493 502 493 502 521 483 521
269 730 298 730 298 758 269 758
194 546 228 546 228 574 194 574
759 1116 796 1116 796 1144 759 1144
473 589 522 589 522 617 473 617
204 1117 219 1117 219 1146 204 1146
330 1317 360 1317 360 1346 330 1346
691 869 723 869 723 898 691 898
197 705 229 705 229 734 197 734
902 545 937 545 937 574 902 574
191 516 228 516 228 545 191 545
619 762 657 762 657 791 619 791
484 1123 497 1123 497 1152 484 1152
773 1200 788 1200 788 1229 773 1229
687 1200 718 1200 718 1229 687 1229
191 308 227 308 227 337 191 337
253 1177 300 1177 300 1206 253 1206
268 1207 285 1207 285 1236 268 1236
478 387 509 387 509 416 478 416
474 1271 508 1271 508 1300 474 1300
331 1009 366 1009 366 1038 331 1038
902 1394 937 1394 937 1423 902 1423
895 991 934 991 934 1020 895 1020
685 740 726 740 726 769 685 769
254 1260 295 1260 295 1289 254 1289
254 1058 297 1058 297 1087 254 1087
185 1391 233 1391 233 1420 185 1420
274 811 288 811 288 841 274 841
701 488 717 488 717 518 701 518
337 1040 360 1040 360 1070 337 1070
475 688 510 688 510 718 475 718
758 1394 794 1394 794 1424 758 1424
619 309 661 309 661 339 619 339
826 840 868 840 868 870 826 870
329 587 372 587 372 617 329 617
758 817 801 817 801 847 758 847
341 1121 356 1121 356 1151 341 1151
185 1169 229 1169 229 1199 185 1199
908 1076 924 1076 924 1107 908 1107
627 375 656 375 656 406 627 406
630 508 644 508 644 539 630 539
842 781 861 781 861 812 842 812
552 821 581 821 581 852 552 852
899 898 931 898 931 929 899 929
618 543 651 543 651 574 618 574
684 1049 721 1049 721 1080 684 1080
624 1276 649 1276 649 1308 624 1308
193 834 225 834 225 866 193 866
697 382 714 382 714 414 697 414
699 305 716 305 716 337 699 337
473 719 508 719 508 751 473 751
335 348 371 348 371 380 335 380
616 1182 652 1182 652 1214 616 1214
548 761 578 761 578 793 548 793
475 929 507 929 507 961 475 961
897 486 935 486 935 518 897 518
329 618 374 618 374 650 329 650
341 673 353 673 353 706 341 706
484 744 501 744 501 777 484 777
836 748 857 748 857 781 836 781
907 951 929 951 929 984 907 984
830 566 858 566 858 599 830 599
267 631 299 631 299 664 267 664
688 1160 723 1160 723 1193 688 1193
615 862 650 862 650 895 615 895
534 1389 571 1389 571 1422 534 1422
619 1350 656 1350 656 1383 619 1383
404 340 442 340 442 373 404 373
546 1037 584 1037 584 1070 546 1070
325 1171 365 1171 365 1204 325 1204
615 829 656 829 656 862 615 862
764 1337 793 1337 793 1370 764 1370
624 638 658 638 658 671 624 671
193 652 229 652 229 685 193 685
475 993 502 993 502 1027 475 1027
627 674 658 674 658 708 627 708
191 981 224 981 224 1015 191 1015
547 1000 580 1000 580 1034 547 1034
686 951 724 951 724 985 686 985
761 684 799 684 799 718 761 718
895 353 933 353 933 387 895 387
691 666 718 666 718 700 691 700
335 533 367 533 367 567 335 567
549 405 583 405 583 439 549 439
627 986 641 986 641 1020 627 1020
902 1262 935 1262 935 1296 902 1296
471 1173 506 1173 506 1207 471 1207
479 654 515 654 515 688 479 688
542 1139 578 1139 578 1173 542 1173
621 601 654 601 654 636 621 636
685 603 721 603 721 638 685 638
618 473 654 473 654 508 618 508
254 1089 299 1089 299 1124 254 1124
551 665 586 665 586 700 551 700
330 802 367 802 367 837 330 837
762 867 802 867 802 902 762 902
188 1202 230 1202 230 1237 188 1237
697 1320 712 1320 712 1356 697 1356
262 842 292 842 292 878 262 878
334 867 365 867 365 903 334 903
257 1001 293 1001 293 1037 257 1037
618 1143 658 1143 658 1179 618 1179
543 1319 569 1319 569 1355 543 1355
557 627 584 627 584 663 557 663
329 1260 360 1260 360 1296 329 1296
829 309 865 309 865 345 829 345
189 1320 225 1320 225 1356 189 1356
473 893 511 893 511 929 473 929
758 899 796 899 796 935 758 935
759 568 800 568 800 604 759 604
189 736 234 736 234 772 189 772
840 343 853 343 853 379 840 379
623 1385 642 1385 642 1421 623 1421
480 854 500 854 500 890 480 890
548 726 587 726 587 762 548 762
192 875 235 875 235 911 192 911
474 619 520 619 520 655 474 655
681 455 729 455 729 491 681 491
908 592 928 592 928 629 908 629
475 1233 502 1233 502 1270 475 1270
898 1020 932 1020 932 1057 898 1057
827 665 863 665 863 702 827 702
352 655 363 655 363 692 352 692
546 970 582 970 582 1008 546 1008
614 1069 652 1069 652 1107 614 1107
616 791 656 791 656 829 616 829
710 700 714 700 714 738 710 738
471 1346 498 1346 498 1384 471 1384
619 1311 648 1311 648 1349 619 1349
553 850 586 850 586 888 553 888
768 308 787 308 787 346 768 346
697 984 721 984 721 1022 697 1022
331 306 369 306 369 344 331 344
191 433 235 433 235 471 191 471
546 1278 575 1278 575 1317 546 1317
689 768 725 768 725 807 689 807
613 945 652 945 652 984 613 984
262 571 302 571 302 610 262 610
688 416 729 416 729 455 688 455
912 1353 927 1353 927 1392 912 1392
261 690 298 690 298 729 261 729
541 1088 581 1088 581 1127 541 1127
547 537 588 537 588 576 547 576
689 1359 719 1359 719 1399 689 1399
759 526 794 526 794 566 759 566
897 1202 935 1202 935 1242 897 1242
759 605 799 605 799 645 759 645
830 527 870 527 870 567 830 567
757 1010 797 1010 797 1050 757 1050
824 604 872 604 872 644 824 644
194 344 226 344 226 384 194 384
760 643 796 643 796 683 760 683
473 1035 512 1035 512 1075 473 1075
754 1281 801 1281 801 1321 754 1321
621 1101 646 1101 646 1142 621 1142
475 347 511 347 511 388 475 388
900 789 938 789 938 830 900 830
471 549 509 549 509 590 471 590
540 1173 586 1173 586 1214 540 1214
696 516 717 516 717 557 696 557
689 558 720 558 720 599 689 599
285 352 293 352 293 394 285 394
333 475 368 475 368 517 333 517
761 446 797 446 797 488 761 488
759 489 795 489 795 531 759 531
895 390 939 390 939 432 895 432
682 1081 726 1081 726 1123 682 1123
752 401 797 401 797 443 752 443
828 433 860 433 860 475 828 475
259 492 295 492 295 534 259 534
638 1215 648 1215 648 1257 638 1257
905 311 928 311 928 353 905 353
191 226 230 226 230 268 191 268
327 943 371 943 371 985 327 985
189 474 233 474 233 516 189 516
756 1162 803 1162 803 1204 756 1204
476 810 500 810 500 853 476 853
828 486 871 486 871 529 828 529
261 776 308 776 308 819 261 819
691 1116 716 1116 716 1159 691 1159
267 530 297 530 297 573 267 573
191 770 237 770 237 813 191 813
900 226 932 226 932 270 900 270
330 381 374 381 374 425 330 425
334 1074 364 1074 364 1118 334 1118
330 756 366 756 366 800 330 800
189 386 232 386 232 431 189 431
763 744 799 744 799 789 763 789
760 229 800 229 800 275 760 275
685 1253 728 1253 728 1299 685 1299
471 1075 509 1075 509 1121 471 1121
258 925 302 925 302 971 258 971
705 1284 713 1284 713 1331 705 1331
334 426 363 426 363 473 334 473
901 662 941 662 941 709 901 709
616 426 659 426 659 473 616 473
898 823 936 823 936 870 898 870
693 902 718 902 718 950 693 950
902 1154 933 1154 933 1202 902 1202
757 1048 798 1048 798 1097 757 1097
765 347 795 347 795 396 765 396
260 883 305 883 305 932 260 932
263 440 295 440 295 491 263 491
896 434 930 434 930 486 896 486
548 573 590 573 590 626 548 626
185 1229 231 1229 231 1282 185 1282
633 705 653 705 653 759 633 759
185 909 234 909 234 964 185 964
543 347 584 347 584 404 543 404
191 570 237 570 237 627 191 627
330 1201 366 1201 366 1260 330 1260
399 382 440 382 440 445 399 445
