309 363 322 363 322 370 309 370
832 1326 859 1326 859 1340 832 1340
415 589 450 589 450 603 415 603
349 515 381 515 381 530 349 530
226 658 244 658 244 674 226 674
890 565 936 565 936 581 890 581
286 408 312 408 312 424 286 424
560 1133 581 1133 581 1150 560 1150
286 621 315 621 315 639 286 639
356 1138 372 1138 372 1157 356 1157
222 1123 243 1123 243 1142 222 1142
423 1028 437 1028 437 1047 423 1047
494 450 516 450 516 469 494 469
630 1017 651 1017 651 1037 630 1037
156 437 178 437 178 457 156 457
564 650 586 650 586 670 564 670
630 612 651 612 651 632 630 632
564 478 588 478 588 498 564 498
483 1003 516 1003 516 1023 483 1023
502 1274 518 1274 518 1295 502 1295
424 529 442 529 442 550 424 550
631 1150 651 1150 651 1171 631 1171
490 1021 510 1021 510 1042 490 1042
695 432 723 432 723 454 695 454
292 597 314 597 314 619 292 619
897 1086 919 1086 919 1108 897 1108
567 979 594 979 594 1001 567 1001
568 896 596 896 596 918 568 918
349 729 374 729 374 752 349 752
556 804 587 804 587 827 556 827
889 1306 925 1306 925 1329 889 1329
834 1303 853 1303 853 1326 834 1326
563 782 583 782 583 805 563 805
489 1205 511 1205 511 1228 489 1228
224 1315 243 1315 243 1339 224 1339
283 460 320 460 320 484 283 484
225 923 245 923 245 947 225 947
224 861 249 861 249 885 224 885
417 1116 443 1116 443 1140 417 1140
290 526 307 526 307 550 290 550
355 1202 375 1202 375 1226 355 1226
355 884 376 884 376 908 355 908
422 1262 443 1262 443 1286 422 1286
495 1301 523 1301 523 1325 495 1325
149 650 178 650 178 674 149 674
897 539 927 539 927 563 897 563
495 1325 526 1325 526 1349 495 1349
410 950 459 950 459 974 410 974
699 597 716 597 716 622 699 622
215 332 258 332 258 357 215 357
421 400 446 400 446 425 421 425
622 1077 656 1077 656 1102 622 1102
885 1013 927 1013 927 1038 885 1038
905 515 922 515 922 541 905 541
900 726 922 726 922 752 900 752
149 701 180 701 180 727 149 727
494 648 526 648 526 674 494 674
568 627 603 627 603 653 568 653
825 427 861 427 861 453 825 453
416 1309 437 1309 437 1335 416 1335
491 799 513 799 513 825 491 825
830 1065 855 1065 855 1091 830 1091
224 1253 252 1253 252 1279 224 1279
496 1348 525 1348 525 1374 496 1374
683 1013 731 1013 731 1039 683 1039
361 297 381 297 381 323 361 323
695 568 717 568 717 594 695 594
291 792 317 792 317 818 291 818
417 921 451 921 451 947 417 947
564 411 583 411 583 438 564 438
899 384 923 384 923 411 899 411
350 369 381 369 381 396 350 396
494 385 515 385 515 412 494 412
683 764 724 764 724 791 683 791
157 377 178 377 178 405 157 405
149 463 179 463 179 491 149 491
483 539 522 539 522 567 483 567
485 474 525 474 525 502 485 502
472 1272 493 1272 493 1300 472 1300
629 762 651 762 651 790 629 790
419 1086 444 1086 444 1114 419 1114
569 951 595 951 595 979 569 979
145 554 186 554 186 582 145 582
561 1074 576 1074 576 1102 561 1102
560 1311 581 1311 581 1339 560 1339
550 1249 586 1249 586 1277 550 1277
218 1341 256 1341 256 1369 218 1369
278 430 320 430 320 458 278 458
898 1333 919 1333 919 1362 898 1362
420 829 446 829 446 858 420 858
485 824 519 824 519 853 485 853
225 1062 244 1062 244 1091 225 1091
426 895 448 895 448 924 426 924
221 1227 245 1227 245 1256 221 1256
145 526 180 526 180 555 145 555
160 676 177 676 177 705 160 705
216 739 250 739 250 768 216 768
687 938 726 938 726 967 687 967
890 1174 932 1174 932 1203 890 1203
625 550 648 550 648 580 625 580
550 709 592 709 592 739 550 739
561 1280 580 1280 580 1310 561 1310
284 765 310 765 310 795 284 795
554 1189 580 1189 580 1219 554 1219
217 675 249 675 249 705 217 705
619 1339 654 1339 654 1369 619 1369
826 719 862 719 862 749 826 749
889 1202 925 1202 925 1232 889 1232
221 834 246 834 246 865 221 865
829 955 857 955 857 986 829 986
483 1233 515 1233 515 1264 483 1264
888 929 923 929 923 960 888 960
550 1102 585 1102 585 1133 550 1133
822 920 859 920 859 951 822 951
759 670 798 670 798 701 759 701
552 1003 591 1003 591 1034 552 1034
545 867 568 867 568 898 545 898
549 1221 591 1221 591 1252 549 1252
547 829 592 829 592 860 547 860
345 693 391 693 391 724 345 724
496 934 512 934 512 965 496 965
424 960 444 960 444 991 424 991
896 1110 916 1110 916 1141 896 1141
829 888 857 888 857 919 829 919
624 793 660 793 660 824 624 824
545 1343 592 1343 592 1374 545 1374
576 862 590 862 590 894 576 894
572 920 590 920 590 952 572 952
419 1229 444 1229 444 1261 419 1261
285 368 316 368 316 400 285 400
235 242 269 242 269 274 235 274
215 1088 250 1088 250 1120 215 1120
906 453 918 453 918 485 906 485
285 689 312 689 312 721 285 721
684 1040 719 1040 719 1072 684 1072
415 793 453 793 453 825 415 825
350 1102 375 1102 375 1135 350 1135
352 1335 380 1335 380 1368 352 1368
624 1172 657 1172 657 1205 624 1205
618 578 654 578 654 611 618 611
285 331 325 331 325 364 285 364
142 726 185 726 185 759 142 759
815 500 867 500 867 533 815 533
351 800 383 800 383 833 351 833
690 1216 723 1216 723 1249 690 1249
815 1342 866 1342 866 1375 815 1375
544 944 570 944 570 977 544 977
692 397 723 397 723 430 692 430
484 964 515 964 515 997 484 997
825 635 861 635 861 668 825 668
350 764 388 764 388 797 350 797
819 1235 868 1235 868 1268 819 1268
154 615 179 615 179 649 154 649
217 886 258 886 258 920 217 920
688 670 730 670 730 704 688 704
218 358 260 358 260 392 218 392
277 1067 322 1067 322 1101 277 1101
420 494 448 494 448 528 420 528
625 335 656 335 656 369 625 369
695 359 728 359 728 393 695 393
214 618 252 618 252 652 214 652
150 400 191 400 191 434 150 434
149 345 190 345 190 379 149 379
214 769 258 769 258 803 214 803
487 1085 514 1085 514 1120 487 1120
621 985 663 985 663 1020 621 1020
821 991 864 991 864 1026 821 1026
894 753 938 753 938 788 894 788
692 1105 718 1105 718 1140 692 1140
826 810 866 810 866 845 826 845
280 1100 322 1100 322 1135 280 1135
363 659 386 659 386 694 363 694
891 1276 924 1276 924 1311 891 1311
693 456 730 456 730 491 693 491
417 1050 456 1050 456 1085 417 1085
625 206 665 206 665 241 625 241
213 1147 253 1147 253 1182 213 1182
690 493 734 493 734 528 690 528
202 198 235 198 235 234 202 234
350 1065 383 1065 383 1101 350 1101
692 1140 731 1140 731 1176 692 1176
282 855 319 855 319 891 282 891
216 521 255 521 255 557 216 557
688 968 727 968 727 1004 688 1004
413 754 453 754 453 790 413 790
415 552 457 552 457 588 415 588
225 585 245 585 245 621 225 621
623 913 652 913 652 949 623 949
484 1126 513 1126 513 1162 484 1162
560 541 591 541 591 577 560 577
218 948 254 948 254 984 218 984
156 492 173 492 173 529 156 529
628 635 652 635 652 672 628 672
559 339 587 339 587 376 559 376
555 439 590 439 590 476 555 476
410 1330 458 1330 458 1367 410 1367
413 455 451 455 451 492 413 492
620 1042 660 1042 660 1079 620 1079
278 819 320 819 320 856 278 856
620 297 667 297 667 334 620 334
231 399 243 399 243 437 231 437
770 459 789 459 789 497 770 497
493 566 520 566 520 604 493 604
490 715 521 715 521 753 490 753
351 619 388 619 388 657 351 657
820 1152 858 1152 858 1190 820 1190
893 414 932 414 932 452 893 452
559 671 581 671 581 709 559 709
417 997 450 997 450 1035 417 1035
281 940 317 940 317 978 281 978
350 477 386 477 386 515 350 515
550 373 597 373 597 411 550 411
899 581 925 581 925 619 899 619
283 722 318 722 318 760 283 760
761 744 800 744 800 782 761 782
758 421 798 421 798 459 758 459
302 487 314 487 314 526 302 526
476 1300 493 1300 493 1339 476 1339
695 1173 714 1173 714 1212 695 1212
426 858 447 858 447 897 426 897
221 553 248 553 248 592 221 592
694 528 722 528 722 567 694 567
551 1154 594 1154 594 1193 551 1193
422 1285 442 1285 442 1324 422 1324
351 1157 386 1157 386 1196 351 1196
147 582 183 582 183 621 147 621
623 677 659 677 659 716 623 716
485 411 523 411 523 450 485 450
280 978 320 978 320 1017 280 1017
285 295 325 295 325 334 285 334
621 876 662 876 662 915 621 915
894 1228 920 1228 920 1268 894 1268
201 236 235 236 235 276 201 276
559 583 596 583 596 623 559 623
365 396 375 396 375 436 365 436
419 1144 448 1144 448 1184 419 1184
618 1296 660 1296 660 1336 618 1336
559 501 585 501 585 541 559 541
216 796 252 796 252 836 216 836
823 848 872 848 872 888 823 888
753 586 802 586 802 626 753 626
484 1045 512 1045 512 1086 484 1086
223 294 251 294 251 335 223 335
894 838 922 838 922 879 894 879
824 1262 856 1262 856 1303 824 1303
480 898 523 898 523 939 480 939
226 705 245 705 245 746 226 746
542 901 571 901 571 942 542 942
486 857 521 857 521 898 486 898
214 477 259 477 259 518 214 518
210 988 263 988 263 1029 210 1029
417 712 454 712 454 754 417 754
683 1073 727 1073 727 1115 683 1115
830 1024 852 1024 852 1066 830 1066
830 1190 853 1190 853 1232 830 1232
626 943 657 943 657 985 626 985
217 1275 256 1275 256 1317 217 1317
685 624 729 624 729 666 685 666
346 435 391 435 391 477 346 477
619 418 665 418 665 460 619 460
487 348 524 348 524 391 487 391
217 1187 251 1187 251 1230 217 1230
887 885 933 885 933 928 887 928
695 786 719 786 719 830 695 830
486 671 516 671 516 715 486 715
411 1185 454 1185 454 1229 411 1229
754 327 799 327 799 371 754 371
552 295 599 295 599 339 552 339
486 755 522 755 522 799 486 799
889 1128 931 1128 931 1172 889 1172
492 496 518 496 518 541 492 541
826 454 859 454 859 499 826 499
619 506 661 506 661 551 619 551
890 1040 932 1040 932 1085 890 1085
892 474 936 474 936 519 892 519
758 622 805 622 805 667 758 667
552 1035 587 1035 587 1081 552 1081
213 1030 257 1030 257 1076 213 1076
352 570 389 570 389 616 352 616
412 606 455 606 455 652 412 652
350 324 394 324 394 370 350 370
482 604 526 604 526 650 482 650
276 551 324 551 324 597 276 597
416 345 456 345 456 392 416 392
353 1275 376 1275 376 1322 353 1322
351 970 381 970 381 1017 351 1017
478 1160 518 1160 518 1207 478 1207
624 1101 666 1101 666 1148 624 1148
754 540 804 540 804 587 754 587
827 325 869 325 869 373 827 373
626 713 653 713 653 761 626 761
821 669 866 669 866 717 821 717
415 297 454 297 454 345 415 345
348 1018 388 1018 388 1066 348 1066
761 497 791 497 791 546 761 546
619 461 658 461 658 510 619 510
623 366 671 366 671 415 623 415
216 422 254 422 254 472 216 472
890 622 931 622 931 672 890 672
282 1017 318 1017 318 1067 282 1067
694 831 718 831 718 882 694 882
618 826 660 826 660 877 618 877
620 1250 667 1250 667 1301 620 1301
143 295 193 295 193 346 143 346
344 1225 385 1225 385 1277 344 1277
487 295 520 295 520 347 487 347
888 782 935 782 935 835 888 835
282 891 309 891 309 944 282 944
890 672 932 672 932 726 890 726
273 635 318 635 318 689 273 689
889 328 935 328 935 382 889 382
891 959 926 959 926 1014 891 1014
557 727 583 727 583 782 557 782
690 706 725 706 725 761 690 761
691 879 723 879 723 935 691 935
754 701 792 701 792 757 754 757
824 371 874 371 874 427 824 427
619 1205 661 1205 661 1261 619 1261
822 532 867 532 867 589 822 589
758 371 802 371 802 429 758 429
817 1091 862 1091 862 1149 817 1149
707 1251 720 1251 720 1310 707 1310
415 654 457 654 457 719 415 719
