471 1319 511 1319 511 1325 471 1325
688 1191 710 1191 710 1203 688 1203
57 1200 88 1200 88 1214 57 1214
127 1366 153 1366 153 1381 127 1381
841 990 858 990 858 1005 841 1005
834 777 844 777 844 793 834 793
619 915 647 915 647 931 619 931
612 1001 661 1001 661 1017 612 1017
192 1327 218 1327 218 1344 192 1344
614 1223 643 1223 643 1240 614 1240
621 659 653 659 653 676 621 676
552 770 581 770 581 787 552 787
200 649 231 649 231 666 200 666
132 682 165 682 165 701 132 701
688 911 717 911 717 930 688 930
769 607 779 607 779 627 769 627
766 1300 776 1300 776 1320 766 1320
694 1005 707 1005 707 1025 694 1025
626 1015 640 1015 640 1035 626 1035
62 616 92 616 92 636 62 636
482 1064 503 1064 503 1085 482 1085
481 894 504 894 504 915 481 915
753 1070 793 1070 793 1092 753 1092
344 689 367 689 367 712 344 712
821 1375 850 1375 850 1398 821 1398
130 1036 148 1036 148 1059 130 1059
626 975 648 975 648 998 626 998
340 1038 363 1038 363 1061 340 1061
61 1173 79 1173 79 1197 61 1197
762 1276 782 1276 782 1300 762 1300
634 401 655 401 655 425 634 425
413 689 434 689 434 713 413 713
554 687 579 687 579 711 554 711
546 627 586 627 586 651 546 651
840 344 851 344 851 368 840 368
625 373 661 373 661 397 625 397
417 492 435 492 435 517 417 517
830 749 849 749 849 774 830 774
128 1210 158 1210 158 1235 128 1235
270 1388 290 1388 290 1413 270 1413
483 919 507 919 507 944 483 944
825 1398 860 1398 860 1423 825 1423
201 341 238 341 238 366 201 366
489 383 503 383 503 409 489 409
124 1264 154 1264 154 1290 124 1290
414 892 432 892 432 918 414 918
699 425 719 425 719 451 699 451
344 1143 362 1143 362 1169 344 1169
487 356 506 356 506 382 487 382
339 1107 372 1107 372 1134 339 1134
345 779 379 779 379 806 345 806
198 441 237 441 237 468 198 468
127 710 168 710 168 737 127 737
399 1031 451 1031 451 1058 399 1058
691 973 710 973 710 1000 691 1000
206 580 229 580 229 607 206 607
828 678 857 678 857 705 828 705
615 772 651 772 651 799 615 799
264 823 302 823 302 850 264 850
261 1299 300 1299 300 1326 261 1326
550 344 594 344 594 371 550 371
409 515 441 515 441 543 409 543
682 1104 717 1104 717 1132 682 1132
124 939 162 939 162 967 124 967
622 342 665 342 665 370 622 370
55 1144 86 1144 86 1172 55 1172
57 635 93 635 93 663 57 663
819 1185 858 1185 858 1213 819 1213
337 751 377 751 377 779 337 779
134 1335 147 1335 147 1363 134 1363
832 645 848 645 848 673 832 673
766 575 787 575 787 603 766 603
265 1079 295 1079 295 1107 265 1107
751 1393 785 1393 785 1421 751 1421
55 1224 94 1224 94 1252 55 1252
401 545 446 545 446 573 401 573
141 341 160 341 160 370 141 370
610 1304 645 1304 645 1333 610 1333
475 950 513 950 513 979 475 979
753 1165 793 1165 793 1194 753 1194
130 412 173 412 173 441 130 441
270 999 287 999 287 1028 270 1028
66 587 86 587 86 616 66 616
410 1002 433 1002 433 1031 410 1031
131 1233 161 1233 161 1262 131 1262
821 960 854 960 854 989 821 989
551 655 588 655 588 684 551 684
53 1003 92 1003 92 1032 53 1032
138 651 157 651 157 681 138 681
265 1358 297 1358 297 1388 265 1388
187 1257 222 1257 222 1287 187 1287
536 1279 573 1279 573 1309 536 1309
686 669 725 669 725 699 686 699
136 872 155 872 155 902 136 902
627 850 640 850 640 881 627 881
689 806 707 806 707 837 689 837
62 1293 80 1293 80 1324 62 1324
202 508 234 508 234 539 202 539
128 842 160 842 160 873 128 873
344 612 362 612 362 643 344 643
348 808 367 808 367 839 348 839
271 1327 300 1327 300 1358 271 1358
55 1077 87 1077 87 1108 55 1108
124 1002 156 1002 156 1033 124 1033
59 705 94 705 94 736 59 736
340 311 376 311 376 342 340 342
69 1108 80 1108 80 1139 69 1139
205 611 231 611 231 642 205 642
263 965 298 965 298 996 263 996
829 1072 843 1072 843 1104 829 1104
340 840 372 840 372 872 340 872
542 1309 577 1309 577 1341 542 1341
628 1040 648 1040 648 1072 628 1072
690 840 714 840 714 872 690 872
548 850 578 850 578 882 548 882
826 1007 857 1007 857 1039 826 1039
128 775 161 775 161 807 128 807
753 1130 792 1130 792 1162 753 1162
189 926 238 926 238 958 189 958
829 1242 848 1242 848 1275 829 1275
683 1206 712 1206 712 1239 683 1239
129 966 161 966 161 999 129 999
54 1257 89 1257 89 1290 54 1290
404 614 446 614 446 647 404 647
679 1336 729 1336 729 1369 679 1369
273 463 308 463 308 496 273 496
816 1312 852 1312 852 1345 816 1345
835 372 849 372 849 405 835 405
344 972 362 972 362 1005 344 1005
274 405 303 405 303 438 274 438
543 930 576 930 576 963 543 963
265 1255 300 1255 300 1288 265 1288
405 722 445 722 445 755 405 755
479 228 523 228 523 261 479 261
409 577 438 577 438 611 409 611
263 887 296 887 296 921 263 921
753 1098 790 1098 790 1132 753 1132
755 1240 792 1240 792 1274 755 1274
266 636 306 636 306 670 266 670
132 565 174 565 174 599 132 599
202 890 223 890 223 924 202 924
756 952 777 952 777 986 756 986
189 1345 226 1345 226 1379 189 1379
268 550 306 550 306 584 268 584
684 697 722 697 722 731 684 731
485 814 503 814 503 849 485 849
405 752 438 752 438 787 405 787
824 595 863 595 863 630 824 630
188 1175 227 1175 227 1210 188 1210
816 1340 858 1340 858 1375 816 1375
825 1203 847 1203 847 1238 825 1238
338 1003 373 1003 373 1038 338 1038
819 1039 855 1039 855 1074 819 1074
472 655 514 655 514 690 472 690
214 541 225 541 225 577 214 577
565 370 583 370 583 406 565 406
690 1025 714 1025 714 1061 690 1061
210 470 236 470 236 506 210 506
617 880 651 880 651 916 617 916
402 964 440 964 440 1000 402 1000
475 728 514 728 514 764 475 764
411 860 430 860 430 896 411 896
269 850 297 850 297 886 269 886
688 1372 718 1372 718 1408 688 1408
476 977 511 977 511 1013 476 1013
612 1383 654 1383 654 1419 612 1419
473 695 516 695 516 731 473 731
130 900 154 900 154 937 130 937
135 809 163 809 163 846 135 846
343 392 375 392 375 429 343 429
549 1145 584 1145 584 1182 549 1182
53 1374 90 1374 90 1411 53 1411
191 1002 230 1002 230 1039 191 1039
822 927 862 927 862 964 822 964
478 1377 519 1377 519 1414 478 1414
336 573 382 573 382 610 336 610
833 1278 844 1278 844 1315 833 1315
755 1318 776 1318 776 1355 755 1355
195 1379 228 1379 228 1416 195 1416
685 773 722 773 722 810 685 810
752 877 791 877 791 914 752 914
749 1201 791 1201 791 1238 749 1238
52 965 96 965 96 1002 52 1002
680 871 725 871 725 908 680 908
195 404 243 404 243 441 195 441
267 785 302 785 302 822 267 822
553 407 590 407 590 444 553 444
270 368 309 368 309 405 270 405
336 486 381 486 381 523 336 523
142 437 160 437 160 475 142 475
349 347 375 347 375 385 349 385
406 647 439 647 439 685 406 685
752 984 792 984 792 1022 752 1022
187 1088 227 1088 227 1126 187 1126
626 616 644 616 644 654 626 654
695 390 732 390 732 428 695 428
816 1102 856 1102 856 1140 816 1140
542 1019 584 1019 584 1057 542 1057
753 346 803 346 803 384 753 384
480 1130 504 1130 504 1169 480 1169
61 783 94 783 94 822 61 822
333 1066 372 1066 372 1105 333 1105
120 1379 167 1379 167 1418 120 1418
137 737 164 737 164 776 137 776
473 848 509 848 509 887 473 887
54 1323 91 1323 91 1362 54 1362
265 691 305 691 305 730 265 730
685 930 726 930 726 969 685 969
544 1105 590 1105 590 1144 544 1144
49 872 100 872 100 911 49 911
133 1294 150 1294 150 1333 133 1333
196 848 235 848 235 887 196 887
612 1126 654 1126 654 1165 612 1165
627 574 653 574 653 614 627 614
62 388 99 388 99 428 62 428
139 474 157 474 157 514 139 514
61 1035 92 1035 92 1075 61 1075
336 642 369 642 369 682 336 682
187 1045 232 1045 232 1085 187 1085
66 665 96 665 96 706 66 706
760 443 795 443 795 484 760 484
824 711 859 711 859 752 824 752
824 790 863 790 863 831 824 831
399 923 444 923 444 964 399 964
129 1059 150 1059 150 1100 129 1100
560 445 584 445 584 486 560 486
758 485 788 485 788 526 758 526
203 364 242 364 242 405 203 405
256 1213 302 1213 302 1254 256 1254
688 1295 712 1295 712 1336 688 1336
478 1220 505 1220 505 1261 478 1261
617 932 653 932 653 973 617 973
827 399 868 399 868 440 827 440
623 484 664 484 664 525 623 525
335 711 378 711 378 752 335 752
682 624 733 624 733 665 682 665
548 1229 570 1229 570 1271 548 1271
549 1059 576 1059 576 1101 549 1101
196 958 224 958 224 1000 196 1000
825 504 860 504 860 546 825 546
829 460 865 460 865 502 829 502
826 550 862 550 862 592 826 592
481 413 520 413 520 455 481 455
130 1153 149 1153 149 1195 130 1195
616 677 656 677 656 719 616 719
683 734 727 734 727 776 683 776
556 530 583 530 583 573 556 573
139 367 168 367 168 410 139 410
760 527 802 527 802 570 760 570
476 508 520 508 520 551 476 551
757 724 784 724 784 767 757 767
59 913 88 913 88 956 59 956
270 590 301 590 301 633 270 633
481 310 525 310 525 353 481 353
479 256 524 256 524 299 479 299
180 1286 235 1286 235 1329 180 1329
470 1332 507 1332 507 1375 470 1375
755 1350 783 1350 783 1394 755 1394
336 438 377 438 377 482 336 482
55 486 101 486 101 530 55 530
829 1139 847 1139 847 1183 829 1183
117 1106 164 1106 164 1150 117 1150
425 834 433 834 433 879 425 879
761 626 801 626 801 671 761 671
257 1032 299 1032 299 1077 257 1077
129 515 174 515 174 560 129 560
183 1209 235 1209 235 1254 183 1254
270 920 296 920 296 965 270 965
334 931 374 931 374 976 334 976
334 232 378 232 378 277 334 277
470 1088 518 1088 518 1133 470 1133
549 1342 566 1342 566 1387 549 1387
272 1114 292 1114 292 1159 272 1159
827 830 853 830 853 875 827 875
680 1372 709 1372 709 1417 680 1417
550 1181 573 1181 573 1227 550 1227
474 1169 515 1169 515 1215 474 1215
545 882 586 882 586 928 545 928
402 790 447 790 447 836 402 836
56 339 104 339 104 385 56 385
756 771 796 771 796 817 756 817
330 1170 372 1170 372 1216 330 1216
539 798 589 798 589 844 539 844
485 456 509 456 509 503 485 503
75 425 84 425 84 472 75 472
624 526 653 526 653 573 624 573
337 526 382 526 382 573 337 573
474 557 520 557 520 604 474 604
610 1071 652 1071 652 1118 610 1118
685 577 729 577 729 624 685 624
51 536 98 536 98 583 51 583
200 756 222 756 222 804 200 804
684 1060 722 1060 722 1108 684 1108
678 1243 724 1243 724 1291 678 1291
818 878 865 878 865 926 818 926
611 1334 648 1334 648 1382 611 1382
62 738 90 738 90 787 62 787
55 821 99 821 99 870 55 870
688 345 734 345 734 394 688 394
613 718 658 718 658 768 613 768
189 803 236 803 236 853 189 853
609 801 658 801 658 851 609 851
762 1016 784 1016 784 1066 762 1066
751 673 790 673 790 723 751 723
331 878 382 878 382 929 331 929
191 1126 226 1126 226 1177 191 1177
690 452 727 452 727 503 690 503
676 1135 720 1135 720 1186 676 1186
191 714 244 714 244 765 191 765
475 760 514 760 514 812 475 812
256 1160 305 1160 305 1212 256 1212
478 1009 505 1009 505 1062 478 1062
194 664 243 664 243 717 194 717
410 437 435 437 435 490 410 490
267 734 306 734 306 787 267 787
752 817 791 817 791 871 752 871
405 397 450 397 450 452 405 452
625 425 654 425 654 480 625 480
549 481 592 481 592 537 549 537
608 1162 656 1162 656 1218 608 1218
564 573 572 573 572 630 564 630
552 712 579 712 579 769 552 769
473 598 520 598 520 655 473 655
757 385 795 385 795 442 757 442
542 964 585 964 585 1021 542 1021
125 597 166 597 166 655 125 655
767 897 776 897 776 962 767 962
417 1046 426 1046 426 1118 417 1118
