125 636 142 636 142 645 125 645
260 643 285 643 285 659 260 659
785 463 798 463 798 479 785 479
716 1213 738 1213 738 1229 716 1229
575 307 594 307 594 324 575 324
578 661 600 661 600 678 578 678
659 582 678 582 678 599 659 599
784 1179 802 1179 802 1197 784 1197
583 1042 603 1042 603 1060 583 1060
173 456 194 456 194 474 173 474
506 306 528 306 528 324 506 324
105 1035 129 1035 129 1053 105 1053
254 502 280 502 280 520 254 520
507 869 536 869 536 887 507 887
515 685 537 685 537 704 515 704
842 642 865 642 865 661 842 661
847 1060 866 1060 866 1079 847 1079
451 1068 473 1068 473 1087 451 1087
708 338 738 338 738 357 708 357
650 1027 670 1027 670 1046 650 1046
259 624 281 624 281 643 259 643
246 1139 267 1139 267 1159 246 1159
178 872 199 872 199 892 178 892
657 605 680 605 680 625 657 625
656 659 682 659 682 679 656 679
844 382 859 382 859 402 844 402
228 445 244 445 244 465 228 465
849 1176 865 1176 865 1196 849 1196
719 1343 739 1343 739 1363 719 1363
782 373 803 373 803 393 782 393
514 1069 537 1069 537 1089 514 1089
450 1337 478 1337 478 1357 450 1357
780 858 802 858 802 879 780 879
839 859 869 859 869 880 839 880
784 1302 800 1302 800 1323 784 1323
507 503 535 503 535 524 507 524
710 1365 750 1365 750 1386 710 1386
657 558 678 558 678 579 657 579
512 482 534 482 534 504 512 504
453 1280 474 1280 474 1302 453 1302
586 1337 605 1337 605 1359 586 1359
236 1330 268 1330 268 1352 236 1352
97 879 130 879 130 901 97 901
783 566 802 566 802 589 783 589
715 311 735 311 735 334 715 334
715 1159 736 1159 736 1182 715 1182
768 482 809 482 809 505 768 505
520 1293 541 1293 541 1316 520 1316
181 1026 203 1026 203 1049 181 1049
375 1103 404 1103 404 1126 375 1126
168 655 203 655 203 678 168 678
499 328 537 328 537 351 499 351
573 1098 613 1098 613 1121 573 1121
507 1155 547 1155 547 1178 507 1178
851 1254 872 1254 872 1278 851 1278
171 1047 203 1047 203 1071 171 1071
303 821 339 821 339 845 303 845
703 935 745 935 745 959 703 959
702 1235 747 1235 747 1259 702 1259
562 328 608 328 608 352 562 352
115 1336 131 1336 131 1360 115 1360
380 1081 405 1081 405 1105 380 1105
501 706 543 706 543 730 501 730
257 477 274 477 274 501 257 501
513 626 531 626 531 650 513 650
704 1261 753 1261 753 1285 704 1285
847 1001 867 1001 867 1026 847 1026
783 986 803 986 803 1011 783 1011
439 391 460 391 460 416 439 416
173 632 194 632 194 657 173 657
644 339 667 339 667 364 644 364
247 217 275 217 275 242 247 242
511 733 542 733 542 758 511 758
841 1154 879 1154 879 1179 841 1179
161 524 204 524 204 549 161 549
647 366 669 366 669 391 647 391
707 1287 747 1287 747 1312 707 1312
831 219 871 219 871 244 831 244
229 528 248 528 248 554 229 554
263 594 282 594 282 620 263 620
515 843 535 843 535 869 515 869
652 1183 673 1183 673 1209 652 1209
243 1304 265 1304 265 1330 243 1330
780 1047 808 1047 808 1073 780 1073
581 826 602 826 602 852 581 852
781 397 802 397 802 423 781 423
107 970 130 970 130 996 107 996
577 1358 616 1358 616 1384 577 1384
172 396 193 396 193 422 172 422
586 1194 608 1194 608 1220 586 1220
368 550 404 550 404 576 368 576
847 1307 883 1307 883 1333 847 1333
439 1156 478 1156 478 1182 439 1182
255 516 276 516 276 543 255 543
709 416 733 416 733 443 709 443
775 881 809 881 809 908 775 908
575 1220 612 1220 612 1247 575 1247
439 1090 480 1090 480 1117 439 1117
848 830 864 830 864 858 848 858
515 1009 533 1009 533 1037 515 1037
443 594 466 594 466 622 443 622
227 596 251 596 251 624 227 624
515 1316 546 1316 546 1344 515 1344
571 760 606 760 606 788 571 788
646 1211 682 1211 682 1239 646 1239
161 679 202 679 202 707 161 707
370 996 412 996 412 1024 370 1024
306 431 322 431 322 459 306 459
654 1325 671 1325 671 1353 654 1353
515 1124 539 1124 539 1152 515 1152
842 1277 875 1277 875 1305 842 1305
444 1356 479 1356 479 1384 444 1384
496 524 544 524 544 552 496 552
781 796 799 796 799 824 781 824
180 809 199 809 199 837 180 837
579 598 598 598 598 626 579 626
781 1117 801 1117 801 1145 781 1145
581 455 604 455 604 483 581 483
704 797 739 797 739 825 704 825
502 377 544 377 544 405 502 405
646 966 668 966 668 995 646 995
99 1134 139 1134 139 1163 99 1163
364 482 404 482 404 511 364 511
166 1070 208 1070 208 1099 166 1099
109 846 126 846 126 875 109 875
579 975 600 975 600 1004 579 1004
659 682 685 682 685 711 659 711
773 1238 808 1238 808 1267 773 1267
701 585 737 585 737 614 701 614
832 883 876 883 876 912 832 912
258 448 277 448 277 477 258 477
226 497 253 497 253 526 226 526
512 1037 545 1037 545 1066 512 1066
707 1126 745 1126 745 1155 707 1155
641 1049 680 1049 680 1078 641 1078
299 743 339 743 339 772 299 772
701 358 743 358 743 387 701 387
433 463 476 463 476 492 433 492
448 923 467 923 467 953 448 953
711 489 733 489 733 519 711 519
372 920 410 920 410 950 372 950
704 828 743 828 743 858 704 858
837 698 879 698 879 728 837 728
93 432 135 432 135 462 93 462
503 887 546 887 546 917 503 917
515 1093 539 1093 539 1123 515 1123
504 349 536 349 536 379 504 379
99 644 136 644 136 674 99 674
368 1128 410 1128 410 1158 368 1158
701 511 750 511 750 541 701 541
232 627 246 627 246 658 232 658
263 689 278 689 278 720 263 720
262 656 278 656 278 687 262 687
312 592 330 592 330 623 312 623
225 466 244 466 244 497 225 497
242 1074 264 1074 264 1105 242 1105
657 625 685 625 685 656 657 656
581 852 610 852 610 883 581 883
707 1181 743 1181 743 1212 707 1212
569 351 611 351 611 382 569 382
231 1269 275 1269 275 1300 231 1300
839 1188 885 1188 885 1219 839 1219
705 1313 757 1313 757 1344 705 1344
785 537 801 537 801 568 785 568
107 901 126 901 126 932 107 932
644 307 668 307 668 338 644 338
98 812 132 812 132 843 98 843
99 1258 147 1258 147 1289 99 1289
779 1267 809 1267 809 1298 779 1298
163 421 197 421 197 452 163 452
259 544 273 544 273 576 259 576
841 306 864 306 864 338 841 338
570 482 608 482 608 514 570 514
234 1200 275 1200 275 1232 234 1232
568 683 611 683 611 715 568 715
845 574 865 574 865 606 845 606
648 1107 672 1107 672 1139 648 1139
303 623 334 623 334 655 303 655
375 1237 411 1237 411 1269 375 1269
704 387 741 387 741 419 704 419
639 992 676 992 676 1024 639 1024
104 1356 145 1356 145 1388 104 1388
94 478 137 478 137 510 94 510
638 1351 681 1351 681 1383 638 1383
509 1346 554 1346 554 1378 509 1378
831 606 869 606 869 639 831 639
232 1353 278 1353 278 1386 232 1386
777 307 797 307 797 340 777 340
841 757 868 757 868 790 841 790
773 591 806 591 806 624 773 624
639 801 680 801 680 834 639 834
168 840 209 840 209 873 168 873
437 950 480 950 480 983 437 983
772 1311 817 1311 817 1344 772 1344
506 552 538 552 538 585 506 585
837 1025 874 1025 874 1058 837 1058
442 1303 479 1303 479 1336 442 1336
372 1201 414 1201 414 1234 372 1234
512 1177 541 1177 541 1211 512 1211
839 510 871 510 871 544 839 544
515 1210 550 1210 550 1244 515 1244
238 1104 274 1104 274 1138 238 1138
833 728 876 728 876 762 833 762
295 702 339 702 339 736 295 736
853 1221 872 1221 872 1255 853 1255
772 1144 810 1144 810 1178 772 1178
435 853 476 853 476 887 435 887
435 887 478 887 478 921 435 921
766 500 817 500 817 534 766 534
647 396 669 396 669 431 647 431
439 667 467 667 467 702 439 702
227 396 271 396 271 431 227 431
837 1081 884 1081 884 1116 837 1116
584 1114 617 1114 617 1149 584 1149
573 1066 610 1066 610 1101 573 1101
99 562 137 562 137 597 99 597
772 1201 814 1201 814 1236 772 1236
846 432 864 432 864 467 846 467
228 558 251 558 251 593 228 593
770 337 805 337 805 372 770 372
442 772 479 772 479 807 442 807
93 774 137 774 137 809 93 809
645 434 664 434 664 470 645 470
787 1346 813 1346 813 1382 787 1382
511 758 543 758 543 794 511 794
842 1117 875 1117 875 1153 842 1153
775 1012 810 1012 810 1048 775 1048
769 821 809 821 809 857 769 857
657 1072 676 1072 676 1108 657 1108
374 1311 407 1311 407 1347 374 1347
96 999 136 999 136 1035 96 1035
370 749 410 749 410 785 370 785
507 648 540 648 540 684 507 684
833 392 879 392 879 428 833 428
833 543 881 543 881 579 833 579
88 388 140 388 140 424 88 424
244 1232 260 1232 260 1269 244 1269
512 402 540 402 540 439 512 439
573 1007 609 1007 609 1044 573 1044
97 1097 147 1097 147 1134 97 1134
710 544 739 544 739 581 710 581
771 426 806 426 806 463 771 463
639 831 677 831 677 868 639 868
370 670 411 670 411 707 370 707
374 880 415 880 415 917 374 917
643 1142 679 1142 679 1180 643 1180
843 793 861 793 861 831 843 831
239 1161 272 1161 272 1199 239 1199
837 962 879 962 879 1000 837 1000
498 587 548 587 548 625 498 625
709 896 735 896 735 934 709 934
777 715 806 715 806 753 777 753
836 468 877 468 877 506 836 506
701 958 746 958 746 996 701 996
365 397 412 397 412 435 365 435
432 696 479 696 479 734 432 734
309 659 332 659 332 698 309 698
777 758 805 758 805 797 777 797
172 896 200 896 200 935 172 935
778 949 806 949 806 988 778 988
704 669 744 669 744 708 704 708
95 1293 142 1293 142 1332 95 1332
836 661 876 661 876 700 836 700
833 246 877 246 877 285 833 285
301 497 339 497 339 537 301 537
569 789 608 789 608 829 569 829
769 630 816 630 816 670 769 670
698 758 748 758 748 798 698 798
381 1348 402 1348 402 1388 381 1388
569 620 609 620 609 660 569 660
369 1161 411 1161 411 1201 369 1201
99 1162 143 1162 143 1202 99 1202
578 417 607 417 607 457 578 457
507 441 537 441 537 481 507 481
436 734 478 734 478 774 436 774
640 466 682 466 682 506 640 506
375 437 399 437 399 478 375 478
445 1118 479 1118 479 1159 445 1159
99 588 137 588 137 629 99 629
162 361 203 361 203 402 162 402
299 461 342 461 342 502 299 502
374 1269 410 1269 410 1310 374 1310
243 248 279 248 279 289 243 289
636 762 679 762 679 803 636 803
640 716 684 716 684 757 640 757
568 516 615 516 615 557 568 557
645 508 672 508 672 549 645 549
574 372 610 372 610 413 574 413
707 998 747 998 747 1039 707 1039
236 848 278 848 278 889 236 889
240 355 256 355 256 397 240 397
171 481 205 481 205 523 171 523
236 807 274 807 274 849 236 849
772 1074 815 1074 815 1116 772 1116
430 347 482 347 482 389 430 389
230 715 274 715 274 757 230 757
431 418 478 418 478 460 431 460
162 591 209 591 209 633 162 633
643 1285 682 1285 682 1328 643 1328
704 853 749 853 749 896 704 896
702 1035 752 1035 752 1078 702 1078
441 624 469 624 469 667 441 667
583 1150 611 1150 611 1193 583 1193
233 1035 276 1035 276 1078 233 1078
232 311 265 311 265 354 232 354
636 925 680 925 680 968 636 968
435 1023 482 1023 482 1067 435 1067
515 1249 544 1249 544 1293 515 1293
833 339 871 339 871 383 833 383
578 719 607 719 607 764 578 764
307 774 336 774 336 819 307 819
232 990 281 990 281 1035 232 1035
87 349 137 349 137 394 87 394
374 784 397 784 397 829 374 829
171 977 213 977 213 1022 171 1022
511 798 539 798 539 843 511 843
443 983 477 983 477 1028 443 1028
445 808 467 808 467 854 445 854
578 1291 613 1291 613 1337 578 1337
702 1076 753 1076 753 1122 702 1122
170 550 191 550 191 596 170 596
846 1335 880 1335 880 1381 846 1381
576 1250 624 1250 624 1296 576 1296
702 442 740 442 740 489 702 489
505 917 545 917 545 964 505 964
300 393 332 393 332 440 300 440
95 673 138 673 138 720 95 720
571 884 614 884 614 931 571 931
771 667 810 667 810 714 771 714
367 579 406 579 406 626 367 626
639 1242 684 1242 684 1289 639 1289
162 706 213 706 213 753 162 753
180 935 198 935 198 983 180 983
166 311 205 311 205 359 166 359
94 1055 143 1055 143 1103 94 1103
236 760 279 760 279 809 236 809
232 944 275 944 275 993 232 993
569 550 617 550 617 599 569 599
377 501 394 501 394 551 377 551
435 544 471 544 471 594 435 594
363 627 414 627 414 677 363 677
212 219 247 219 247 269 212 269
96 511 132 511 132 561 96 561
366 344 404 344 404 394 366 394
441 1179 482 1179 482 1229 441 1229
506 962 548 962 548 1012 506 1012
568 927 619 927 619 977 568 977
704 710 743 710 743 761 704 761
376 949 411 949 411 1000 376 1000
441 1227 480 1227 480 1279 441 1279
102 1201 138 1201 138 1254 102 1254
165 755 206 755 206 809 165 809
637 869 680 869 680 923 637 923
432 491 475 491 475 545 432 545
365 829 416 829 416 883 365 883
704 613 741 613 741 667 704 667
296 537 341 537 341 592 296 592
238 890 271 890 271 945 238 945
836 906 873 906 873 961 836 961
374 1023 411 1023 411 1080 374 1080
94 717 142 717 142 774 94 774
302 1002 341 1002 341 1059 302 1059
773 907 807 907 807 969 773 969
306 847 342 847 342 921 306 921
