833 771 864 771 864 780 833 780
900 1135 926 1135 926 1147 900 1147
699 570 709 570 709 584 699 584
565 587 586 587 586 601 565 601
193 977 220 977 220 991 193 991
208 1357 216 1357 216 1372 208 1372
901 763 928 763 928 778 901 778
693 1294 719 1294 719 1309 693 1309
551 424 581 424 581 439 551 439
622 1057 647 1057 647 1073 622 1073
763 1294 791 1294 791 1310 763 1310
831 1265 861 1265 861 1282 831 1282
332 636 364 636 364 653 332 653
122 924 151 924 151 941 122 941
688 1346 728 1346 728 1363 688 1363
199 920 220 920 220 937 199 937
548 1118 578 1118 578 1135 548 1135
899 1224 936 1224 936 1241 899 1241
348 1260 361 1260 361 1278 348 1278
759 1061 790 1061 790 1079 759 1079
767 821 781 821 781 839 767 839
752 491 799 491 799 509 752 509
769 970 784 970 784 989 769 989
260 810 299 810 299 829 260 829
897 1153 931 1153 931 1172 897 1172
547 564 585 564 585 583 547 583
690 367 712 367 712 387 690 387
550 983 579 983 579 1003 550 1003
281 1134 290 1134 290 1154 281 1154
417 1210 429 1210 429 1230 417 1230
627 560 641 560 641 580 627 580
343 1332 359 1332 359 1352 343 1352
619 421 648 421 648 441 619 441
400 542 444 542 444 562 400 562
902 835 930 835 930 856 902 856
688 1387 730 1387 730 1408 688 1408
764 798 787 798 787 819 764 819
617 1351 652 1351 652 1372 617 1372
206 438 216 438 216 459 206 459
840 991 856 991 856 1012 840 1012
557 1217 573 1217 573 1238 557 1238
199 646 218 646 218 667 199 667
342 804 361 804 361 825 342 825
412 1138 433 1138 433 1159 412 1159
614 1198 652 1198 652 1219 614 1219
335 501 366 501 366 523 335 523
565 507 573 507 573 529 565 529
908 1172 921 1172 921 1194 908 1194
907 576 922 576 922 598 907 598
343 1353 358 1353 358 1375 343 1375
202 537 218 537 218 559 202 559
194 1274 224 1274 224 1296 194 1296
336 703 369 703 369 725 336 725
548 961 582 961 582 983 548 983
415 1114 431 1114 431 1137 415 1137
615 447 654 447 654 470 615 470
616 768 660 768 660 791 616 791
834 485 852 485 852 508 834 508
630 395 642 395 642 418 630 418
401 893 442 893 442 916 401 916
756 409 801 409 801 432 756 432
832 1212 860 1212 860 1236 832 1236
684 1093 720 1093 720 1117 684 1117
119 351 157 351 157 375 119 375
481 368 499 368 499 392 481 392
413 768 431 768 431 792 413 792
192 1120 229 1120 229 1144 192 1144
629 998 642 998 642 1023 629 1023
909 809 924 809 924 834 909 834
698 783 714 783 714 808 698 808
842 1381 859 1381 859 1406 842 1406
201 692 221 692 221 717 201 717
687 582 718 582 718 607 687 607
756 1084 794 1084 794 1109 756 1109
630 1295 643 1295 643 1320 630 1320
697 1238 714 1238 714 1263 697 1263
769 1238 786 1238 786 1263 769 1263
191 667 226 667 226 692 191 692
613 1126 649 1126 649 1151 613 1151
895 858 932 858 932 883 895 883
828 1238 866 1238 866 1263 828 1263
615 1154 659 1154 659 1179 615 1179
134 484 145 484 145 509 134 509
767 669 782 669 782 694 767 694
626 1171 641 1171 641 1196 626 1196
832 459 849 459 849 484 832 484
555 862 574 862 574 887 555 887
340 778 367 778 367 803 340 803
261 510 295 510 295 535 261 535
702 1358 716 1358 716 1384 702 1384
836 389 855 389 855 415 836 415
899 598 928 598 928 624 899 624
404 738 438 738 438 764 404 764
120 460 155 460 155 486 120 486
894 627 931 627 931 653 894 653
773 458 786 458 786 484 773 484
199 1239 226 1239 226 1265 199 1265
834 669 868 669 868 695 834 695
260 991 300 991 300 1017 260 1017
339 1280 369 1280 369 1307 339 1307
613 713 658 713 658 740 613 740
276 1191 289 1191 289 1218 276 1218
699 859 713 859 713 886 699 886
697 890 712 890 712 917 697 917
263 425 299 425 299 452 263 452
192 462 229 462 229 489 192 489
682 613 724 613 724 640 682 640
206 377 217 377 217 404 206 404
346 951 362 951 362 978 346 978
546 322 578 322 578 349 546 349
472 398 506 398 506 425 472 425
402 796 437 796 437 823 402 823
548 535 584 535 584 562 548 562
188 1207 232 1207 232 1234 188 1234
322 364 373 364 373 391 322 391
412 425 426 425 426 453 412 453
269 535 287 535 287 563 269 563
411 994 432 994 432 1022 411 1022
264 360 292 360 292 388 264 388
689 1264 719 1264 719 1292 689 1292
914 1194 921 1194 921 1222 914 1222
907 732 923 732 923 760 907 760
129 320 147 320 147 348 129 348
269 601 290 601 290 629 269 629
409 1242 435 1242 435 1270 409 1270
264 1221 292 1221 292 1249 264 1249
701 1321 714 1321 714 1350 701 1350
627 824 641 824 641 853 627 853
696 1066 713 1066 713 1095 696 1095
766 767 785 767 785 796 766 796
899 369 931 369 931 398 899 398
831 698 863 698 863 727 831 727
760 850 793 850 793 879 760 879
198 405 215 405 215 434 198 434
201 848 220 848 220 877 201 877
898 1025 927 1025 927 1054 898 1054
761 1267 793 1267 793 1296 761 1296
548 1090 582 1090 582 1119 548 1119
402 714 439 714 439 743 402 743
120 1026 161 1026 161 1055 120 1055
345 469 362 469 362 498 345 498
269 708 287 708 287 737 269 737
768 920 787 920 787 949 768 949
416 824 437 824 437 853 416 853
759 694 789 694 789 723 759 723
832 1018 866 1018 866 1047 832 1047
332 395 371 395 371 424 332 424
683 1122 722 1122 722 1151 683 1151
139 424 145 424 145 454 139 454
762 730 788 730 788 760 762 760
624 1321 650 1321 650 1351 624 1351
550 1326 579 1326 579 1356 550 1356
617 733 649 733 649 763 617 763
269 482 286 482 286 512 269 512
263 451 293 451 293 481 263 481
898 1235 930 1235 930 1265 898 1265
194 1303 230 1303 230 1333 194 1333
404 855 441 855 441 885 404 885
896 934 942 934 942 964 896 964
617 845 647 845 647 876 617 876
123 1097 153 1097 153 1128 123 1128
124 518 156 518 156 549 124 549
550 716 583 716 583 747 550 747
898 962 935 962 935 993 898 993
823 356 865 356 865 387 823 387
343 1044 368 1044 368 1075 343 1075
761 429 793 429 793 460 761 460
332 1181 370 1181 370 1212 332 1212
329 1013 371 1013 371 1044 329 1044
757 941 802 941 802 972 757 972
895 994 943 994 943 1025 895 1025
695 432 714 432 714 464 695 464
763 324 790 324 790 356 763 356
688 496 722 496 722 528 688 528
336 1307 371 1307 371 1339 336 1339
825 324 861 324 861 356 825 356
254 742 293 742 293 774 254 774
898 697 937 697 937 729 898 729
700 530 715 530 715 562 700 562
549 1247 576 1247 576 1279 549 1279
614 1026 645 1026 645 1058 614 1058
618 1258 652 1258 652 1290 618 1290
901 1369 939 1369 939 1401 901 1401
136 1212 148 1212 148 1245 136 1245
193 813 218 813 218 846 193 846
685 465 719 465 719 498 685 498
548 928 588 928 588 961 548 961
353 1148 368 1148 368 1181 353 1181
552 795 580 795 580 828 552 828
551 1180 579 1180 579 1213 551 1213
689 397 718 397 718 430 689 430
619 583 651 583 651 616 619 616
264 673 296 673 296 706 264 706
899 1102 933 1102 933 1135 899 1135
400 355 436 355 436 388 400 388
196 1333 234 1333 234 1366 196 1366
345 874 361 874 361 908 345 908
768 882 786 882 786 916 768 916
128 549 150 549 150 583 128 583
194 342 218 342 218 376 194 376
689 1154 731 1154 731 1188 689 1188
827 588 877 588 877 622 827 622
343 1375 361 1375 361 1409 343 1409
619 356 653 356 653 390 619 390
547 830 583 830 583 864 547 864
122 1337 158 1337 158 1371 122 1371
617 320 655 320 655 354 617 354
611 877 649 877 649 911 611 911
270 774 293 774 293 808 270 808
408 455 431 455 431 489 408 489
765 989 797 989 797 1023 765 1023
474 437 511 437 511 471 474 471
623 677 642 677 642 712 623 712
129 754 149 754 149 789 129 789
766 507 789 507 789 542 766 542
692 672 717 672 717 707 692 707
126 1178 156 1178 156 1213 126 1213
620 1221 653 1221 653 1256 620 1256
833 513 867 513 867 548 833 548
332 979 367 979 367 1014 332 1014
118 667 160 667 160 702 118 702
353 558 361 558 361 593 353 593
203 1373 218 1373 218 1408 203 1408
413 959 434 959 434 994 413 994
263 1156 298 1156 298 1191 263 1191
762 1324 798 1324 798 1359 762 1359
121 1056 157 1056 157 1091 121 1091
828 1050 867 1050 867 1085 828 1085
693 965 718 965 718 1001 693 1001
761 1111 797 1111 797 1147 761 1147
898 780 934 780 934 816 898 816
619 911 656 911 656 947 619 947
829 868 868 868 868 904 829 904
550 680 590 680 590 716 550 716
830 1360 870 1360 870 1396 830 1396
128 1371 154 1371 154 1407 128 1407
552 637 581 637 581 673 552 673
546 481 581 481 581 517 546 517
331 524 367 524 367 560 331 560
828 732 869 732 869 768 828 768
184 940 232 940 232 976 184 976
356 1077 366 1077 366 1113 356 1113
771 1026 796 1026 796 1062 771 1062
126 585 152 585 152 621 126 621
476 522 503 522 503 558 476 558
689 811 722 811 722 847 689 847
550 600 587 600 587 636 550 636
546 1050 586 1050 586 1086 546 1086
828 954 869 954 869 990 828 990
411 394 429 394 429 431 411 431
839 824 860 824 860 861 839 861
620 474 649 474 649 511 620 511
833 1323 868 1323 868 1360 833 1360
898 445 935 445 935 482 898 482
686 747 725 747 725 784 686 784
192 606 232 606 232 643 192 643
828 1127 873 1127 873 1164 828 1164
258 320 304 320 304 357 258 357
683 992 736 992 736 1029 683 1029
555 1005 568 1005 568 1042 555 1042
263 387 301 387 301 424 263 424
257 912 298 912 298 949 257 949
129 381 153 381 153 419 129 419
194 1077 226 1077 226 1115 194 1115
265 1059 297 1059 297 1097 265 1097
189 564 231 564 231 602 189 602
258 568 301 568 301 606 258 606
691 925 725 925 725 963 691 963
762 1361 800 1361 800 1399 762 1399
118 987 163 987 163 1025 118 1025
411 1026 433 1026 433 1064 411 1064
335 428 367 428 367 466 335 466
616 1371 655 1371 655 1409 616 1409
824 550 868 550 868 588 824 588
274 1017 289 1017 289 1056 274 1056
342 909 359 909 359 948 342 948
200 878 228 878 228 917 200 917
331 1214 369 1214 369 1253 331 1253
622 1084 641 1084 641 1123 622 1123
762 1199 795 1199 795 1238 762 1238
190 1036 229 1036 229 1075 190 1075
686 639 725 639 725 678 686 678
124 941 154 941 154 981 124 981
552 441 572 441 572 481 552 481
622 785 643 785 643 825 622 825
831 1168 865 1168 865 1208 831 1208
899 1269 939 1269 939 1309 899 1309
548 891 590 891 590 931 548 931
758 546 803 546 803 586 758 586
832 627 870 627 870 667 832 667
263 1097 302 1097 302 1137 263 1137
262 949 302 949 302 989 262 989
828 784 872 784 872 824 828 824
413 560 430 560 430 601 413 601
348 1108 368 1108 368 1149 348 1149
194 492 226 492 226 533 194 533
550 1135 586 1135 586 1176 550 1176
756 636 796 636 796 677 756 677
542 380 586 380 586 421 542 421
192 768 238 768 238 809 192 809
336 828 371 828 371 870 336 870
898 327 942 327 942 369 898 369
334 663 369 663 369 705 334 705
766 358 789 358 789 400 766 400
268 825 296 825 296 867 268 867
121 1292 165 1292 165 1334 121 1334
114 792 162 792 162 834 114 834
341 586 360 586 360 629 341 629
273 874 293 874 293 917 273 917
329 319 373 319 373 362 329 362
623 631 642 631 642 674 623 674
694 1025 713 1025 713 1068 694 1068
692 319 714 319 714 362 692 362
125 1135 156 1135 156 1178 125 1178
412 1163 443 1163 443 1206 412 1206
756 586 794 586 794 629 756 629
408 914 444 914 444 958 408 958
193 717 230 717 230 761 193 761
829 1277 872 1277 872 1321 829 1321
121 625 156 625 156 669 121 669
898 654 930 654 930 698 898 698
825 1079 870 1079 870 1123 825 1123
896 528 928 528 928 573 896 573
474 475 508 475 508 520 474 520
268 631 284 631 284 676 268 676
132 1246 150 1246 150 1291 132 1291
691 704 719 704 719 749 691 749
898 488 932 488 932 533 898 533
686 1191 726 1191 726 1237 686 1237
485 318 494 318 494 365 485 365
825 415 861 415 861 462 825 462
405 606 439 606 439 653 405 653
826 902 864 902 864 950 826 950
122 704 163 704 163 752 122 752
542 1282 578 1282 578 1330 542 1330
617 509 655 509 655 557 617 557
898 882 931 882 931 930 898 930
764 1148 791 1148 791 1197 764 1197
892 1054 938 1054 938 1103 892 1103
403 490 436 490 436 541 403 541
614 947 652 947 652 998 614 998
405 1067 441 1067 441 1118 405 1118
894 393 934 393 934 444 894 444
194 1149 230 1149 230 1202 194 1202
898 1311 942 1311 942 1364 898 1364
