601 959 625 959 625 971 601 971
807 1142 832 1142 832 1154 807 1154
739 639 771 639 771 653 739 653
129 624 140 624 140 638 129 638
472 1213 489 1213 489 1227 472 1227
607 351 632 351 632 365 607 365
264 493 282 493 282 508 264 508
871 1331 900 1331 900 1346 871 1346
258 475 289 475 289 491 258 491
328 869 346 869 346 885 328 885
538 713 556 713 556 729 538 729
252 884 279 884 279 900 252 900
879 532 910 532 910 548 879 548
751 496 762 496 762 513 751 513
534 1026 551 1026 551 1044 534 1044
193 486 211 486 211 504 193 504
325 1228 343 1228 343 1246 325 1246
257 1160 273 1160 273 1178 257 1178
880 1133 897 1133 897 1151 880 1151
529 1361 547 1361 547 1379 529 1379
323 1344 336 1344 336 1363 323 1363
184 508 222 508 222 527 184 527
816 355 851 355 851 375 816 375
667 943 704 943 704 963 667 963
118 1163 135 1163 135 1183 118 1183
595 805 630 805 630 825 595 825
736 811 774 811 774 831 736 831
611 564 625 564 625 585 611 585
452 904 490 904 490 925 452 925
401 398 422 398 422 419 401 419
460 355 501 355 501 376 460 376
463 996 477 996 477 1018 463 1018
116 766 148 766 148 788 116 788
520 1152 553 1152 553 1174 520 1174
246 1271 281 1271 281 1293 246 1293
181 569 225 569 225 591 181 591
534 1127 547 1127 547 1149 534 1149
110 1185 145 1185 145 1207 110 1207
123 954 137 954 137 977 123 977
544 394 561 394 561 417 544 417
674 1172 691 1172 691 1195 674 1195
594 900 629 900 629 923 594 923
667 572 715 572 715 595 667 595
611 451 626 451 626 474 611 474
197 597 214 597 214 620 197 620
471 449 487 449 487 472 471 472
118 1214 132 1214 132 1238 118 1238
813 1076 831 1076 831 1100 813 1100
253 633 287 633 287 657 253 657
667 851 704 851 704 875 667 875
320 380 357 380 357 404 320 404
673 467 706 467 706 491 673 491
683 407 697 407 697 432 683 432
265 417 280 417 280 442 265 442
329 1016 344 1016 344 1041 329 1041
749 552 769 552 769 577 749 577
182 785 216 785 216 810 182 810
191 421 207 421 207 446 191 446
656 1337 677 1337 677 1362 656 1362
742 577 772 577 772 602 742 602
316 896 356 896 356 921 316 921
664 679 709 679 709 704 664 704
460 1258 472 1258 472 1283 460 1283
754 397 769 397 769 422 754 422
604 623 625 623 625 648 604 648
540 643 558 643 558 669 540 669
111 1098 144 1098 144 1124 111 1124
534 801 555 801 555 827 534 827
111 1033 144 1033 144 1059 111 1059
313 996 352 996 352 1022 313 1022
129 466 145 466 145 493 129 493
589 1095 626 1095 626 1122 589 1122
259 1291 274 1291 274 1318 259 1318
883 750 899 750 899 777 883 777
322 1166 339 1166 339 1193 322 1193
603 870 623 870 623 897 603 897
461 473 494 473 494 500 461 500
881 438 917 438 917 465 881 465
869 1277 906 1277 906 1304 869 1304
531 360 574 360 574 387 531 387
882 596 902 596 902 623 882 623
320 1287 343 1287 343 1314 320 1314
665 990 701 990 701 1017 665 1017
114 640 151 640 151 667 114 667
869 1153 915 1153 915 1180 869 1180
267 656 279 656 279 684 267 684
257 1095 271 1095 271 1123 257 1123
881 1065 897 1065 897 1093 881 1093
660 1363 681 1363 681 1391 660 1391
675 873 705 873 705 901 675 901
458 681 494 681 494 709 458 709
884 1301 895 1301 895 1329 884 1329
680 963 698 963 698 991 680 991
816 1003 835 1003 835 1031 816 1031
324 431 354 431 354 459 324 459
463 608 494 608 494 636 463 636
731 1203 770 1203 770 1232 731 1232
893 498 905 498 905 527 893 527
334 402 350 402 350 431 334 431
332 322 349 322 349 351 332 351
530 1297 547 1297 547 1326 530 1326
597 1252 618 1252 618 1281 597 1281
312 1363 349 1363 349 1392 312 1392
655 1287 693 1287 693 1316 655 1316
874 948 917 948 917 977 874 977
664 492 710 492 710 521 664 521
537 768 554 768 554 797 537 797
815 900 833 900 833 929 815 929
809 1200 834 1200 834 1229 809 1229
868 1361 901 1361 901 1390 868 1390
592 923 631 923 631 952 592 952
317 458 360 458 360 487 317 487
188 906 203 906 203 936 188 936
890 1182 908 1182 908 1212 890 1212
330 351 350 351 350 381 330 381
461 869 482 869 482 899 461 899
816 411 849 411 849 441 816 441
451 1181 488 1181 488 1211 451 1211
444 1283 484 1283 484 1313 444 1313
736 709 778 709 778 739 736 739
673 814 691 814 691 844 673 844
535 736 558 736 558 766 535 766
253 442 285 442 285 472 253 472
801 1257 835 1257 835 1287 801 1287
873 917 909 917 909 947 873 947
109 493 158 493 158 523 109 523
458 1227 473 1227 473 1258 458 1258
532 961 551 961 551 992 532 992
743 462 778 462 778 493 743 493
309 1317 352 1317 352 1348 309 1348
465 926 483 926 483 957 465 957
324 964 343 964 343 995 324 995
468 315 490 315 490 346 468 346
880 405 921 405 921 436 880 436
516 1174 557 1174 557 1205 516 1205
518 1048 563 1048 563 1079 518 1079
888 465 909 465 909 496 888 496
744 777 765 777 765 808 744 808
185 973 206 973 206 1004 185 1004
179 1004 208 1004 208 1035 179 1035
876 662 910 662 910 693 876 693
108 1064 143 1064 143 1095 108 1095
871 1210 906 1210 906 1241 871 1241
460 534 497 534 497 565 460 565
248 851 286 851 286 882 248 882
117 1128 139 1128 139 1160 117 1160
193 352 216 352 216 384 193 384
873 775 907 775 907 807 873 807
600 687 639 687 639 719 600 719
807 1230 823 1230 823 1262 807 1262
669 1018 699 1018 699 1050 669 1050
876 628 908 628 908 660 876 660
829 375 845 375 845 408 829 408
458 962 479 962 479 995 458 995
738 1232 760 1232 760 1265 738 1265
121 521 149 521 149 554 121 554
465 413 500 413 500 446 465 446
445 1314 482 1314 482 1347 445 1347
177 1146 214 1146 214 1179 177 1179
666 743 708 743 708 776 666 776
330 804 348 804 348 837 330 837
534 417 566 417 566 450 534 450
519 1323 558 1323 558 1356 519 1356
795 1364 837 1364 837 1397 795 1397
732 602 776 602 776 635 732 635
130 389 150 389 150 422 130 422
540 325 562 325 562 358 540 358
320 1041 351 1041 351 1074 320 1074
878 559 912 559 912 592 878 592
184 449 219 449 219 482 184 482
739 887 778 887 778 920 739 920
392 364 431 364 431 397 392 397
180 935 208 935 208 969 180 969
255 811 284 811 284 845 255 845
454 822 494 822 494 856 454 856
797 1329 839 1329 839 1363 797 1363
462 377 505 377 505 411 462 411
807 642 854 642 854 676 807 676
821 563 835 563 835 597 821 597
459 1092 476 1092 476 1126 459 1126
395 472 422 472 422 506 395 506
742 424 774 424 774 458 742 458
815 604 850 604 850 638 815 638
807 1287 822 1287 822 1322 807 1322
250 1317 283 1317 283 1352 250 1352
319 832 353 832 353 867 319 867
804 930 838 930 838 965 804 965
242 1354 278 1354 278 1389 242 1389
247 1004 290 1004 290 1039 247 1039
815 967 837 967 837 1002 815 1002
245 1123 279 1123 279 1158 245 1158
524 828 559 828 559 863 524 863
805 1162 841 1162 841 1197 805 1197
812 313 856 313 856 348 812 348
731 1162 770 1162 770 1197 731 1197
675 1197 695 1197 695 1233 675 1233
255 684 286 684 286 720 255 720
521 988 559 988 559 1024 521 1024
119 918 138 918 138 954 119 954
672 432 707 432 707 468 672 468
675 777 704 777 704 814 675 814
124 551 153 551 153 588 124 588
877 1242 906 1242 906 1279 877 1279
805 1102 838 1102 838 1139 805 1139
451 1017 485 1017 485 1054 451 1054
313 1192 350 1192 350 1229 313 1229
460 1350 474 1350 474 1387 460 1387
743 363 781 363 781 400 743 400
597 412 638 412 638 449 597 449
878 980 905 980 905 1017 878 1017
111 838 148 838 148 875 111 875
457 732 495 732 495 769 457 769
668 901 706 901 706 938 668 938
597 1170 614 1170 614 1208 597 1208
744 739 774 739 774 777 744 777
884 314 919 314 919 352 884 352
599 525 640 525 640 563 599 563
403 505 420 505 420 543 403 543
617 584 624 584 624 623 617 623
679 1314 691 1314 691 1353 679 1353
590 1282 623 1282 623 1321 590 1321
535 509 569 509 569 548 535 548
662 1092 697 1092 697 1131 662 1131
670 1051 688 1051 688 1090 670 1090
876 805 912 805 912 844 876 844
310 1248 353 1248 353 1287 310 1287
183 311 230 311 230 350 183 350
530 670 562 670 562 709 530 709
601 763 636 763 636 802 601 802
460 568 497 568 497 607 460 607
596 646 636 646 636 685 596 685
182 384 226 384 226 423 182 423
530 551 574 551 574 590 530 590
140 588 153 588 153 628 140 628
250 1180 283 1180 283 1220 250 1220
315 927 352 927 352 967 315 967
873 1092 903 1092 903 1132 873 1132
257 512 294 512 294 552 257 552
326 273 364 273 364 313 326 313
674 641 712 641 712 681 674 681
182 689 227 689 227 729 182 729
606 371 643 371 643 412 606 412
529 1082 551 1082 551 1123 529 1123
250 770 287 770 287 811 250 811
318 588 361 588 361 629 318 629
603 314 648 314 648 355 603 355
741 1014 767 1014 767 1055 741 1055
745 1347 771 1347 771 1388 745 1388
590 1210 620 1210 620 1251 590 1251
252 553 292 553 292 594 252 594
460 1054 476 1054 476 1096 460 1096
460 775 491 775 491 817 460 817
810 729 848 729 848 771 810 771
537 274 579 274 579 316 537 316
595 1125 626 1125 626 1167 595 1167
316 1129 349 1129 349 1171 316 1171
898 881 910 881 910 924 898 924
810 1031 831 1031 831 1074 810 1074
194 620 218 620 218 663 194 663
458 1131 482 1131 482 1174 458 1174
116 788 147 788 147 831 116 831
179 811 216 811 216 854 179 854
324 541 364 541 364 584 324 584
251 721 294 721 294 764 251 764
607 826 621 826 621 869 607 869
600 719 633 719 633 762 600 762
116 874 150 874 150 917 116 917
322 670 359 670 359 713 322 713
113 425 155 425 155 468 113 468
741 975 762 975 762 1019 741 1019
672 704 696 704 696 748 672 748
732 1302 767 1302 767 1346 732 1346
250 957 285 957 285 1001 250 1001
318 758 353 758 353 802 318 802
656 1133 697 1133 697 1177 656 1177
670 312 714 312 714 356 670 356
456 639 503 639 503 683 456 683
265 595 272 595 272 639 265 639
318 713 363 713 363 757 318 757
200 526 207 526 207 571 200 571
884 352 916 352 916 397 884 397
869 1019 918 1019 918 1064 869 1064
519 917 566 917 566 962 519 962
119 671 154 671 154 717 119 717
321 625 361 625 361 671 321 671
594 1033 626 1033 626 1079 594 1079
525 1204 558 1204 558 1251 525 1251
317 1080 350 1080 350 1127 317 1127
873 844 910 844 910 891 873 891
736 658 775 658 775 705 736 705
116 341 159 341 159 388 116 388
739 838 765 838 765 886 739 886
599 1321 619 1321 619 1369 599 1369
812 514 843 514 843 562 812 562
179 858 214 858 214 906 179 906
249 365 291 365 291 413 249 413
739 313 784 313 784 361 739 361
257 315 284 315 284 364 257 364
673 596 702 596 702 645 673 645
741 506 782 506 782 555 741 555
675 521 699 521 699 571 675 571
170 1034 211 1034 211 1084 170 1084
112 977 157 977 157 1027 112 1027
676 357 711 357 711 407 676 407
809 676 848 676 848 726 809 726
392 421 435 421 435 471 392 471
726 1254 772 1254 772 1304 726 1304
594 978 627 978 627 1029 594 1029
527 866 557 866 557 917 527 917
737 920 769 920 769 971 737 971
521 1253 558 1253 558 1304 521 1304
179 730 218 730 218 781 179 781
873 698 914 698 914 749 873 749
121 717 138 717 138 769 121 769
531 590 566 590 566 643 531 643
256 1223 281 1223 281 1276 256 1276
724 1109 772 1109 772 1162 724 1162
607 474 623 474 623 527 607 527
535 453 571 453 571 507 535 507
250 903 282 903 282 957 250 957
392 312 434 312 434 367 392 367
324 484 359 484 359 544 324 544
801 835 845 835 845 897 801 897
173 1086 212 1086 212 1150 173 1150
803 771 845 771 845 835 803 835
246 1031 284 1031 284 1095 246 1095
112 1236 146 1236 146 1302 112 1302
817 441 848 441 848 512 817 512
