225 1088 235 1088 235 1096 225 1096
612 905 630 905 630 918 612 918
892 914 919 914 919 928 892 928
822 467 847 467 847 482 822 482
199 1252 231 1252 231 1267 199 1267
191 955 204 955 204 971 191 971
606 865 627 865 627 882 606 882
612 914 622 914 622 931 612 931
757 265 782 265 782 282 757 282
474 898 504 898 504 915 474 915
609 847 622 847 622 865 609 865
820 950 852 950 852 968 820 968
466 1157 509 1157 509 1175 466 1175
819 727 863 727 863 745 819 745
276 371 295 371 295 390 276 390
544 1093 572 1093 572 1112 544 1112
412 963 427 963 427 982 412 982
276 603 296 603 296 622 276 622
607 882 629 882 629 901 607 901
205 466 225 466 225 485 205 485
546 1336 566 1336 566 1355 546 1355
481 577 501 577 501 597 481 597
754 1169 774 1169 774 1189 754 1189
343 633 362 633 362 653 343 653
551 755 571 755 571 775 551 775
272 1133 293 1133 293 1153 272 1153
609 931 620 931 620 952 609 952
339 946 360 946 360 967 339 967
205 779 227 779 227 800 205 800
636 933 659 933 659 954 636 954
887 722 917 722 917 743 887 743
264 866 296 866 296 887 264 887
475 679 515 679 515 700 475 700
537 1385 577 1385 577 1406 537 1406
283 420 304 420 304 441 283 441
758 624 780 624 780 645 758 645
469 1078 505 1078 505 1099 469 1099
396 983 442 983 442 1004 396 1004
620 568 642 568 642 590 620 590
269 396 308 396 308 418 269 418
271 1273 286 1273 286 1295 271 1295
203 1194 225 1194 225 1216 203 1216
331 1334 363 1334 363 1356 331 1356
604 952 628 952 628 975 604 975
410 338 436 338 436 361 410 361
603 764 630 764 630 787 603 787
616 702 648 702 648 725 616 725
883 1157 923 1157 923 1180 883 1180
609 974 622 974 622 998 609 998
340 885 359 885 359 909 340 909
606 818 628 818 628 842 606 842
635 808 660 808 660 832 635 832
402 905 434 905 434 929 402 929
259 1006 295 1006 295 1030 259 1030
196 487 232 487 232 511 196 511
476 1353 495 1353 495 1377 476 1377
825 919 846 919 846 944 825 944
546 377 578 377 578 402 546 402
883 1314 936 1314 936 1339 883 1339
411 880 432 880 432 905 411 905
542 1358 566 1358 566 1383 542 1383
473 696 504 696 504 721 473 721
886 742 921 742 921 767 886 767
332 1167 368 1167 368 1192 332 1192
482 513 497 513 497 539 482 539
270 700 293 700 293 726 270 726
625 676 638 676 638 702 625 702
338 1064 361 1064 361 1090 338 1090
136 337 164 337 164 363 136 363
195 848 236 848 236 874 195 874
194 907 236 907 236 933 194 933
607 790 627 790 627 817 607 817
894 1181 917 1181 917 1208 894 1208
407 618 439 618 439 645 407 645
613 727 647 727 647 754 613 754
266 443 307 443 307 470 266 470
260 888 303 888 303 915 260 915
819 1024 865 1024 865 1051 819 1051
900 809 913 809 913 836 900 836
761 567 778 567 778 594 761 594
205 1135 222 1135 222 1162 205 1162
193 1061 231 1061 231 1088 193 1088
638 905 656 905 656 932 638 932
275 538 294 538 294 565 275 565
480 304 510 304 510 331 480 331
199 346 238 346 238 373 199 373
257 1030 304 1030 304 1057 257 1057
342 568 361 568 361 596 342 596
605 1027 628 1027 628 1055 605 1055
269 1297 294 1297 294 1325 269 1325
470 1100 502 1100 502 1128 470 1128
484 360 498 360 498 388 484 388
550 689 567 689 567 717 550 717
622 503 642 503 642 531 622 531
635 874 658 874 658 902 635 902
688 920 713 920 713 948 688 948
752 934 782 934 782 962 752 962
198 1162 228 1162 228 1190 198 1190
194 1222 234 1222 234 1250 194 1250
540 892 583 892 583 920 540 920
551 918 568 918 568 947 551 947
203 404 222 404 222 433 203 433
477 753 498 753 498 782 477 782
266 304 299 304 299 333 266 333
819 637 858 637 858 666 819 666
605 998 624 998 624 1027 605 1027
827 662 847 662 847 691 827 691
205 714 226 714 226 743 205 743
545 621 574 621 574 650 545 650
821 345 857 345 857 374 821 374
472 334 512 334 512 363 472 363
764 774 779 774 779 804 764 804
476 390 501 390 501 420 476 420
547 862 575 862 575 892 547 892
631 1004 660 1004 660 1034 631 1034
194 1368 226 1368 226 1398 194 1398
468 1377 502 1377 502 1407 468 1407
746 1192 787 1192 787 1222 746 1222
262 471 304 471 304 501 262 501
194 377 242 377 242 407 194 407
328 854 377 854 377 884 328 884
142 304 156 304 156 334 142 334
478 720 500 720 500 750 478 750
689 341 714 341 714 371 689 371
543 948 574 948 574 978 543 978
684 373 724 373 724 403 684 403
631 1037 658 1037 658 1067 631 1067
267 336 297 336 297 366 267 366
889 384 923 384 923 414 889 414
491 1125 500 1125 500 1156 491 1156
407 996 428 996 428 1027 407 1027
753 1092 779 1092 779 1123 753 1123
822 608 850 608 850 639 822 639
341 307 371 307 371 338 341 338
200 1335 231 1335 231 1366 200 1366
613 344 652 344 652 375 613 375
546 258 589 258 589 289 546 289
828 578 843 578 843 609 828 609
691 307 712 307 712 338 691 338
548 981 575 981 575 1012 548 1012
540 1306 571 1306 571 1337 540 1337
264 627 302 627 302 658 264 658
616 310 655 310 655 341 616 341
840 994 850 994 850 1026 840 1026
759 349 780 349 780 381 759 381
758 803 782 803 782 835 758 835
262 1329 291 1329 291 1361 262 1361
199 512 230 512 230 544 199 544
882 1336 929 1336 929 1368 882 1368
549 1275 567 1275 567 1307 549 1307
897 345 922 345 922 377 897 377
197 433 231 433 231 465 197 465
751 592 785 592 785 624 751 624
263 1158 302 1158 302 1190 263 1190
478 1043 497 1043 497 1075 478 1075
688 988 708 988 708 1020 688 1020
476 539 504 539 504 571 476 571
262 1101 302 1101 302 1133 262 1133
838 689 846 689 846 722 838 722
896 836 915 836 915 869 896 869
614 531 646 531 646 564 614 564
265 725 299 725 299 758 265 758
611 467 655 467 655 500 611 500
837 876 846 876 846 909 837 909
550 309 572 309 572 342 550 342
408 681 435 681 435 714 408 714
544 717 576 717 576 750 544 750
616 638 648 638 648 671 616 671
127 366 167 366 167 399 127 399
540 654 587 654 587 687 540 687
347 338 365 338 365 372 347 372
549 825 567 825 567 859 549 859
758 1331 776 1331 776 1365 758 1365
473 1014 501 1014 501 1048 473 1048
207 873 235 873 235 907 207 907
261 505 308 505 308 539 261 539
689 1050 706 1050 706 1084 689 1084
343 703 361 703 361 737 343 737
273 1193 299 1193 299 1227 273 1227
204 543 234 543 234 577 204 577
474 782 506 782 506 816 474 816
474 863 507 863 507 897 474 897
681 1087 717 1087 717 1121 681 1121
196 1305 232 1305 232 1339 196 1339
887 1280 925 1280 925 1314 887 1314
683 753 722 753 722 787 683 787
272 759 298 759 298 793 272 793
270 834 298 834 298 868 270 868
338 1092 368 1092 368 1126 338 1126
334 595 366 595 366 629 334 629
198 742 230 742 230 776 198 776
682 625 716 625 716 659 682 659
405 842 443 842 443 876 405 876
338 219 376 219 376 253 338 253
334 501 378 501 378 535 334 535
547 402 574 402 574 437 547 437
546 348 579 348 579 383 546 383
823 797 859 797 859 832 823 832
540 1157 576 1157 576 1192 540 1192
750 1294 792 1294 792 1329 750 1329
417 589 432 589 432 624 417 624
902 689 917 689 917 724 902 724
760 381 777 381 777 416 760 416
412 806 434 806 434 841 412 841
334 909 364 909 364 944 334 944
632 836 663 836 663 871 632 871
756 309 786 309 786 345 756 345
341 373 371 373 371 409 341 409
339 411 370 411 370 447 339 447
752 901 785 901 785 937 752 937
892 607 927 607 927 643 892 643
750 838 792 838 792 874 750 874
688 1020 708 1020 708 1056 688 1056
267 796 297 796 297 832 267 832
266 564 298 564 298 600 266 600
405 556 439 556 439 592 405 592
333 1293 367 1293 367 1329 333 1329
883 1241 924 1241 924 1277 883 1277
479 603 499 603 499 639 479 639
753 737 778 737 778 773 753 773
277 661 296 661 296 698 277 698
405 645 438 645 438 682 405 682
196 1021 231 1021 231 1058 196 1058
747 653 788 653 788 690 747 690
885 772 932 772 932 809 885 809
470 1314 500 1314 500 1351 470 1351
688 837 722 837 722 874 688 874
332 817 372 817 372 854 332 854
886 1116 927 1116 927 1153 886 1153
757 1365 773 1365 773 1403 757 1403
685 663 715 663 715 701 685 701
333 1128 367 1128 367 1166 333 1166
203 1268 223 1268 223 1306 203 1306
759 962 780 962 780 1000 759 1000
631 965 661 965 661 1003 631 1003
267 1229 301 1229 301 1267 267 1267
402 930 437 930 437 968 402 968
470 1274 506 1274 506 1312 470 1312
816 971 855 971 855 1009 816 1009
342 740 373 740 373 778 342 778
618 422 651 422 651 460 618 460
471 639 506 639 506 677 471 677
889 1021 928 1021 928 1059 889 1059
682 403 724 403 724 441 682 441
678 878 721 878 721 916 678 916
754 866 778 866 778 905 754 905
684 950 716 950 716 989 684 989
546 583 580 583 580 622 546 622
614 592 659 592 659 631 614 631
885 1204 930 1204 930 1243 885 1243
260 1062 293 1062 293 1101 260 1101
755 1214 788 1214 788 1253 755 1253
883 571 927 571 927 610 883 610
257 963 304 963 304 1002 257 1002
254 1362 305 1362 305 1401 254 1401
201 582 231 582 231 622 201 622
823 834 855 834 855 874 823 874
199 302 236 302 236 342 199 342
883 650 925 650 925 690 883 690
336 778 366 778 366 818 336 818
470 426 510 426 510 466 470 466
750 1123 790 1123 790 1163 750 1163
686 488 726 488 726 528 686 528
747 1055 794 1055 794 1095 747 1095
892 525 925 525 925 566 892 566
635 770 660 770 660 811 635 811
749 1253 778 1253 778 1294 749 1294
467 1171 505 1171 505 1212 467 1212
748 424 791 424 791 465 748 465
410 1028 430 1028 430 1070 410 1070
407 511 441 511 441 553 407 553
884 1366 928 1366 928 1408 884 1408
408 759 447 759 447 801 408 801
683 443 723 443 723 485 683 485
330 1360 370 1360 370 1402 330 1402
609 377 655 377 655 419 609 419
538 1012 585 1012 585 1054 538 1054
338 971 359 971 359 1013 338 1013
546 781 572 781 572 823 546 823
399 716 445 716 445 758 399 758
415 361 434 361 434 404 415 404
339 530 364 530 364 573 339 573
201 803 231 803 231 846 201 846
751 528 791 528 791 571 751 571
883 868 929 868 929 911 883 911
480 818 500 818 500 861 480 861
261 920 300 920 300 963 261 963
332 452 377 452 377 495 332 495
470 467 511 467 511 511 470 511
542 439 585 439 585 483 542 483
540 1190 582 1190 582 1234 540 1234
681 790 724 790 724 834 681 834
536 1233 580 1233 580 1277 536 1277
543 538 585 538 585 583 543 583
195 1093 224 1093 224 1138 195 1138
466 969 508 969 508 1014 466 1014
332 1016 364 1016 364 1061 332 1061
822 417 855 417 855 462 822 462
884 935 929 935 929 980 884 980
822 378 854 378 854 424 822 424
680 532 722 532 722 578 680 578
341 657 363 657 363 703 341 703
682 704 718 704 718 750 682 750
681 580 722 580 722 626 681 626
332 1194 372 1194 372 1241 332 1241
192 672 232 672 232 719 192 719
540 1052 584 1052 584 1099 540 1099
756 689 788 689 788 737 756 737
201 627 234 627 234 675 201 675
402 408 446 408 446 457 402 457
328 1241 367 1241 367 1290 328 1290
818 487 857 487 857 537 818 537
886 415 927 415 927 465 886 465
889 972 929 972 929 1023 889 1023
543 1111 579 1111 579 1162 543 1162
885 472 927 472 927 523 885 523
818 742 858 742 858 795 818 795
540 485 585 485 585 538 540 538
745 1004 794 1004 794 1057 745 1057
471 919 509 919 509 972 471 972
468 1216 503 1216 503 1273 468 1273
404 452 439 452 439 512 404 512
751 468 789 468 789 529 751 529
