403 1376 428 1376 428 1391 403 1391
689 1080 721 1080 721 1095 689 1095
690 574 721 574 721 591 690 591
415 604 435 604 435 622 415 622
613 354 663 354 663 372 613 372
128 693 160 693 160 711 128 711
699 419 719 419 719 438 699 438
547 1168 580 1168 580 1187 547 1187
130 527 165 527 165 546 130 546
274 681 294 681 294 701 274 701
280 240 302 240 302 260 280 260
554 1067 577 1067 577 1087 554 1087
333 452 374 452 374 472 333 472
484 1008 504 1008 504 1028 484 1028
694 790 715 790 715 810 694 810
124 506 165 506 165 526 124 526
202 752 222 752 222 772 202 772
485 611 507 611 507 631 485 631
826 400 860 400 860 420 826 420
761 833 781 833 781 854 761 854
198 1279 220 1279 220 1300 198 1300
762 1344 784 1344 784 1365 762 1365
548 786 586 786 586 807 548 807
827 1294 865 1294 865 1315 827 1315
52 680 100 680 100 701 52 701
556 672 577 672 577 693 556 693
490 354 503 354 503 376 490 376
767 592 785 592 785 614 767 614
698 937 718 937 718 959 698 959
411 853 442 853 442 875 411 875
55 657 90 657 90 679 55 679
114 1376 162 1376 162 1398 114 1398
767 977 786 977 786 999 767 999
684 918 732 918 732 940 684 940
696 341 728 341 728 364 696 364
136 1284 151 1284 151 1307 136 1307
690 1405 711 1405 711 1428 690 1428
197 1215 223 1215 223 1238 197 1238
478 784 507 784 507 807 478 807
474 380 519 380 519 403 474 403
747 1399 795 1399 795 1422 747 1422
138 309 158 309 158 333 138 333
554 844 574 844 574 868 554 868
763 697 789 697 789 721 763 721
200 1057 226 1057 226 1081 200 1081
546 1248 576 1248 576 1272 546 1272
339 667 378 667 378 691 339 691
835 565 852 565 852 589 835 589
484 1069 501 1069 501 1093 484 1093
487 759 505 759 505 783 487 783
554 1222 572 1222 572 1246 554 1246
414 719 431 719 431 744 414 744
348 689 366 689 366 714 348 714
203 993 222 993 222 1018 203 1018
273 760 304 760 304 785 273 785
478 1169 509 1169 509 1194 478 1194
271 867 292 867 292 892 271 892
825 990 852 990 852 1015 825 1015
685 1140 717 1140 717 1165 685 1165
192 822 231 822 231 847 192 847
757 354 805 354 805 379 757 379
66 567 85 567 85 593 66 593
764 1112 783 1112 783 1138 764 1138
340 712 371 712 371 738 340 738
754 1219 789 1219 789 1245 754 1245
475 1197 513 1197 513 1223 475 1223
688 364 729 364 729 390 688 390
703 313 721 313 721 339 703 339
131 896 156 896 156 922 131 922
825 1266 860 1266 860 1292 825 1292
203 848 228 848 228 874 203 874
830 963 850 963 850 990 830 990
692 858 719 858 719 885 692 885
682 594 726 594 726 621 682 621
66 461 88 461 88 488 66 488
336 736 371 736 371 763 336 763
689 391 730 391 730 418 689 418
120 992 171 992 171 1019 120 1019
482 1036 502 1036 502 1064 482 1064
128 475 163 475 163 503 128 503
128 333 164 333 164 361 128 361
414 540 431 540 431 568 414 568
693 1049 714 1049 714 1077 693 1077
822 913 855 913 855 941 822 941
759 317 797 317 797 345 759 345
126 361 165 361 165 389 126 389
65 1213 87 1213 87 1241 65 1241
190 880 231 880 231 908 190 908
402 1087 444 1087 444 1115 402 1115
817 940 865 940 865 968 817 968
678 1028 731 1028 731 1056 678 1056
60 1326 86 1326 86 1355 60 1355
474 806 510 806 510 835 474 835
756 523 793 523 793 552 756 552
760 425 799 425 799 454 760 454
128 1396 149 1396 149 1425 128 1425
549 869 582 869 582 898 549 898
275 435 310 435 310 464 275 464
271 206 306 206 306 235 271 235
827 317 862 317 862 346 827 346
753 1287 792 1287 792 1316 753 1316
541 1271 582 1271 582 1300 541 1300
758 494 792 494 792 524 758 524
121 968 161 968 161 998 121 998
820 1017 860 1017 860 1047 820 1047
685 1245 725 1245 725 1275 685 1275
750 1366 791 1366 791 1396 750 1396
753 1312 795 1312 795 1342 753 1342
473 1098 515 1098 515 1128 473 1128
413 1006 442 1006 442 1036 413 1036
689 1000 722 1000 722 1030 689 1030
132 1020 152 1020 152 1051 132 1051
822 1092 857 1092 857 1123 822 1123
187 1185 228 1185 228 1216 187 1216
833 1192 854 1192 854 1223 833 1223
548 1032 583 1032 583 1063 548 1063
271 258 306 258 306 289 271 289
680 1370 716 1370 716 1401 680 1401
824 1122 861 1122 861 1153 824 1153
404 682 445 682 445 713 404 713
51 341 97 341 97 372 51 372
122 789 170 789 170 820 122 820
274 610 290 610 290 641 274 641
763 768 779 768 779 799 763 799
763 1003 794 1003 794 1034 763 1034
688 889 724 889 724 920 688 920
264 896 301 896 301 927 264 927
194 563 234 563 234 594 194 594
750 860 793 860 793 891 750 891
487 1135 504 1135 504 1167 487 1167
130 754 162 754 162 786 130 786
339 347 371 347 371 379 339 379
409 744 443 744 443 776 409 776
687 958 722 958 722 990 687 990
55 882 92 882 92 914 55 914
407 362 448 362 448 394 407 394
123 1346 165 1346 165 1378 123 1378
411 569 444 569 444 601 411 601
406 1220 450 1220 450 1252 406 1252
633 451 646 451 646 484 633 484
553 1134 572 1134 572 1167 553 1167
340 592 369 592 369 625 340 625
482 260 516 260 516 293 482 293
688 754 722 754 722 787 688 787
55 303 91 303 91 336 55 336
339 377 375 377 375 410 339 410
63 1250 81 1250 81 1283 63 1283
825 591 859 591 859 624 825 624
196 1019 228 1019 228 1053 196 1053
339 561 372 561 372 595 339 595
755 1039 794 1039 794 1073 755 1073
403 1294 444 1294 444 1328 403 1328
197 905 233 905 233 939 197 939
124 1086 163 1086 163 1120 124 1120
131 1311 152 1311 152 1346 131 1346
479 541 510 541 510 576 479 576
479 574 510 574 510 609 479 609
749 1249 797 1249 797 1284 749 1284
200 1347 227 1347 227 1382 200 1382
547 1001 580 1001 580 1036 547 1036
755 1074 789 1074 789 1109 755 1109
53 492 100 492 100 527 53 527
348 412 364 412 364 447 348 447
829 1155 861 1155 861 1190 829 1190
546 633 583 633 583 668 546 668
556 1186 576 1186 576 1222 556 1222
551 599 584 599 584 635 551 635
194 1385 229 1385 229 1421 194 1421
623 370 661 370 661 406 623 406
550 525 588 525 588 561 550 561
52 1124 97 1124 97 1160 52 1160
758 615 803 615 803 651 758 651
750 1139 801 1139 801 1175 750 1175
563 345 584 345 584 381 563 381
53 995 89 995 89 1031 53 1031
407 1153 444 1153 444 1189 407 1189
266 790 311 790 311 826 266 826
348 630 364 630 364 667 348 667
413 1251 429 1251 429 1288 413 1288
134 857 152 857 152 894 134 894
193 680 228 680 228 717 193 717
475 939 511 939 511 976 475 976
548 808 588 808 588 845 548 845
762 554 791 554 791 591 762 591
687 724 718 724 718 761 687 761
477 722 510 722 510 759 477 759
50 911 90 911 90 948 50 948
755 796 788 796 788 833 755 833
124 1204 157 1204 157 1241 124 1241
128 1050 164 1050 164 1087 128 1087
620 315 657 315 657 352 620 352
53 527 96 527 96 564 53 564
123 598 167 598 167 635 123 635
123 1168 156 1168 156 1206 123 1206
333 309 373 309 373 347 333 347
403 1118 451 1118 451 1156 403 1156
835 1228 853 1228 853 1266 835 1266
554 256 591 256 591 294 554 294
279 395 293 395 293 434 279 434
694 535 721 535 721 574 694 574
199 596 230 596 230 635 199 635
271 354 305 354 305 393 271 393
483 314 518 314 518 353 483 353
758 453 797 453 797 492 758 492
549 315 588 315 588 354 549 354
417 776 438 776 438 815 417 815
271 638 300 638 300 677 271 677
476 968 511 968 511 1007 476 1007
196 778 236 778 236 817 196 817
409 967 450 967 450 1006 409 1006
755 1178 798 1178 798 1217 755 1217
411 1187 437 1187 437 1226 411 1226
828 522 860 522 860 561 828 561
336 518 374 518 374 557 336 557
203 249 236 249 236 289 203 289
692 491 730 491 730 531 692 531
400 1388 438 1388 438 1428 400 1428
407 814 449 814 449 854 407 854
550 386 594 386 594 426 550 426
189 1307 237 1307 237 1347 189 1347
831 813 853 813 853 853 831 853
194 713 227 713 227 754 194 754
759 651 797 651 797 692 759 692
269 312 308 312 308 353 269 353
53 1030 95 1030 95 1071 53 1071
267 827 298 827 298 868 267 868
479 636 514 636 514 677 479 677
682 1098 725 1098 725 1139 682 1139
546 694 591 694 591 735 546 735
64 417 84 417 84 458 64 458
55 846 88 846 88 887 55 887
415 924 451 924 451 965 415 965
406 499 443 499 443 540 406 540
476 405 518 405 518 446 476 446
681 1166 727 1166 727 1207 681 1207
417 313 441 313 441 355 417 355
126 1241 163 1241 163 1283 126 1283
475 500 520 500 520 542 475 542
690 813 717 813 717 855 690 855
826 673 861 673 861 715 826 715
759 379 801 379 801 421 759 421
266 468 310 468 310 510 266 510
199 464 240 464 240 507 199 507
199 415 242 415 242 458 199 458
122 714 175 714 175 757 122 757
548 561 579 561 579 604 548 604
551 487 588 487 588 530 551 530
408 400 449 400 449 443 408 443
755 723 796 723 796 766 755 766
764 897 784 897 784 940 764 940
825 768 854 768 854 811 825 811
474 839 515 839 515 882 474 882
196 314 241 314 241 357 196 357
200 639 230 639 230 683 200 683
684 1206 717 1206 717 1250 684 1250
820 1048 864 1048 864 1092 820 1092
132 923 153 923 153 968 132 968
696 445 719 445 719 490 696 490
194 943 231 943 231 988 194 988
621 406 660 406 660 451 621 451
687 678 725 678 725 723 687 723
477 454 518 454 518 499 477 499
755 933 800 933 800 978 755 978
124 433 175 433 175 478 124 478
63 701 93 701 93 747 63 747
121 1122 160 1122 160 1168 121 1168
53 1282 103 1282 103 1328 53 1328
141 819 150 819 150 865 141 865
550 732 588 732 588 778 550 778
126 389 170 389 170 435 126 435
832 422 859 422 859 469 832 469
56 803 92 803 92 850 56 850
625 484 647 484 647 531 625 531
830 626 861 626 861 673 830 673
269 709 304 709 304 756 269 756
191 1137 232 1137 232 1184 191 1184
820 718 863 718 863 765 820 765
336 471 372 471 372 518 336 518
191 1086 236 1086 236 1133 191 1133
138 547 152 547 152 595 138 595
130 641 156 641 156 689 130 689
63 1161 92 1161 92 1209 63 1209
60 752 98 752 98 800 60 800
828 350 871 350 871 398 828 398
491 672 508 672 508 721 491 721
414 632 436 632 436 681 414 681
265 515 314 515 314 564 265 564
187 1237 243 1237 243 1286 187 1286
832 469 854 469 854 519 832 519
405 1037 441 1037 441 1087 405 1087
51 1069 98 1069 98 1119 51 1119
543 950 598 950 598 1000 543 1000
541 1084 588 1084 588 1134 541 1134
54 947 85 947 85 998 54 998
264 561 300 561 300 612 264 612
545 434 588 434 588 485 545 485
545 897 587 897 587 950 545 950
405 445 442 445 442 498 405 498
206 358 232 358 232 412 206 412
682 623 727 623 727 678 682 678
199 508 236 508 236 563 199 563
816 855 861 855 861 911 816 911
51 1356 91 1356 91 1412 51 1412
474 881 514 881 514 938 474 938
61 596 89 596 89 655 61 655
75 371 84 371 84 430 75 430
