191 751 223 751 223 765 191 765
328 1261 361 1261 361 1276 328 1276
256 916 288 916 288 932 256 932
677 1253 712 1253 712 1270 677 1270
120 994 149 994 149 1012 120 1012
258 421 289 421 289 439 258 439
608 1328 643 1328 643 1346 608 1346
670 944 720 944 720 962 670 962
887 626 910 626 910 645 887 645
403 711 434 711 434 730 403 730
122 1142 143 1142 143 1161 122 1161
406 319 428 319 428 338 406 338
670 555 726 555 726 575 670 575
334 482 356 482 356 502 334 502
119 502 148 502 148 522 119 522
605 746 647 746 647 766 605 766
539 399 586 399 586 419 539 419
683 924 704 924 704 944 683 944
751 1324 788 1324 788 1344 751 1344
748 1408 770 1408 770 1429 748 1429
403 734 425 734 425 756 403 756
118 321 152 321 152 343 118 343
477 952 500 952 500 974 477 974
682 532 711 532 711 554 682 554
542 325 577 325 577 347 542 347
747 749 797 749 797 771 747 771
402 813 431 813 431 835 402 835
194 1407 229 1407 229 1429 194 1429
334 1011 351 1011 351 1034 334 1034
825 554 845 554 845 577 825 577
477 324 501 324 501 347 477 347
468 585 502 585 502 608 468 608
329 732 354 732 354 755 329 755
190 965 221 965 221 988 190 988
247 539 298 539 298 562 247 562
333 906 357 906 357 930 333 930
398 345 433 345 433 369 398 369
885 1126 920 1126 920 1150 885 1150
115 531 154 531 154 555 115 555
126 1268 147 1268 147 1292 126 1292
822 1287 850 1287 850 1311 822 1311
681 1374 712 1374 712 1398 681 1398
467 358 500 358 500 382 467 382
473 1104 491 1104 491 1128 473 1128
687 1346 705 1346 705 1370 687 1370
684 775 703 775 703 799 684 799
819 1356 853 1356 853 1380 819 1380
890 1293 929 1293 929 1317 890 1317
407 450 427 450 427 475 407 475
127 783 152 783 152 808 127 808
458 1048 502 1048 502 1073 458 1073
202 370 216 370 216 395 202 395
332 1066 352 1066 352 1091 332 1091
819 1010 852 1010 852 1035 819 1035
879 689 915 689 915 714 879 714
607 1406 643 1406 643 1431 607 1431
674 1192 716 1192 716 1217 674 1217
124 718 141 718 141 744 124 744
622 649 642 649 642 675 622 675
196 766 216 766 216 792 196 792
894 1264 925 1264 925 1290 894 1290
333 1360 364 1360 364 1386 333 1386
606 1299 645 1299 645 1325 606 1325
824 1082 844 1082 844 1108 824 1108
676 655 711 655 711 681 676 681
829 523 845 523 845 549 829 549
128 430 152 430 152 456 128 456
674 441 711 441 711 467 674 467
537 419 575 419 575 445 537 445
127 886 146 886 146 913 127 913
197 719 217 719 217 746 197 746
124 1166 144 1166 144 1193 124 1193
336 642 358 642 358 669 336 669
264 391 288 391 288 418 264 418
678 802 705 802 705 829 678 829
672 683 711 683 711 710 672 710
690 499 704 499 704 526 690 526
114 1198 149 1198 149 1225 114 1225
757 1259 773 1259 773 1287 757 1287
617 1348 639 1348 639 1376 617 1376
754 489 776 489 776 517 754 517
607 866 642 866 642 894 607 894
118 1370 155 1370 155 1398 118 1398
747 457 787 457 787 485 747 485
670 1017 711 1017 711 1045 670 1045
884 1045 931 1045 931 1073 884 1073
333 611 364 611 364 639 333 639
326 799 361 799 361 827 326 827
397 1148 434 1148 434 1176 397 1176
757 1041 773 1041 773 1069 757 1069
609 372 642 372 642 400 609 400
680 1398 713 1398 713 1426 680 1426
466 612 503 612 503 641 466 641
743 608 781 608 781 637 743 637
189 558 228 558 228 587 189 587
881 555 923 555 923 584 881 584
128 1399 145 1399 145 1428 128 1428
404 907 422 907 422 936 404 936
545 484 568 484 568 513 545 513
116 1294 151 1294 151 1323 116 1323
604 716 642 716 642 745 604 745
114 645 153 645 153 674 114 674
182 1263 230 1263 230 1292 182 1292
819 1112 854 1112 854 1142 819 1142
254 319 295 319 295 349 254 349
685 1271 703 1271 703 1301 685 1301
256 439 289 439 289 469 256 469
605 1042 652 1042 652 1072 605 1072
262 798 286 798 286 829 262 829
399 1064 426 1064 426 1095 399 1095
259 832 288 832 288 863 259 863
687 1220 717 1220 717 1251 687 1251
330 1093 361 1093 361 1124 330 1124
398 1300 431 1300 431 1331 398 1331
885 1399 924 1399 924 1430 885 1430
456 1014 505 1014 505 1045 456 1045
402 479 431 479 431 510 402 510
611 450 645 450 645 481 611 481
117 913 152 913 152 944 117 944
326 874 363 874 363 905 326 905
810 366 849 366 849 397 810 397
466 385 505 385 505 416 466 416
670 712 709 712 709 743 670 743
755 718 779 718 779 749 755 749
330 670 363 670 363 701 330 701
889 958 924 958 924 989 889 989
392 1366 441 1366 441 1397 392 1397
201 1097 225 1097 225 1129 201 1129
473 682 499 682 499 714 473 714
470 272 501 272 501 304 470 304
466 1129 500 1129 500 1161 466 1161
629 1156 635 1156 635 1188 629 1188
259 653 292 653 292 685 259 685
252 506 288 506 288 538 252 538
332 1320 370 1320 370 1352 332 1352
467 506 508 506 508 538 467 538
603 1377 651 1377 651 1409 603 1409
197 397 216 397 216 430 197 430
893 1228 916 1228 916 1261 893 1261
397 939 428 939 428 972 397 972
325 1387 358 1387 358 1420 325 1420
750 1290 783 1290 783 1323 750 1323
255 1391 291 1391 291 1424 255 1424
117 348 160 348 160 381 117 381
474 981 496 981 496 1014 474 1014
547 447 571 447 571 480 547 480
327 1032 353 1032 353 1065 327 1065
396 1334 429 1334 429 1367 396 1367
402 837 422 837 422 870 402 870
257 1238 285 1238 285 1271 257 1271
120 1075 151 1075 151 1108 120 1108
333 539 365 539 365 572 333 572
116 744 150 744 150 777 116 777
467 1397 504 1397 504 1430 467 1430
818 925 854 925 854 959 818 959
610 1004 646 1004 646 1038 610 1038
469 880 506 880 506 914 469 914
116 610 155 610 155 644 116 644
673 470 716 470 716 504 673 504
882 803 926 803 926 837 882 837
257 1310 287 1310 287 1344 257 1344
672 1049 710 1049 710 1083 672 1083
462 1287 504 1287 504 1321 462 1321
323 701 368 701 368 735 323 735
549 622 567 622 567 657 549 657
334 506 358 506 358 541 334 541
119 1104 153 1104 153 1139 119 1139
253 1105 294 1105 294 1140 253 1140
811 1195 867 1195 867 1230 811 1230
814 747 848 747 848 782 814 782
887 432 922 432 922 467 887 467
884 516 919 516 919 551 884 551
191 639 228 639 228 674 191 674
187 991 224 991 224 1026 187 1026
403 373 440 373 440 408 403 408
609 1184 648 1184 648 1219 609 1219
460 1206 505 1206 505 1241 460 1241
749 1372 766 1372 766 1408 749 1408
755 1159 778 1159 778 1195 755 1195
679 1115 711 1115 711 1151 679 1151
471 645 507 645 507 681 471 681
747 414 785 414 785 450 747 450
462 716 512 716 512 752 462 752
191 1061 224 1061 224 1097 191 1097
399 641 435 641 435 677 399 677
746 1073 783 1073 783 1109 746 1109
608 1220 649 1220 649 1256 608 1256
474 1065 492 1065 492 1102 474 1102
266 471 288 471 288 508 266 508
820 836 848 836 848 873 820 873
118 1044 150 1044 150 1081 118 1081
327 410 361 410 361 447 327 447
254 939 297 939 297 976 254 976
535 580 578 580 578 617 535 617
679 886 709 886 709 923 679 923
887 840 919 840 919 877 887 877
606 567 640 567 640 604 606 604
672 743 715 743 715 780 672 780
184 1341 230 1341 230 1378 184 1378
195 431 211 431 211 468 195 468
331 973 359 973 359 1010 331 1010
820 624 854 624 854 661 820 661
401 669 436 669 436 706 401 706
675 407 713 407 713 444 675 444
602 779 649 779 649 816 602 816
126 811 147 811 147 849 126 849
191 837 223 837 223 875 191 875
259 352 295 352 295 390 259 390
465 420 504 420 504 458 465 458
185 519 226 519 226 557 185 557
885 916 926 916 926 954 885 954
208 877 214 877 214 915 208 915
692 1302 702 1302 702 1340 692 1340
748 677 784 677 784 715 748 715
747 899 789 899 789 937 747 937
114 1014 158 1014 158 1052 114 1052
262 970 285 970 285 1009 262 1009
333 574 357 574 357 613 333 613
614 525 638 525 638 564 614 564
329 443 364 443 364 482 329 482
674 1146 711 1146 711 1185 674 1185
190 1028 231 1028 231 1067 190 1067
892 1194 914 1194 914 1233 892 1233
890 875 921 875 921 914 890 914
607 609 645 609 645 648 607 648
117 848 156 848 156 887 117 887
118 460 163 460 163 499 118 499
391 1263 439 1263 439 1302 391 1302
742 859 791 859 791 898 742 898
416 407 423 407 423 446 416 446
888 380 920 380 920 419 888 419
743 636 780 636 780 675 743 675
394 976 435 976 435 1015 394 1015
814 480 856 480 856 519 814 519
185 797 232 797 232 836 185 836
331 931 353 931 353 971 331 971
466 1355 497 1355 497 1395 466 1395
610 484 647 484 647 524 610 524
748 1199 786 1199 786 1239 748 1239
607 1075 646 1075 646 1115 607 1115
814 399 854 399 854 439 814 439
325 1126 367 1126 367 1166 325 1166
402 1390 418 1390 418 1430 402 1430
822 324 840 324 840 364 822 364
822 662 847 662 847 702 822 702
682 567 711 567 711 607 682 607
817 1039 851 1039 851 1079 817 1079
886 473 926 473 926 513 886 513
459 1241 504 1241 504 1281 459 1281
617 677 641 677 641 718 617 718
819 707 847 707 847 748 819 748
120 1224 154 1224 154 1265 120 1265
466 911 504 911 504 952 466 952
746 822 789 822 789 863 746 863
743 372 787 372 787 413 743 413
332 1275 354 1275 354 1316 332 1316
255 609 300 609 300 650 255 650
189 1126 235 1126 235 1167 189 1167
187 675 234 675 234 716 187 716
263 561 286 561 286 602 263 602
609 403 642 403 642 444 609 444
472 754 507 754 507 795 472 795
879 641 924 641 924 682 879 682
903 1316 910 1316 910 1358 903 1358
465 1161 502 1161 502 1203 465 1203
812 1149 864 1149 864 1191 812 1191
824 1383 853 1383 853 1425 824 1425
462 842 508 842 508 884 462 884
812 439 859 439 859 481 812 481
113 952 166 952 166 994 113 994
114 676 153 676 153 719 114 719
393 874 434 874 434 917 393 917
327 324 373 324 373 367 327 367
819 1312 854 1312 854 1355 819 1355
673 321 714 321 714 364 673 364
324 756 367 756 367 799 324 799
601 1115 646 1115 646 1158 601 1158
193 592 217 592 217 635 193 635
747 518 784 518 784 561 747 561
887 760 925 760 925 803 887 803
465 542 506 542 506 585 465 585
466 460 512 460 512 503 466 503
623 1255 633 1255 633 1299 623 1299
334 1165 361 1165 361 1209 334 1209
676 609 705 609 705 653 676 653
887 1072 919 1072 919 1116 887 1116
113 1326 156 1326 156 1370 113 1370
815 580 860 580 860 624 815 624
777 1230 784 1230 784 1274 777 1274
893 580 909 580 909 624 893 624
397 766 431 766 431 810 397 810
751 1112 787 1112 787 1156 751 1156
542 350 587 350 587 394 542 394
254 1268 300 1268 300 1312 254 1312
460 1320 506 1320 506 1364 460 1364
254 1344 303 1344 303 1388 254 1388
754 564 772 564 772 609 754 609
888 330 920 330 920 375 888 375
254 867 298 867 298 912 254 912
676 363 714 363 714 408 676 408
136 380 143 380 143 426 136 426
820 879 844 879 844 925 820 925
815 962 858 962 858 1008 815 1008
392 1015 436 1015 436 1061 392 1061
324 828 371 828 371 874 324 874
413 1222 421 1222 421 1268 413 1268
882 1152 927 1152 927 1198 882 1198
250 1137 290 1137 290 1184 250 1184
466 797 505 797 505 844 466 844
810 787 857 787 857 834 810 834
764 765 772 765 772 812 764 812
326 1210 368 1210 368 1257 326 1257
253 1057 306 1057 306 1104 253 1104
184 1165 227 1165 227 1213 184 1213
184 316 234 316 234 364 184 364
677 1077 703 1077 703 1125 677 1125
322 359 366 359 366 407 322 407
602 322 649 322 649 370 602 370
602 893 645 893 645 942 602 942
254 1010 291 1010 291 1059 254 1059
185 471 230 471 230 520 185 520
742 993 787 993 787 1043 742 1043
884 992 925 992 925 1042 884 1042
177 1212 230 1212 230 1262 177 1262
744 943 787 943 787 994 744 994
391 1095 445 1095 445 1146 391 1146
749 1338 784 1338 784 1389 749 1389
880 710 924 710 924 761 880 761
179 1293 229 1293 229 1344 179 1344
743 321 782 321 782 372 743 372
691 957 697 957 697 1010 691 1010
394 1179 431 1179 431 1232 394 1232
673 832 716 832 716 885 673 885
605 813 647 813 647 866 605 866
250 1183 295 1183 295 1237 250 1237
255 739 287 739 287 795 255 795
540 516 570 516 570 573 540 573
605 945 641 945 641 1002 605 1002
397 516 435 516 435 579 397 579
396 575 434 575 434 644 396 644
549 647 560 647 560 720 549 720
