56 382 81 382 81 390 56 390
252 1035 277 1035 277 1049 252 1049
113 1049 142 1049 142 1063 113 1063
460 1133 490 1133 490 1148 460 1148
735 338 765 338 765 353 735 353
599 642 625 642 625 657 599 657
43 1106 62 1106 62 1122 43 1122
321 914 340 914 340 931 321 931
792 1136 842 1136 842 1153 792 1153
323 364 341 364 341 382 323 382
256 554 273 554 273 572 256 572
458 950 484 950 484 968 458 968
603 691 615 691 615 709 603 709
47 1167 75 1167 75 1185 47 1185
666 573 697 573 697 591 666 591
43 748 62 748 62 767 43 767
462 616 482 616 482 635 462 635
597 864 627 864 627 883 597 883
325 714 345 714 345 734 325 734
451 504 495 504 495 524 451 524
173 646 225 646 225 666 173 666
396 1125 410 1125 410 1145 396 1145
315 417 350 417 350 437 315 437
393 1188 414 1188 414 1208 393 1208
390 856 410 856 410 877 390 877
659 1051 706 1051 706 1072 659 1072
797 1111 829 1111 829 1132 797 1132
381 1351 426 1351 426 1372 381 1372
585 1121 639 1121 639 1142 585 1142
387 1251 422 1251 422 1273 387 1273
390 801 411 801 411 823 390 823
244 1112 278 1112 278 1134 244 1134
798 1258 833 1258 833 1280 798 1280
246 1309 277 1309 277 1332 246 1332
246 614 282 614 282 637 246 637
662 670 700 670 700 693 662 693
243 1228 288 1228 288 1251 243 1251
321 986 345 986 345 1009 321 1009
389 1327 415 1327 415 1350 389 1350
731 900 762 900 762 923 731 923
388 1272 423 1272 423 1295 388 1295
314 387 354 387 354 410 314 410
728 1351 774 1351 774 1374 728 1374
324 1013 344 1013 344 1037 324 1037
601 440 627 440 627 464 601 464
524 1069 555 1069 555 1093 524 1093
592 1093 625 1093 625 1117 592 1117
384 691 418 691 418 715 384 715
174 298 210 298 210 322 174 322
254 711 273 711 273 735 254 735
44 974 64 974 64 998 44 998
392 980 410 980 410 1005 392 1005
255 1007 275 1007 275 1032 255 1032
807 1150 840 1150 840 1175 807 1175
660 1244 693 1244 693 1269 660 1269
38 998 72 998 72 1023 38 1023
455 968 491 968 491 993 455 993
35 582 72 582 72 607 35 607
317 1338 355 1338 355 1363 317 1363
118 949 134 949 134 974 118 974
467 748 487 748 487 773 467 773
464 1282 484 1282 484 1307 464 1307
530 981 551 981 551 1006 530 1006
456 386 482 386 482 411 456 411
109 600 139 600 139 625 109 625
250 980 280 980 280 1005 250 1005
800 1329 833 1329 833 1354 800 1354
36 1189 75 1189 75 1214 36 1214
35 303 74 303 74 328 35 328
516 1128 561 1128 561 1153 516 1153
810 378 829 378 829 404 810 404
462 481 483 481 483 507 462 507
320 545 344 545 344 571 320 571
105 673 141 673 141 699 105 699
730 778 769 778 769 804 730 804
252 495 269 495 269 521 252 521
603 1070 621 1070 621 1096 603 1096
35 878 72 878 72 904 35 904
659 800 703 800 703 826 659 826
806 1079 828 1079 828 1105 806 1105
191 412 221 412 221 438 191 438
592 1234 624 1234 624 1260 592 1260
453 1308 488 1308 488 1334 453 1334
385 367 429 367 429 393 385 393
808 407 824 407 824 434 808 434
740 1184 757 1184 757 1211 740 1211
393 297 413 297 413 324 393 324
56 399 82 399 82 426 56 426
735 555 768 555 768 582 735 582
108 566 143 566 143 593 108 593
736 1380 772 1380 772 1407 736 1407
796 858 836 858 836 885 796 885
672 868 690 868 690 895 672 895
108 1141 142 1141 142 1168 108 1168
245 429 280 429 280 456 245 456
524 516 568 516 568 543 524 543
324 514 343 514 343 542 324 542
395 1296 414 1296 414 1324 395 1324
600 662 622 662 622 690 600 690
381 821 410 821 410 849 381 849
184 1095 200 1095 200 1123 184 1123
737 871 760 871 760 899 737 899
462 644 494 644 494 672 462 672
110 1169 145 1169 145 1197 110 1197
110 1199 147 1199 147 1227 110 1227
796 684 833 684 833 712 796 712
184 558 202 558 202 586 184 586
595 748 624 748 624 776 595 776
252 910 289 910 289 938 252 938
659 1373 696 1373 696 1401 659 1401
32 435 73 435 73 463 32 463
241 1333 284 1333 284 1361 241 1361
724 926 769 926 769 954 724 954
309 439 356 439 356 467 309 467
673 1024 693 1024 693 1053 673 1053
247 644 273 644 273 673 247 673
521 664 563 664 563 693 521 693
530 1042 550 1042 550 1072 530 1072
666 464 690 464 690 494 666 494
317 1086 348 1086 348 1116 317 1116
733 586 771 586 771 616 733 616
257 1366 274 1366 274 1396 257 1396
386 1147 413 1147 413 1177 386 1177
248 873 285 873 285 903 248 903
55 939 63 939 63 970 55 970
318 299 339 299 339 330 318 330
805 880 828 880 828 911 805 911
181 829 206 829 206 860 181 860
731 1302 773 1302 773 1333 731 1333
740 1326 759 1326 759 1357 740 1357
529 301 549 301 549 332 529 332
604 466 626 466 626 497 604 497
116 1013 140 1013 140 1044 116 1044
664 897 697 897 697 928 664 928
36 611 69 611 69 642 36 642
794 437 837 437 837 468 794 468
746 395 755 395 755 426 746 426
324 649 340 649 340 680 324 680
454 410 488 410 488 441 454 441
528 1378 563 1378 563 1409 528 1409
460 714 495 714 495 745 460 745
601 833 622 833 622 865 601 865
35 1132 71 1132 71 1164 35 1164
37 251 74 251 74 283 37 283
175 521 210 521 210 553 175 553
806 950 827 950 827 983 806 983
318 881 350 881 350 914 318 914
314 574 350 574 350 607 314 607
456 1154 493 1154 493 1187 456 1187
661 593 700 593 700 626 661 626
383 1039 424 1039 424 1072 383 1072
513 1096 557 1096 557 1129 513 1129
254 674 271 674 271 707 254 707
806 1176 828 1176 828 1209 806 1209
43 1213 66 1213 66 1246 43 1246
526 628 560 628 560 661 526 661
106 792 147 792 147 825 106 825
43 680 59 680 59 713 43 713
741 300 760 300 760 333 741 333
672 694 693 694 693 727 672 727
316 678 353 678 353 711 316 711
180 1016 218 1016 218 1049 180 1049
315 1257 353 1257 353 1290 315 1290
46 1248 71 1248 71 1282 46 1282
669 536 697 536 697 570 669 570
108 496 144 496 144 530 108 530
246 576 282 576 282 610 246 610
106 460 143 460 143 494 106 494
799 564 838 564 838 598 799 598
383 332 428 332 428 366 383 366
599 497 628 497 628 531 599 531
312 330 346 330 346 364 312 364
455 1094 490 1094 490 1128 455 1128
662 762 697 762 697 796 662 796
175 435 210 435 210 469 175 469
34 465 72 465 72 499 34 499
731 470 775 470 775 504 731 504
47 903 66 903 66 938 47 938
801 340 835 340 835 375 801 375
246 520 280 520 280 555 246 555
605 921 617 921 617 956 605 956
531 948 550 948 550 983 531 983
591 885 626 885 626 920 591 920
245 299 283 299 283 334 245 334
39 1342 84 1342 84 1377 39 1377
522 1006 568 1006 568 1041 522 1041
450 817 499 817 499 852 450 852
35 711 69 711 69 746 35 746
42 334 79 334 79 369 42 369
525 546 568 546 568 581 525 581
478 1255 484 1255 484 1291 478 1291
595 1262 622 1262 622 1298 595 1298
796 601 835 601 835 637 796 637
37 1067 76 1067 76 1103 37 1103
385 1213 424 1213 424 1249 385 1249
798 790 837 790 837 826 798 826
244 1139 285 1139 285 1175 244 1175
38 1303 79 1303 79 1339 38 1339
727 738 770 738 770 774 727 774
807 301 833 301 833 337 807 337
108 333 141 333 141 369 108 369
594 710 631 710 631 746 594 746
723 1084 764 1084 764 1120 723 1120
471 1033 479 1033 479 1070 471 1070
55 643 67 643 67 680 55 680
105 369 133 369 133 406 105 406
114 1304 144 1304 144 1341 114 1341
176 659 212 659 212 696 176 696
106 974 143 974 143 1011 106 1011
106 527 146 527 146 564 106 564
594 1300 634 1300 634 1337 594 1337
386 404 427 404 427 441 386 441
590 1373 632 1373 632 1410 590 1410
456 1060 499 1060 499 1097 456 1097
452 578 496 578 496 615 452 615
796 823 841 823 841 860 796 860
43 1371 89 1371 89 1408 43 1408
737 622 760 622 760 659 737 659
458 776 492 776 492 813 458 813
592 1336 631 1336 631 1373 592 1373
174 473 215 473 215 510 174 510
527 811 568 811 568 848 527 848
109 1264 150 1264 150 1301 109 1301
191 746 200 746 200 783 191 783
733 1002 769 1002 769 1039 733 1039
522 333 561 333 561 370 522 370
34 499 74 499 74 536 34 536
661 1129 702 1129 702 1166 661 1166
328 470 336 470 336 508 328 508
254 941 272 941 272 979 254 979
456 442 485 442 485 480 456 480
383 999 417 999 417 1037 383 1037
798 756 838 756 838 794 798 794
658 1203 701 1203 701 1241 658 1241
110 1347 156 1347 156 1385 110 1385
521 774 572 774 572 812 521 812
816 916 826 916 826 954 816 954
738 799 760 799 760 837 738 837
740 700 763 700 763 738 740 738
384 892 417 892 417 930 384 930
385 1366 424 1366 424 1404 385 1404
656 1165 699 1165 699 1203 656 1203
171 1126 217 1126 217 1164 171 1164
113 298 132 298 132 337 113 337
462 674 484 674 484 713 462 713
454 1222 489 1222 489 1261 454 1261
665 983 701 983 701 1022 665 1022
733 1212 770 1212 770 1251 733 1251
735 660 774 660 774 699 735 699
318 1215 358 1215 358 1254 318 1254
524 1204 567 1204 567 1243 524 1243
749 836 759 836 759 875 749 875
464 992 485 992 485 1031 464 1031
176 1367 212 1367 212 1406 176 1406
666 495 705 495 705 534 666 534
385 498 426 498 426 537 385 537
176 913 217 913 217 952 176 952
242 832 291 832 291 871 242 871
520 1305 569 1305 569 1344 520 1344
519 478 569 478 569 517 519 517
455 297 492 297 492 336 455 336
246 739 287 739 287 778 246 778
464 854 491 854 491 894 464 894
173 371 212 371 212 411 173 411
118 626 136 626 136 666 118 666
599 1140 628 1140 628 1180 599 1180
245 386 277 386 277 426 245 426
248 455 282 455 282 495 248 495
315 788 356 788 356 828 315 828
591 353 636 353 636 393 591 393
658 1325 707 1325 707 1365 658 1365
523 437 555 437 555 478 523 478
383 716 421 716 421 757 383 757
458 1364 479 1364 479 1405 458 1405
526 394 548 394 548 435 526 435
173 785 215 785 215 826 173 826
796 713 844 713 844 754 796 754
803 1034 827 1034 827 1075 803 1075
803 1214 831 1214 831 1255 803 1255
661 392 699 392 699 433 661 433
521 1338 561 1338 561 1379 521 1379
682 726 692 726 692 768 682 768
110 403 133 403 133 445 110 445
110 824 135 824 135 866 110 866
727 958 769 958 769 1000 727 1000
118 1227 137 1227 137 1269 118 1269
527 725 550 725 550 767 527 767
670 300 701 300 701 342 670 342
319 941 351 941 351 983 319 983
315 1365 350 1365 350 1407 315 1407
34 537 76 537 76 579 34 579
796 518 841 518 841 560 796 560
667 345 699 345 699 388 667 388
314 1124 355 1124 355 1167 314 1167
540 691 547 691 547 734 540 734
734 351 768 351 768 394 734 394
174 1052 215 1052 215 1095 174 1095
185 1263 206 1263 206 1306 185 1306
663 627 689 627 689 670 663 670
177 867 214 867 214 910 177 910
734 425 776 425 776 468 734 468
108 866 154 866 154 909 108 909
539 371 549 371 549 415 539 415
736 1043 750 1043 750 1087 736 1087
104 702 142 702 142 746 104 746
386 538 430 538 430 582 386 582
169 1217 218 1217 218 1261 169 1261
792 638 846 638 846 682 792 682
179 1170 203 1170 203 1214 179 1214
314 1291 351 1291 351 1336 314 1336
382 758 425 758 425 803 382 803
528 1156 556 1156 556 1201 528 1201
808 1351 841 1351 841 1396 808 1396
36 209 72 209 72 254 36 254
37 1022 78 1022 78 1067 37 1067
448 338 496 338 496 383 448 383
542 915 551 915 551 961 542 961
458 1332 483 1332 483 1378 458 1378
318 740 343 740 343 786 318 786
313 608 352 608 352 654 313 654
172 701 219 701 219 747 172 747
459 1172 485 1172 485 1218 459 1218
248 1179 276 1179 276 1225 248 1225
592 954 632 954 632 1000 592 1000
172 1316 217 1316 217 1362 172 1362
793 988 842 988 842 1034 793 1034
111 744 139 744 139 791 111 791
800 1283 840 1283 840 1330 800 1330
320 1039 352 1039 352 1086 320 1086
386 585 430 585 430 632 386 632
170 591 217 591 217 638 170 638
601 536 629 536 629 584 601 584
314 1166 352 1166 352 1214 314 1214
680 821 688 821 688 869 680 869
173 325 208 325 208 373 173 373
614 384 625 384 625 433 614 433
731 1253 768 1253 768 1302 731 1302
592 1184 631 1184 631 1233 592 1233
242 1252 290 1252 290 1301 242 1301
38 772 69 772 69 821 38 821
454 900 494 900 494 949 454 949
594 590 634 590 634 640 594 640
587 783 643 783 643 833 587 833
677 1062 684 1062 684 1113 677 1113
659 1268 694 1268 694 1319 659 1319
795 473 837 473 837 524 795 524
727 502 776 502 776 553 727 553
592 301 634 301 634 352 592 352
333 821 341 821 341 873 333 873
126 893 135 893 135 946 126 946
382 628 418 628 418 681 382 681
468 519 478 519 478 572 468 572
664 930 697 930 697 983 664 983
378 927 426 927 426 980 378 980
380 443 429 443 429 497 380 497
243 1050 276 1050 276 1105 243 1105
730 1122 763 1122 763 1179 730 1179
242 330 279 330 279 388 242 388
385 1067 423 1067 423 1126 385 1126
523 1244 567 1244 567 1305 523 1305
690 409 701 409 701 473 690 473
520 850 565 850 565 917 520 917
103 1071 143 1071 143 1138 103 1138
