150 528 160 528 160 540 150 540
406 1058 417 1058 417 1070 406 1070
110 1195 120 1195 120 1208 110 1208
143 509 168 509 168 523 143 523
329 1059 354 1059 354 1073 329 1073
334 394 366 394 366 408 334 408
619 1277 627 1277 627 1292 619 1292
335 1096 347 1096 347 1111 335 1111
119 545 132 545 132 560 119 560
555 484 566 484 566 500 555 500
538 1122 564 1122 564 1138 538 1138
400 436 433 436 433 452 400 452
191 582 231 582 231 598 191 598
408 331 422 331 422 347 408 347
409 454 420 454 420 470 409 470
201 600 217 600 217 616 201 616
327 1216 354 1216 354 1232 327 1232
535 1391 566 1391 566 1407 535 1407
135 409 147 409 147 426 135 426
403 414 433 414 433 431 403 431
325 1239 359 1239 359 1256 325 1256
460 1383 497 1383 497 1400 460 1400
394 1222 426 1222 426 1240 394 1240
259 513 300 513 300 531 259 531
337 477 356 477 356 495 337 495
190 1079 212 1079 212 1097 190 1097
144 540 169 540 169 558 144 558
545 601 576 601 576 619 545 619
470 802 497 802 497 820 470 820
684 396 716 396 716 414 684 414
545 1074 557 1074 557 1093 545 1093
410 610 422 610 422 629 410 629
131 1256 155 1256 155 1275 131 1275
325 1076 360 1076 360 1095 325 1095
410 365 427 365 427 385 410 385
129 754 147 754 147 774 129 774
119 1309 140 1309 140 1329 119 1329
612 1380 640 1380 640 1400 612 1400
472 369 505 369 505 389 472 389
469 494 505 494 505 514 469 514
205 636 217 636 217 656 205 656
260 490 292 490 292 510 260 510
191 550 228 550 228 570 191 570
396 347 435 347 435 367 396 367
531 1145 570 1145 570 1165 531 1165
683 1168 699 1168 699 1188 683 1188
137 449 154 449 154 469 137 469
134 328 153 328 153 348 134 348
123 951 142 951 142 971 123 971
144 564 163 564 163 584 144 584
688 863 708 863 708 883 688 883
186 916 217 916 217 936 186 936
534 1303 567 1303 567 1323 534 1323
400 468 438 468 438 488 400 488
197 721 217 721 217 742 197 742
469 522 504 522 504 543 469 543
544 1167 556 1167 556 1188 544 1188
612 1254 630 1254 630 1275 612 1275
106 1136 127 1136 127 1157 106 1157
326 1345 355 1345 355 1366 326 1366
127 426 158 426 158 447 127 447
116 1002 150 1002 150 1023 116 1023
330 529 365 529 365 550 330 550
128 701 142 701 142 723 128 723
198 789 212 789 212 811 198 811
685 1121 705 1121 705 1143 685 1143
402 495 437 495 437 517 402 517
544 1282 564 1282 564 1304 544 1304
135 1214 158 1214 158 1236 135 1236
330 1282 353 1282 353 1304 330 1304
400 627 441 627 441 649 400 649
336 1139 354 1139 354 1162 336 1162
189 1191 208 1191 208 1214 189 1214
128 1233 159 1233 159 1256 128 1256
400 591 435 591 435 614 400 614
675 965 713 965 713 988 675 988
334 1258 349 1258 349 1281 334 1281
402 1281 421 1281 421 1304 402 1304
676 1019 708 1019 708 1042 676 1042
268 432 286 432 286 455 268 455
337 582 358 582 358 605 337 605
606 1192 637 1192 637 1215 606 1215
395 1035 426 1035 426 1058 395 1058
605 1059 637 1059 637 1082 605 1082
330 606 362 606 362 629 330 629
469 548 504 548 504 571 469 571
129 867 150 867 150 891 129 891
534 1053 569 1053 569 1077 534 1077
675 1148 713 1148 713 1172 675 1172
339 553 354 553 354 577 339 577
475 636 500 636 500 660 475 660
190 617 232 617 232 641 190 641
189 744 231 744 231 768 189 768
405 1003 422 1003 422 1028 405 1028
194 854 212 854 212 879 194 879
329 1162 355 1162 355 1187 329 1187
137 926 164 926 164 951 137 951
187 768 224 768 224 793 187 793
408 838 418 838 418 863 408 863
128 1024 146 1024 146 1049 128 1049
199 525 218 525 218 550 199 550
620 755 640 755 640 780 620 780
403 385 431 385 431 410 403 410
401 650 434 650 434 675 401 675
461 1067 497 1067 497 1092 461 1092
194 1338 208 1338 208 1364 194 1364
398 864 428 864 428 890 398 890
337 703 356 703 356 729 337 729
549 912 568 912 568 938 549 938
532 1190 570 1190 570 1216 532 1216
470 1178 488 1178 488 1205 470 1205
130 353 163 353 163 380 130 380
533 1094 571 1094 571 1121 533 1121
324 1111 363 1111 363 1138 324 1138
690 987 704 987 704 1014 690 1014
124 380 161 380 161 407 124 407
624 690 635 690 635 717 624 717
622 531 637 531 637 558 622 558
343 366 360 366 360 393 343 393
189 1048 208 1048 208 1075 189 1075
459 1242 492 1242 492 1269 459 1269
396 1190 429 1190 429 1217 396 1217
460 1205 502 1205 502 1232 460 1232
546 741 566 741 566 769 546 769
140 585 169 585 169 613 140 613
673 1187 712 1187 712 1215 673 1215
531 1254 570 1254 570 1282 531 1282
475 733 498 733 498 761 475 761
117 974 158 974 158 1002 117 1002
122 723 151 723 151 752 122 752
120 813 152 813 152 842 120 842
676 1240 709 1240 709 1269 676 1269
614 418 651 418 651 447 614 447
318 1187 357 1187 357 1216 318 1216
390 1070 431 1070 431 1099 390 1099
126 838 145 838 145 867 126 867
399 1379 423 1379 423 1408 399 1408
462 1309 491 1309 491 1338 462 1338
119 893 155 893 155 922 119 922
111 1279 151 1279 151 1308 111 1308
120 617 164 617 164 646 120 646
333 806 353 806 353 835 333 835
612 780 646 780 646 809 612 809
691 1093 725 1093 725 1122 691 1122
329 496 370 496 370 525 329 525
687 1210 704 1210 704 1240 687 1240
544 711 573 711 573 741 544 741
396 971 429 971 429 1001 396 1001
183 937 223 937 223 967 183 967
461 704 507 704 507 734 461 734
465 952 515 952 515 982 465 982
410 807 435 807 435 837 410 837
679 587 718 587 718 617 679 617
529 1016 577 1016 577 1046 529 1046
459 1340 491 1340 491 1371 459 1371
400 517 435 517 435 548 400 548
531 1355 571 1355 571 1386 531 1386
133 1136 162 1136 162 1167 133 1167
526 1324 569 1324 569 1355 526 1355
612 931 636 931 636 962 612 962
192 490 225 490 225 521 192 521
543 536 576 536 576 567 543 567
183 1214 217 1214 217 1245 183 1245
545 500 572 500 572 532 545 532
125 470 159 470 159 502 125 502
116 1083 152 1083 152 1115 116 1115
469 871 495 871 495 903 469 903
609 1116 639 1116 639 1148 609 1148
183 967 221 967 221 999 183 999
608 851 641 851 641 884 608 884
202 656 216 656 216 689 202 689
127 1049 143 1049 143 1082 127 1082
545 448 577 448 577 481 545 481
546 565 581 565 581 598 546 598
676 892 719 892 719 925 676 925
333 443 364 443 364 476 333 476
394 1348 425 1348 425 1381 394 1381
685 419 719 419 719 452 685 452
396 942 433 942 433 975 396 975
690 453 711 453 711 487 690 487
607 1292 633 1292 633 1326 607 1326
189 329 234 329 234 363 189 363
400 772 430 772 430 807 400 807
322 1369 356 1369 356 1404 322 1404
462 1029 504 1029 504 1064 462 1064
544 932 563 932 563 967 544 967
392 1245 428 1245 428 1280 392 1280
609 559 646 559 646 594 609 594
104 1158 125 1158 125 1193 104 1193
333 330 367 330 367 365 333 365
113 506 138 506 138 542 113 542
609 1217 640 1217 640 1253 609 1253
122 777 161 777 161 813 122 813
894 555 921 555 921 591 894 591
329 409 368 409 368 445 329 445
404 1153 422 1153 422 1190 404 1190
540 832 575 832 575 869 540 869
472 331 508 331 508 368 472 368
324 730 360 730 360 767 324 767
680 826 716 826 716 863 680 863
675 750 718 750 718 787 675 787
185 690 230 690 230 727 185 727
113 1327 162 1327 162 1364 113 1364
116 1364 148 1364 148 1401 116 1401
458 1269 494 1269 494 1306 458 1306
609 650 647 650 647 687 609 687
603 1153 643 1153 643 1190 603 1190
605 814 652 814 652 851 605 851
548 331 573 331 573 368 548 368
681 788 711 788 711 825 681 825
607 1332 642 1332 642 1369 607 1369
328 629 363 629 363 666 328 666
884 594 927 594 927 631 884 631
183 1364 218 1364 218 1402 183 1402
552 407 583 407 583 445 552 445
543 672 578 672 578 710 543 710
190 451 227 451 227 489 190 489
336 836 353 836 353 875 336 875
543 369 578 369 578 408 543 408
603 1083 639 1083 639 1122 603 1122
323 1014 366 1014 366 1053 323 1053
267 455 284 455 284 494 267 494
191 877 212 877 212 916 191 916
327 766 361 766 361 805 327 805
682 927 708 927 708 966 682 966
196 365 225 365 225 404 196 404
607 1020 646 1020 646 1059 607 1059
681 542 721 542 721 581 681 581
544 1214 564 1214 564 1254 544 1254
682 663 714 663 714 703 682 703
398 1306 431 1306 431 1346 398 1346
611 491 647 491 647 531 611 531
335 1304 353 1304 353 1345 335 1345
461 1093 504 1093 504 1134 461 1134
466 389 510 389 510 430 466 430
682 350 720 350 720 391 682 391
609 713 647 713 647 754 609 754
269 531 294 531 294 573 269 573
184 1106 222 1106 222 1148 184 1148
185 1148 226 1148 226 1190 185 1190
182 1248 227 1248 227 1290 182 1290
329 875 359 875 359 918 329 918
131 1167 157 1167 157 1210 131 1210
346 659 354 659 354 702 346 702
460 1135 504 1135 504 1178 460 1178
609 373 660 373 660 416 609 416
673 1045 712 1045 712 1089 673 1089
468 755 511 755 511 799 468 799
466 660 509 660 509 704 466 704
889 305 941 305 941 349 889 349
259 383 299 383 299 428 259 428
675 704 719 704 719 749 675 749
684 296 728 296 728 341 684 341
684 617 720 617 720 662 684 662
396 724 435 724 435 769 396 769
394 1103 432 1103 432 1149 394 1149
187 408 233 408 233 454 187 454
618 596 645 596 645 642 618 642
890 452 935 452 935 498 890 498
472 905 497 905 497 952 472 952
538 867 574 867 574 914 538 914
323 918 362 918 362 965 323 965
887 403 937 403 937 450 887 450
398 676 435 676 435 723 398 723
543 968 564 968 564 1016 543 1016
462 986 504 986 504 1034 462 1034
777 518 836 518 836 567 777 567
780 454 826 454 826 503 780 503
611 441 645 441 645 490 611 490
891 498 935 498 935 549 891 549
543 621 577 621 577 672 543 672
609 332 659 332 659 383 609 383
182 1291 215 1291 215 1343 182 1343
887 350 934 350 934 402 887 402
607 884 642 884 642 936 607 936
185 1002 225 1002 225 1055 185 1055
261 330 308 330 308 383 261 383
190 807 209 807 209 861 190 861
468 819 499 819 499 873 468 873
121 646 156 646 156 700 121 700
400 890 429 890 429 945 400 945
680 487 716 487 716 543 680 543
476 428 503 428 503 488 476 488
472 568 505 568 505 630 472 630
608 962 645 962 645 1026 608 1026
540 771 575 771 575 837 540 837
