508 375 516 375 516 384 508 384
510 615 519 615 519 626 510 626
542 495 567 495 567 509 542 509
136 399 153 399 153 414 136 414
829 1051 848 1051 848 1066 829 1066
623 647 640 647 640 662 623 662
690 1391 708 1391 708 1406 690 1406
616 317 631 317 631 332 616 332
851 1337 867 1337 867 1352 851 1352
273 378 291 378 291 393 273 393
279 1198 296 1198 296 1214 279 1214
753 870 770 870 770 886 753 886
350 770 368 770 368 786 350 786
277 844 297 844 297 860 277 860
199 857 226 857 226 873 199 873
759 1325 778 1325 778 1342 759 1342
323 495 349 495 349 512 323 512
543 420 571 420 571 437 543 437
346 1161 364 1161 364 1178 346 1178
202 682 220 682 220 699 202 699
205 1098 224 1098 224 1116 205 1116
686 672 708 672 708 690 686 690
757 383 775 383 775 401 757 401
688 1109 708 1109 708 1127 688 1127
486 1077 503 1077 503 1096 486 1096
823 789 843 789 843 808 823 808
141 824 165 824 165 843 141 843
358 587 382 587 382 606 358 606
814 323 850 323 850 342 814 342
825 706 844 706 844 726 825 726
263 873 301 873 301 893 263 893
192 1264 236 1264 236 1284 192 1284
688 1020 708 1020 708 1040 688 1040
618 761 645 761 645 781 618 781
128 1302 164 1302 164 1322 128 1322
616 379 639 379 639 400 616 400
480 496 496 496 496 517 480 517
274 1289 297 1289 297 1310 274 1310
481 931 500 931 500 953 481 953
554 1354 570 1354 570 1376 554 1376
820 385 841 385 841 407 820 407
749 894 776 894 776 916 749 916
824 1075 851 1075 851 1097 824 1097
681 1047 716 1047 716 1069 681 1069
539 1046 577 1046 577 1068 539 1068
137 315 149 315 149 338 137 338
541 933 574 933 574 956 541 956
198 708 232 708 232 731 198 731
404 934 440 934 440 957 404 957
835 1238 852 1238 852 1261 835 1261
613 669 641 669 641 692 613 692
749 1350 783 1350 783 1373 749 1373
139 1053 156 1053 156 1076 139 1076
125 338 153 338 153 361 125 361
55 526 93 526 93 549 55 549
622 444 635 444 635 468 622 468
753 513 767 513 767 537 753 537
269 316 284 316 284 340 269 340
686 747 707 747 707 771 686 771
829 988 842 988 842 1012 829 1012
344 960 360 960 360 984 344 984
131 1276 157 1276 157 1300 131 1300
545 1292 576 1292 576 1316 545 1316
622 1317 636 1317 636 1342 622 1342
549 1323 581 1323 581 1348 549 1348
752 410 785 410 785 435 752 435
265 713 298 713 298 738 265 738
542 348 573 348 573 373 542 373
542 1229 573 1229 573 1254 542 1254
675 695 706 695 706 720 675 720
135 1342 149 1342 149 1367 135 1367
755 804 773 804 773 829 755 829
193 1340 228 1340 228 1365 193 1365
620 1075 633 1075 633 1101 620 1101
691 815 706 815 706 841 691 841
137 1103 158 1103 158 1129 137 1129
680 606 701 606 701 632 680 632
342 1307 363 1307 363 1333 342 1333
132 1076 164 1076 164 1102 132 1102
277 1007 291 1007 291 1033 277 1033
128 1255 161 1255 161 1281 128 1281
615 1382 648 1382 648 1408 615 1408
673 494 711 494 711 520 673 520
472 592 511 592 511 618 472 618
415 1155 428 1155 428 1182 415 1182
341 701 357 701 357 728 341 728
202 1007 218 1007 218 1034 202 1034
756 979 782 979 782 1006 756 1006
266 503 296 503 296 530 266 530
681 720 717 720 717 747 681 747
825 850 839 850 839 877 825 877
415 696 431 696 431 723 415 723
412 568 431 568 431 595 412 595
270 1033 295 1033 295 1060 270 1060
540 1016 570 1016 570 1043 540 1043
279 1312 295 1312 295 1339 279 1339
755 566 775 566 775 593 755 593
682 411 709 411 709 438 682 438
271 1339 301 1339 301 1366 271 1366
682 1264 713 1264 713 1291 682 1291
57 498 90 498 90 525 57 525
197 316 231 316 231 343 197 343
539 661 575 661 575 688 539 688
760 1049 774 1049 774 1077 760 1077
475 1306 505 1306 505 1334 475 1334
342 1096 359 1096 359 1124 342 1124
133 910 161 910 161 938 133 938
744 535 774 535 774 563 744 563
278 530 293 530 293 558 278 558
269 778 288 778 288 806 269 806
474 380 507 380 507 408 474 408
331 321 369 321 369 349 331 349
363 558 373 558 373 587 363 587
347 1278 362 1278 362 1307 347 1307
750 318 766 318 766 347 750 347
621 1223 640 1223 640 1252 621 1252
403 600 437 600 437 629 403 629
814 725 852 725 852 754 814 754
126 600 174 600 174 629 126 629
359 528 381 528 381 557 359 557
132 366 156 366 156 395 132 395
478 1176 504 1176 504 1205 478 1205
548 1145 576 1145 576 1174 548 1174
470 663 509 663 509 692 470 692
606 501 649 501 649 530 606 530
273 473 297 473 297 503 273 503
273 557 297 557 297 587 273 587
616 470 641 470 641 500 616 500
471 350 499 350 499 380 471 380
752 949 782 949 782 979 752 979
821 1137 854 1137 854 1167 821 1167
137 876 156 876 156 906 137 906
692 1131 711 1131 711 1161 692 1161
338 1183 365 1183 365 1213 338 1213
196 611 226 611 226 641 196 641
194 1034 225 1034 225 1064 194 1064
750 1077 784 1077 784 1107 750 1107
478 1380 513 1380 513 1410 478 1410
403 770 439 770 439 800 403 800
129 941 165 941 165 971 129 971
127 1227 164 1227 164 1257 127 1257
621 825 636 825 636 855 621 855
754 1110 781 1110 781 1140 754 1140
338 985 368 985 368 1015 338 1015
683 1334 718 1334 718 1364 683 1364
268 1219 306 1219 306 1249 268 1249
137 529 150 529 150 560 137 560
481 899 498 899 498 930 481 930
201 1309 221 1309 221 1340 201 1340
748 630 777 630 777 661 748 661
406 631 438 631 438 662 406 662
819 1103 853 1103 853 1134 819 1134
544 777 580 777 580 808 544 808
815 1016 851 1016 851 1047 815 1047
406 1089 442 1089 442 1120 406 1120
747 1295 784 1295 784 1326 747 1326
128 459 167 459 167 490 128 490
66 425 79 425 79 456 66 456
683 841 713 841 713 872 683 872
820 877 850 877 850 908 820 908
684 957 715 957 715 988 684 988
545 848 577 848 577 879 545 879
270 934 303 934 303 965 270 965
57 686 97 686 97 717 57 717
621 572 636 572 636 604 621 604
207 1154 222 1154 222 1186 207 1186
203 778 218 778 218 810 203 810
413 500 433 500 433 532 413 532
201 578 221 578 221 610 201 610
340 1213 364 1213 364 1245 340 1245
131 757 158 757 158 789 131 789
267 1140 298 1140 298 1172 267 1172
196 1119 228 1119 228 1151 196 1151
614 968 648 968 648 1000 614 1000
818 1381 856 1381 856 1413 818 1413
402 859 441 859 441 891 402 891
479 825 506 825 506 857 479 857
198 1062 226 1062 226 1094 198 1094
749 917 787 917 787 949 749 949
399 479 442 479 442 511 399 511
474 1044 502 1044 502 1076 474 1076
613 856 642 856 642 888 613 888
407 955 439 955 439 987 407 987
749 1264 781 1264 781 1296 749 1296
616 1254 649 1254 649 1286 616 1286
197 517 235 517 235 549 197 549
611 934 656 934 656 966 611 966
749 594 778 594 778 627 749 627
408 439 438 439 438 472 408 472
548 1376 580 1376 580 1409 548 1409
126 683 165 683 165 716 126 716
66 391 81 391 81 424 66 424
334 1124 368 1124 368 1157 334 1157
404 386 440 386 440 419 404 419
259 341 295 341 295 374 259 374
267 1167 303 1167 303 1200 267 1200
265 1064 309 1064 309 1097 265 1097
142 842 158 842 158 876 142 876
145 1320 164 1320 164 1354 145 1354
406 1121 436 1121 436 1155 406 1155
130 790 167 790 167 824 130 824
814 754 855 754 855 788 814 788
817 1349 863 1349 863 1383 817 1383
618 726 645 726 645 760 618 760
816 664 849 664 849 698 816 698
821 1168 859 1168 859 1202 821 1202
416 532 431 532 431 566 416 566
748 347 770 347 770 381 748 381
746 832 776 832 776 866 746 866
336 390 369 390 369 424 336 424
747 438 783 438 783 472 747 472
679 924 717 924 717 958 679 958
57 551 97 551 97 585 57 585
274 437 290 437 290 472 274 472
199 640 226 640 226 675 199 675
683 986 713 986 713 1021 683 1021
674 632 710 632 710 667 674 667
193 1283 231 1283 231 1318 193 1318
264 635 303 635 303 670 264 670
470 1101 511 1101 511 1136 470 1136
841 1203 849 1203 849 1238 841 1238
686 375 708 375 708 410 686 410
762 1373 785 1373 785 1408 762 1408
689 1071 713 1071 713 1106 689 1106
615 1102 643 1102 643 1137 615 1137
264 402 298 402 298 437 264 437
542 1255 576 1255 576 1290 542 1290
611 693 652 693 652 728 611 728
823 589 843 589 843 625 823 625
476 518 500 518 500 554 476 554
681 1232 708 1232 708 1268 681 1268
749 1226 779 1226 779 1262 749 1262
677 317 709 317 709 353 677 353
607 341 639 341 639 377 607 377
199 545 224 545 224 581 199 581
816 1312 852 1312 852 1348 816 1348
745 1189 784 1189 784 1225 745 1225
203 1186 218 1186 218 1222 203 1222
816 810 842 810 842 846 816 846
820 626 847 626 847 662 820 662
206 381 219 381 219 418 206 418
137 1014 157 1014 157 1051 137 1051
203 344 225 344 225 381 203 381
133 1367 155 1367 155 1404 133 1404
817 346 847 346 847 383 817 383
611 1044 644 1044 644 1081 611 1081
537 688 571 688 571 725 537 725
682 1357 716 1357 716 1394 682 1394
680 1203 715 1203 715 1240 680 1240
542 814 583 814 583 851 542 851
279 1252 294 1252 294 1289 279 1289
417 1220 434 1220 434 1257 417 1257
203 1227 223 1227 223 1264 203 1264
612 784 640 784 640 821 612 821
746 473 776 473 776 510 746 510
818 957 852 957 852 994 818 994
197 969 232 969 232 1006 197 1006
815 556 851 556 851 593 815 593
265 672 301 672 301 709 265 709
402 661 440 661 440 698 402 698
262 738 305 738 305 775 262 775
408 1182 438 1182 438 1220 408 1220
406 988 439 988 439 1026 406 1026
633 1287 640 1287 640 1325 633 1325
487 554 495 554 495 592 487 592
340 878 372 878 372 916 340 916
131 422 163 422 163 460 131 460
812 460 854 460 854 498 812 498
404 800 447 800 447 838 404 838
335 1336 378 1336 378 1374 335 1374
608 604 643 604 643 642 608 642
351 489 388 489 388 527 351 527
743 723 783 723 783 761 743 761
150 717 162 717 162 756 150 756
345 1246 364 1246 364 1285 345 1285
341 797 361 797 361 836 341 836
616 1001 648 1001 648 1040 616 1040
263 804 300 804 300 843 263 843
606 533 650 533 650 572 606 572
696 346 708 346 708 385 696 385
138 488 154 488 154 527 138 527
330 560 353 560 353 599 330 599
338 1371 385 1371 385 1410 338 1410
427 402 440 402 440 442 427 442
485 785 500 785 500 825 485 825
620 1342 645 1342 645 1382 620 1382
478 1135 503 1135 503 1175 478 1175
682 772 708 772 708 812 682 812
335 728 370 728 370 768 335 768
266 966 302 966 302 1006 266 1006
335 609 376 609 376 649 335 649
549 1065 562 1065 562 1105 549 1105
64 777 91 777 91 817 64 817
335 837 370 837 370 877 335 877
476 452 512 452 512 492 476 492
751 1006 776 1006 776 1046 751 1046
195 470 237 470 237 510 195 510
478 743 513 743 513 784 478 784
674 522 712 522 712 563 674 563
275 893 295 893 295 934 275 934
61 347 83 347 83 388 61 388
326 522 348 522 348 563 326 563
815 414 841 414 841 455 815 455
544 613 573 613 573 654 544 654
477 620 511 620 511 661 477 661
268 589 303 589 303 630 268 630
611 1141 649 1141 649 1182 611 1182
402 891 441 891 441 932 402 932
327 223 371 223 371 264 327 264
611 402 636 402 636 444 611 444
56 454 92 454 92 496 56 496
809 227 852 227 852 269 809 269
613 1183 646 1183 646 1225 613 1225
201 924 237 924 237 966 201 966
470 1336 506 1336 506 1378 470 1378
810 910 854 910 854 952 810 952
202 810 226 810 226 853 202 853
64 587 91 587 91 630 64 630
208 731 228 731 228 774 208 774
332 1017 374 1017 374 1060 332 1060
332 917 376 917 376 960 332 960
188 1367 233 1367 233 1410 188 1410
474 859 510 859 510 903 474 903
126 973 168 973 168 1017 126 1017
469 408 513 408 513 452 469 452
470 963 515 963 515 1007 470 1007
403 723 437 723 437 767 403 767
614 890 654 890 654 934 614 934
404 1027 442 1027 442 1072 404 1072
679 1291 721 1291 721 1336 679 1336
470 1006 507 1006 507 1051 470 1051
559 374 567 374 567 420 559 420
817 507 852 507 852 553 817 553
540 1103 578 1103 578 1149 540 1149
334 1055 372 1055 372 1101 334 1101
332 425 372 425 372 471 332 471
265 1096 307 1096 307 1142 265 1142
341 345 366 345 366 392 341 392
127 555 160 555 160 602 127 602
196 876 228 876 228 923 196 923
673 561 714 561 714 608 673 608
680 873 715 873 715 920 680 920
537 440 572 440 572 488 537 488
195 419 233 419 233 467 195 467
743 760 786 760 786 809 743 809
472 693 513 693 513 742 472 742
333 651 369 651 369 701 333 701
126 1179 166 1179 166 1229 126 1229
747 1139 787 1139 787 1189 747 1189
547 878 576 878 576 929 547 929
825 1263 854 1263 854 1315 825 1315
127 1130 166 1130 166 1182 127 1182
687 1151 699 1151 699 1204 687 1204
673 439 712 439 712 492 673 492
59 632 87 632 87 686 59 686
545 725 573 725 573 779 545 779
126 633 161 633 161 687 126 687
539 564 579 564 579 620 539 620
746 662 786 662 786 719 746 719
55 717 97 717 97 775 55 775
