436 1282 449 1282 449 1295 436 1295
161 799 174 799 174 813 161 813
215 320 245 320 245 334 215 334
633 590 657 590 657 605 633 605
217 470 243 470 243 485 217 485
691 991 735 991 735 1006 691 1006
216 366 244 366 244 382 216 382
94 721 111 721 111 738 94 738
566 699 588 699 588 716 566 716
353 725 382 725 382 742 353 742
764 583 794 583 794 600 764 600
281 358 320 358 320 375 281 375
351 367 393 367 393 384 351 384
221 1316 239 1316 239 1333 221 1333
85 1243 111 1243 111 1260 85 1260
766 919 794 919 794 936 766 936
158 355 169 355 169 373 158 373
350 1146 383 1146 383 1164 350 1164
569 586 584 586 584 604 569 604
570 1150 585 1150 585 1168 570 1168
701 1334 716 1334 716 1352 701 1352
567 625 600 625 600 643 567 643
857 923 868 923 868 941 857 941
638 375 658 375 658 393 638 393
766 1078 794 1078 794 1096 766 1096
842 1309 861 1309 861 1328 842 1328
96 1062 118 1062 118 1081 96 1081
286 433 313 433 313 452 286 452
353 908 383 908 383 927 353 927
279 1302 312 1302 312 1321 279 1321
641 394 655 394 655 413 641 413
570 904 584 904 584 923 570 923
842 478 863 478 863 497 842 497
762 1011 803 1011 803 1031 762 1031
283 805 316 805 316 825 283 825
861 1019 873 1019 873 1039 861 1039
772 459 786 459 786 479 772 479
838 1089 867 1089 867 1109 838 1109
698 1354 729 1354 729 1374 698 1374
562 604 595 604 595 624 562 624
144 1150 178 1150 178 1170 144 1170
770 1056 788 1056 788 1077 770 1077
700 1004 724 1004 724 1025 700 1025
559 926 592 926 592 947 559 947
347 1295 382 1295 382 1316 347 1316
159 843 171 843 171 864 159 864
506 962 523 962 523 983 506 983
434 1028 451 1028 451 1049 434 1049
358 671 376 671 376 692 358 692
770 1031 790 1031 790 1052 770 1052
148 1095 171 1095 171 1116 148 1116
148 821 184 821 184 842 148 842
226 1086 239 1086 239 1108 226 1108
847 796 862 796 862 818 847 818
703 596 722 596 722 618 703 618
704 1054 723 1054 723 1076 704 1076
639 321 666 321 666 343 639 343
705 1076 722 1076 722 1098 705 1098
564 462 589 462 589 484 564 484
277 1121 323 1121 323 1143 277 1143
772 662 789 662 789 684 772 684
364 389 381 389 381 411 364 411
844 402 861 402 861 424 844 424
91 1010 109 1010 109 1032 91 1032
154 1210 172 1210 172 1232 154 1232
695 353 726 353 726 375 695 375
216 539 249 539 249 561 216 561
144 334 181 334 181 356 144 356
437 572 449 572 449 595 437 595
645 646 657 646 657 669 645 669
641 1299 654 1299 654 1322 641 1322
569 779 586 779 586 802 569 802
844 1064 862 1064 862 1087 844 1087
349 927 384 927 384 950 349 950
430 1050 457 1050 457 1073 430 1073
215 340 244 340 244 363 215 363
774 862 788 862 788 886 774 886
706 658 725 658 725 682 706 682
494 1137 518 1137 518 1161 494 1161
838 422 866 422 866 446 838 446
700 719 730 719 730 743 700 743
424 726 461 726 461 750 424 750
638 1147 653 1147 653 1171 638 1171
92 827 111 827 111 851 92 851
644 934 665 934 665 958 644 958
637 439 659 439 659 463 637 463
425 773 459 773 459 797 425 797
214 418 249 418 249 442 214 442
209 1264 247 1264 247 1288 209 1288
276 453 315 453 315 477 276 477
73 335 117 335 117 359 73 359
436 1220 449 1220 449 1244 436 1244
293 1067 310 1067 310 1091 293 1091
846 1357 865 1357 865 1381 846 1381
567 1080 592 1080 592 1104 567 1104
694 1200 721 1200 721 1224 694 1224
352 587 381 587 381 611 352 611
213 1238 243 1238 243 1262 213 1262
576 348 591 348 591 373 576 373
565 1013 597 1013 597 1038 565 1038
420 1073 464 1073 464 1098 420 1098
426 633 454 633 454 658 426 658
426 1310 455 1310 455 1335 426 1335
633 415 665 415 665 440 633 440
561 807 594 807 594 832 561 832
422 900 455 900 455 925 422 925
693 1177 732 1177 732 1202 693 1202
359 817 375 817 375 843 359 843
224 629 243 629 243 655 224 655
282 1214 308 1214 308 1240 282 1240
630 493 660 493 660 519 630 519
349 1328 381 1328 381 1354 349 1354
697 876 730 876 730 902 697 902
349 1242 385 1242 385 1268 349 1268
565 438 602 438 602 464 565 464
424 1145 461 1145 461 1171 424 1171
503 1254 518 1254 518 1280 503 1280
289 1094 310 1094 310 1120 289 1120
79 409 109 409 109 435 79 435
217 1288 249 1288 249 1314 217 1314
774 1202 790 1202 790 1228 774 1228
351 1063 378 1063 378 1089 351 1089
217 440 245 440 245 466 217 466
149 526 178 526 178 552 149 552
280 1240 311 1240 311 1266 280 1266
85 955 118 955 118 981 85 981
424 1001 459 1001 459 1027 424 1027
774 714 787 714 787 741 774 741
503 1015 520 1015 520 1042 503 1042
500 574 518 574 518 601 500 601
496 546 525 546 525 573 496 573
633 1030 664 1030 664 1057 633 1057
630 1352 666 1352 666 1379 630 1379
83 982 120 982 120 1009 83 1009
76 1295 121 1295 121 1322 76 1322
357 1026 375 1026 375 1053 357 1053
349 1351 374 1351 374 1378 349 1378
286 975 311 975 311 1002 286 1002
632 958 661 958 661 985 632 985
147 968 179 968 179 995 147 995
694 1026 727 1026 727 1053 694 1053
833 1107 871 1107 871 1134 833 1134
76 923 126 923 126 950 76 950
437 484 447 484 447 512 437 512
93 666 106 666 106 694 93 694
846 498 861 498 861 526 846 526
286 381 315 381 315 409 286 409
562 750 596 750 596 778 562 778
349 1090 383 1090 383 1118 349 1118
558 832 594 832 594 860 558 860
233 483 241 483 241 511 233 511
241 1361 252 1361 252 1389 241 1389
637 1203 650 1203 650 1231 637 1231
290 519 305 519 305 547 290 547
157 742 173 742 173 770 157 770
844 648 861 648 861 676 844 676
163 407 169 407 169 435 163 435
707 462 727 462 727 490 707 490
294 408 319 408 319 436 294 436
148 999 179 999 179 1027 148 1027
494 1191 525 1191 525 1219 494 1219
353 612 386 612 386 640 353 640
704 902 721 902 721 931 704 931
765 982 792 982 792 1011 765 1011
354 1118 383 1118 383 1147 354 1147
214 1141 243 1141 243 1170 214 1170
496 1104 526 1104 526 1133 496 1133
216 1211 247 1211 247 1240 216 1240
425 543 457 543 457 572 425 572
216 1334 249 1334 249 1363 216 1363
630 784 664 784 664 813 630 813
634 669 668 669 668 698 634 698
439 744 452 744 452 773 439 773
362 693 376 693 376 722 362 722
633 1322 656 1322 656 1351 633 1351
768 886 794 886 794 915 768 915
423 414 451 414 451 443 423 443
705 814 734 814 734 843 705 843
492 692 525 692 525 721 492 721
493 1043 527 1043 527 1072 493 1072
144 1064 179 1064 179 1093 144 1093
834 1277 872 1277 872 1306 834 1306
762 1097 801 1097 801 1126 762 1126
574 665 587 665 587 695 574 695
223 1108 241 1108 241 1138 223 1138
90 1032 110 1032 110 1062 90 1062
761 325 789 325 789 355 761 355
632 907 662 907 662 937 632 937
696 960 727 960 727 990 696 990
350 1211 381 1211 381 1241 350 1241
632 463 664 463 664 493 632 493
281 1002 313 1002 313 1032 281 1032
85 691 120 691 120 721 85 721
146 766 183 766 183 796 146 796
159 496 174 496 174 526 159 526
707 526 722 526 722 556 707 556
576 1103 596 1103 596 1133 576 1133
698 1150 724 1150 724 1180 698 1180
629 1269 657 1269 657 1299 629 1299
146 437 174 437 174 467 146 467
350 1180 386 1180 386 1210 350 1210
426 510 463 510 463 540 426 540
426 598 465 598 465 628 426 628
574 978 587 978 587 1008 574 1008
502 1223 517 1223 517 1253 502 1253
496 427 520 427 520 457 496 457
700 843 725 843 725 873 700 873
352 641 382 641 382 671 352 671
630 1173 661 1173 661 1203 630 1203
492 984 525 984 525 1014 492 1014
559 719 593 719 593 749 559 749
216 1057 252 1057 252 1087 216 1087
765 1344 801 1344 801 1374 765 1374
760 394 799 394 799 424 760 424
838 852 877 852 877 882 838 882
557 1174 603 1174 603 1204 557 1204
435 383 442 383 442 414 435 414
293 1315 304 1315 304 1346 293 1346
841 939 858 939 858 970 841 970
285 1346 312 1346 312 1377 285 1377
154 864 183 864 183 895 154 895
151 897 181 897 181 928 151 928
839 1216 870 1216 870 1247 839 1247
437 833 468 833 468 864 437 864
146 1233 180 1233 180 1264 146 1264
694 322 729 322 729 353 694 353
146 1117 185 1117 185 1148 146 1148
82 891 123 891 123 922 82 922
156 464 171 464 171 495 156 495
571 485 595 485 595 516 571 516
352 1266 381 1266 381 1297 352 1297
565 407 595 407 595 438 565 438
697 1259 731 1259 731 1290 697 1290
491 1161 528 1161 528 1192 491 1192
431 694 458 694 458 725 431 725
632 343 661 343 661 374 632 374
280 738 312 738 312 769 280 769
563 515 599 515 599 546 563 546
835 1137 874 1137 874 1168 835 1168
712 744 728 744 728 776 712 776
285 1269 307 1269 307 1301 285 1301
701 1224 728 1224 728 1256 701 1256
839 1247 869 1247 869 1279 839 1279
761 742 795 742 795 774 761 774
832 446 869 446 869 478 832 478
423 867 460 867 460 899 423 899
428 1344 452 1344 452 1376 428 1376
289 1032 314 1032 314 1064 289 1064
89 852 115 852 115 884 89 884
154 1031 182 1031 182 1063 154 1063
564 946 594 946 594 978 564 978
839 818 870 818 870 850 839 850
214 559 245 559 245 591 214 591
351 840 384 840 384 872 351 872
562 319 596 319 596 351 562 351
356 412 390 412 390 444 356 444
772 629 789 629 789 662 772 662
281 826 320 826 320 859 281 859
629 707 671 707 671 740 629 740
356 744 377 744 377 777 356 777
82 1164 119 1164 119 1197 82 1197
702 682 739 682 739 715 702 715
561 644 599 644 599 677 561 677
91 1082 111 1082 111 1115 91 1115
146 374 173 374 173 407 146 407
694 926 723 926 723 959 694 959
838 677 868 677 868 710 838 710
837 526 878 526 878 559 837 559
580 373 589 373 589 407 580 407
219 507 245 507 245 541 219 541
281 1175 318 1175 318 1209 281 1209
500 392 519 392 519 426 500 426
774 549 795 549 795 583 774 583
427 1245 458 1245 458 1279 427 1279
630 520 662 520 662 554 630 554
765 1228 800 1228 800 1262 765 1262
626 831 669 831 669 865 626 865
844 1029 862 1029 862 1064 844 1064
289 323 313 323 313 358 289 358
836 1328 868 1328 868 1363 836 1363
214 655 248 655 248 690 214 690
695 623 735 623 735 658 695 658
80 485 123 485 123 520 80 520
637 555 658 555 658 590 637 590
769 475 796 475 796 510 769 510
426 658 461 658 461 693 426 693
426 1100 466 1100 466 1135 426 1135
80 745 119 745 119 780 80 780
356 557 395 557 395 593 356 593
625 1232 664 1232 664 1268 625 1268
626 869 669 869 669 905 626 905
72 600 120 600 120 636 72 636
708 1291 721 1291 721 1328 708 1328
287 1138 306 1138 306 1175 287 1175
841 365 861 365 861 402 841 402
843 1178 865 1178 865 1215 843 1215
501 886 526 886 526 923 501 923
286 586 312 586 312 623 286 623
761 422 789 422 789 459 761 459
497 1067 528 1067 528 1104 497 1104
763 685 798 685 798 722 763 722
699 489 735 489 735 526 699 526
148 603 185 603 185 640 148 640
624 1110 665 1110 665 1147 624 1147
278 770 319 770 319 807 278 807
348 780 391 780 391 817 348 817
701 556 726 556 726 593 701 593
840 327 870 327 870 364 840 364
766 1265 797 1265 797 1302 766 1302
837 758 871 758 871 795 837 795
79 522 114 522 114 559 79 559
281 701 317 701 317 738 281 738
215 592 252 592 252 629 215 629
772 1123 790 1123 790 1160 772 1160
289 663 310 663 310 700 289 700
287 898 311 898 311 935 287 935
492 721 523 721 523 758 492 758
426 967 457 967 457 1004 426 1004
83 1258 119 1258 119 1295 83 1295
692 776 738 776 738 813 692 813
570 1041 590 1041 590 1079 570 1079
420 286 460 286 460 324 420 324
298 936 305 936 305 974 298 974
767 511 797 511 797 549 767 549
767 1162 800 1162 800 1200 767 1200
573 547 588 547 588 586 573 586
222 780 240 780 240 819 222 819
219 951 247 951 247 990 219 990
628 609 666 609 666 648 628 648
141 290 180 290 180 329 141 329
214 990 256 990 256 1029 214 1029
156 1171 178 1171 178 1210 156 1210
72 288 115 288 115 327 72 327
293 623 308 623 308 662 293 662
781 1302 798 1302 798 1341 781 1341
496 924 524 924 524 963 496 963
350 987 383 987 383 1026 350 1026
79 1202 113 1202 113 1241 79 1241
215 1025 250 1025 250 1064 215 1064
416 444 454 444 454 483 416 483
696 423 737 423 737 462 696 462
281 858 309 858 309 898 281 898
219 1171 247 1171 247 1211 219 1211
354 327 388 327 388 367 354 367
282 479 319 479 319 519 282 519
348 950 387 950 387 990 348 990
554 1123 604 1123 604 1163 554 1163
226 380 234 380 234 420 226 420
838 563 871 563 871 603 838 603
784 599 792 599 792 640 784 640
501 1280 520 1280 520 1321 501 1321
80 635 121 635 121 676 80 676
499 755 519 755 519 796 499 796
349 872 388 872 388 913 349 913
214 739 256 739 256 780 214 780
353 513 397 513 397 554 353 554
158 928 170 928 170 969 158 969
493 799 520 799 520 840 493 840
840 716 869 716 869 757 840 757
283 547 316 547 316 588 283 588
763 821 800 821 800 862 763 862
630 740 662 740 662 782 630 782
494 840 528 840 528 882 494 882
557 1313 594 1313 594 1355 557 1355
77 782 118 782 118 824 77 824
756 355 791 355 791 397 756 397
557 1267 593 1267 593 1309 557 1309
80 560 117 560 117 602 80 602
638 1058 661 1058 661 1101 638 1101
81 362 115 362 115 405 81 405
567 860 582 860 582 903 567 903
765 940 796 940 796 983 765 983
694 377 729 377 729 420 694 420
638 986 660 986 660 1030 638 1030
424 798 459 798 459 842 424 842
838 604 874 604 874 648 838 648
491 601 528 601 528 645 491 645
764 776 803 776 803 820 764 820
230 865 238 865 238 910 230 910
142 696 188 696 188 741 142 741
831 974 872 974 872 1019 831 1019
496 458 522 458 522 504 496 504
491 499 529 499 529 545 491 545
215 819 256 819 256 865 215 865
698 1099 728 1099 728 1145 698 1145
148 557 186 557 186 604 148 604
144 649 186 649 186 696 144 696
217 691 251 691 251 739 217 739
76 1115 120 1115 120 1163 76 1163
500 344 520 344 520 392 500 392
423 1171 458 1171 458 1219 423 1219
837 883 863 883 863 932 837 932
558 1217 594 1217 594 1266 558 1266
489 641 530 641 530 691 489 691
509 1321 517 1321 517 1372 509 1372
83 433 116 433 116 485 83 485
420 331 455 331 455 383 420 383
206 911 249 911 249 963 206 963
80 1324 118 1324 118 1378 80 1378
427 915 458 915 458 974 427 974
