280 706 311 706 311 713 280 713
641 519 663 519 663 532 641 532
282 948 315 948 315 962 282 962
561 486 586 486 586 501 561 501
281 1335 314 1335 314 1350 281 1350
157 904 175 904 175 920 157 920
629 928 652 928 652 944 629 944
558 848 586 848 586 864 558 864
429 453 447 453 447 470 429 470
490 1060 518 1060 518 1077 490 1077
155 1251 173 1251 173 1268 155 1268
275 1135 317 1135 317 1152 275 1152
778 869 790 869 790 887 778 887
903 706 921 706 921 724 903 724
361 727 380 727 380 745 361 745
495 1182 515 1182 515 1200 495 1200
566 371 584 371 584 389 566 389
766 639 785 639 785 657 766 657
157 1065 183 1065 183 1083 157 1083
282 816 310 816 310 834 282 834
564 1360 599 1360 599 1378 564 1378
287 434 306 434 306 453 287 453
156 619 176 619 176 638 156 638
500 566 511 566 511 585 500 585
359 461 380 461 380 480 359 480
832 578 853 578 853 597 832 597
355 1108 376 1108 376 1127 355 1127
493 379 514 379 514 398 493 398
692 975 719 975 719 994 692 994
422 925 452 925 452 944 422 944
619 313 660 313 660 332 619 332
902 1076 921 1076 921 1095 902 1095
143 959 181 959 181 978 143 978
766 1119 785 1119 785 1139 766 1139
631 1079 651 1079 651 1099 631 1099
425 1187 445 1187 445 1207 425 1207
426 836 447 836 447 856 426 856
356 483 385 483 385 503 356 503
497 472 509 472 509 493 497 493
424 1338 439 1338 439 1359 424 1359
493 1206 513 1206 513 1227 493 1227
288 793 309 793 309 814 288 814
284 925 305 925 305 946 284 946
694 1097 718 1097 718 1118 694 1118
491 424 520 424 520 445 491 445
277 1113 310 1113 310 1134 277 1134
645 436 661 436 661 457 645 457
211 427 247 427 247 448 211 448
700 675 717 675 717 696 700 696
623 1263 653 1263 653 1284 623 1284
896 1188 929 1188 929 1209 896 1209
833 342 847 342 847 364 833 364
346 1185 375 1185 375 1207 346 1207
824 389 855 389 855 411 824 411
898 859 925 859 925 881 898 881
143 1041 181 1041 181 1063 143 1063
568 500 580 500 580 522 568 522
291 858 310 858 310 880 291 880
563 1290 582 1290 582 1312 563 1312
353 1010 381 1010 381 1032 353 1032
828 770 858 770 858 792 828 792
755 308 788 308 788 330 755 330
621 1104 657 1104 657 1126 621 1126
565 393 583 393 583 416 565 416
564 758 582 758 582 781 564 781
285 614 300 614 300 637 285 637
495 745 511 745 511 768 495 768
910 1286 932 1286 932 1309 910 1309
898 1102 930 1102 930 1125 898 1125
554 1312 599 1312 599 1335 554 1335
758 815 787 815 787 839 758 839
285 1203 314 1203 314 1227 285 1227
756 221 791 221 791 245 756 245
617 1285 654 1285 654 1309 617 1309
361 903 377 903 377 927 361 927
699 581 716 581 716 605 699 605
564 908 582 908 582 932 564 932
766 1273 784 1273 784 1297 766 1297
219 371 241 371 241 395 219 395
893 881 927 881 927 905 893 905
421 473 457 473 457 497 421 497
754 839 791 839 791 863 754 863
278 483 318 483 318 507 278 507
497 1006 511 1006 511 1030 497 1030
152 926 171 926 171 950 152 950
698 996 717 996 717 1020 698 1020
763 762 783 762 783 786 763 786
642 493 664 493 664 517 642 517
352 601 381 601 381 625 352 625
758 658 791 658 791 682 758 682
487 447 521 447 521 471 487 471
289 1097 301 1097 301 1122 289 1122
698 558 713 558 713 583 698 583
765 1066 780 1066 780 1091 765 1091
426 625 443 625 443 650 426 650
760 1294 791 1294 791 1319 760 1319
279 834 314 834 314 859 279 859
554 550 592 550 592 575 554 575
349 572 388 572 388 597 349 597
902 649 918 649 918 674 902 674
831 522 848 522 848 547 831 547
561 524 588 524 588 549 561 549
358 1279 387 1279 387 1304 358 1304
278 459 311 459 311 484 278 484
144 848 177 848 177 873 144 873
419 975 460 975 460 1000 419 1000
630 1022 646 1022 646 1048 630 1048
146 1014 181 1014 181 1040 146 1040
688 697 723 697 723 723 688 723
892 368 928 368 928 394 892 394
556 967 596 967 596 993 556 993
145 1356 187 1356 187 1382 145 1382
498 401 512 401 512 427 498 427
564 698 580 698 580 724 564 724
696 646 718 646 718 672 696 672
891 342 920 342 920 368 891 368
826 629 858 629 858 655 826 655
213 340 248 340 248 366 213 366
419 497 457 497 457 523 419 523
763 582 780 582 780 608 763 608
688 480 721 480 721 506 688 506
348 1316 381 1316 381 1342 348 1342
355 647 388 647 388 673 355 673
554 1227 589 1227 589 1253 554 1253
420 541 459 541 459 567 420 567
142 1300 184 1300 184 1326 142 1326
348 670 391 670 391 696 348 696
426 1045 442 1045 442 1072 426 1072
286 1147 305 1147 305 1174 286 1174
147 563 182 563 182 590 147 590
566 311 580 311 580 338 566 338
423 896 446 896 446 923 423 923
487 769 520 769 520 796 487 796
488 1263 521 1263 521 1291 488 1291
825 601 861 601 861 629 825 629
755 1319 791 1319 791 1347 755 1347
495 587 509 587 509 615 495 615
631 1236 651 1236 651 1264 631 1264
426 518 453 518 453 546 426 546
895 730 923 730 923 758 895 758
757 1088 790 1088 790 1116 757 1116
822 411 859 411 859 439 822 439
224 444 238 444 238 472 224 472
285 345 309 345 309 373 285 373
689 877 724 877 724 905 689 905
419 647 455 647 455 675 419 675
561 1157 578 1157 578 1186 561 1186
355 747 380 747 380 776 355 776
491 613 523 613 523 642 491 642
148 873 180 873 180 902 148 902
560 1330 593 1330 593 1359 560 1359
145 503 180 503 180 532 145 532
773 888 808 888 808 917 773 917
213 398 250 398 250 427 213 427
351 503 388 503 388 532 351 532
351 622 390 622 390 651 351 651
831 364 848 364 848 393 831 393
833 741 851 741 851 770 833 770
752 870 770 870 770 899 752 899
492 1028 518 1028 518 1057 492 1057
560 456 588 456 588 485 560 485
896 673 926 673 926 702 896 702
152 1221 187 1221 187 1250 152 1250
484 974 523 974 523 1003 484 1003
146 262 186 262 186 291 146 291
904 831 918 831 918 860 904 860
223 540 245 540 245 569 223 569
823 792 860 792 860 821 823 821
278 1299 318 1299 318 1328 278 1328
496 679 515 679 515 709 496 709
897 1016 926 1016 926 1046 897 1046
150 1270 183 1270 183 1300 150 1300
623 257 665 257 665 287 623 287
634 332 651 332 651 362 634 362
903 1313 921 1313 921 1343 903 1343
899 1042 928 1042 928 1072 899 1072
690 1066 722 1066 722 1096 690 1096
490 346 522 346 522 376 490 376
216 473 249 473 249 503 216 503
353 925 388 925 388 955 353 955
763 332 780 332 780 363 763 363
558 340 587 340 587 371 558 371
619 1046 652 1046 652 1077 619 1077
145 587 179 587 179 618 145 618
555 1125 590 1125 590 1156 555 1156
352 692 389 692 389 723 352 723
895 987 935 987 935 1018 895 1018
494 495 517 495 517 526 494 526
775 961 803 961 803 992 775 992
422 945 451 945 451 976 422 976
894 539 927 539 927 570 894 570
353 421 388 421 388 452 353 452
697 719 709 719 709 750 697 750
630 1170 643 1170 643 1201 630 1201
488 1076 519 1076 519 1107 488 1107
556 723 588 723 588 754 556 754
693 1258 727 1258 727 1289 693 1289
146 1193 182 1193 182 1224 146 1224
419 1355 455 1355 455 1386 419 1386
148 1084 188 1084 188 1115 148 1115
279 757 321 757 321 788 279 788
562 1021 579 1021 579 1053 562 1053
825 307 854 307 854 339 825 339
489 826 521 826 521 858 489 858
561 816 596 816 596 848 561 848
758 606 793 606 793 638 758 638
420 1238 458 1238 458 1270 420 1270
827 650 869 650 869 682 827 682
417 596 464 596 464 628 417 628
156 748 179 748 179 780 156 780
423 345 453 345 453 377 423 377
896 953 928 953 928 985 896 985
421 565 454 565 454 597 421 597
825 544 859 544 859 576 825 576
622 218 657 218 657 250 622 250
150 1324 171 1324 171 1357 150 1357
903 1210 931 1210 931 1243 903 1243
558 1255 588 1255 588 1288 558 1288
142 386 176 386 176 419 142 419
353 1073 388 1073 388 1106 353 1106
485 941 525 941 525 974 485 974
757 1000 799 1000 799 1033 757 1033
898 426 910 426 910 459 898 459
561 1055 578 1055 578 1088 561 1088
901 1155 922 1155 922 1188 901 1188
626 1202 652 1202 652 1235 626 1235
422 862 453 862 453 895 422 895
351 1343 392 1343 392 1376 351 1376
143 1160 186 1160 186 1193 143 1193
496 1229 512 1229 512 1262 496 1262
348 1207 377 1207 377 1240 348 1240
277 633 310 633 310 666 277 666
625 622 659 622 659 655 625 655
421 415 457 415 457 448 421 448
689 402 729 402 729 435 689 435
145 644 186 644 186 677 145 677
142 532 184 532 184 565 142 565
277 399 320 399 320 432 277 432
632 363 646 363 646 397 632 397
289 373 303 373 303 407 289 407
623 953 655 953 655 987 623 987
287 1349 319 1349 319 1383 287 1383
490 1147 525 1147 525 1181 490 1181
417 684 453 684 453 718 417 718
556 868 594 868 594 902 556 902
619 1308 659 1308 659 1342 619 1342
751 548 794 548 794 582 751 582
350 531 395 531 395 565 350 565
297 1002 311 1002 311 1036 297 1036
694 1149 715 1149 715 1183 694 1183
692 901 716 901 716 935 692 935
833 675 864 675 864 709 833 709
416 1071 452 1071 452 1105 416 1105
823 485 860 485 860 519 823 519
618 742 660 742 660 776 618 776
481 1342 524 1342 524 1376 481 1376
493 790 515 790 515 825 493 825
622 780 658 780 658 815 622 815
691 363 728 363 728 398 691 398
554 989 594 989 594 1024 554 1024
487 708 529 708 529 743 487 743
152 978 173 978 173 1013 152 1013
889 308 923 308 923 343 889 343
141 779 183 779 183 814 141 814
275 542 321 542 321 577 275 577
566 784 579 784 579 819 566 819
901 798 922 798 922 833 901 833
362 344 384 344 384 379 362 379
216 502 247 502 247 537 216 537
280 1227 311 1227 311 1262 280 1262
281 1033 315 1033 315 1068 281 1068
419 799 455 799 455 834 419 834
349 1035 386 1035 386 1070 349 1070
417 1211 458 1211 458 1246 417 1246
903 1342 916 1342 916 1378 903 1378
765 681 787 681 787 717 765 717
292 1064 314 1064 314 1100 292 1100
417 1307 451 1307 451 1343 417 1343
486 529 525 529 525 565 486 565
417 1149 456 1149 456 1185 417 1185
619 986 665 986 665 1022 619 1022
707 1120 716 1120 716 1156 707 1156
902 1242 915 1242 915 1278 902 1278
497 1292 511 1292 511 1328 497 1328
764 786 783 786 783 822 764 822
895 389 927 389 927 425 895 425
692 1294 728 1294 728 1330 692 1330
148 310 187 310 187 346 148 346
888 504 931 504 931 540 888 540
646 457 660 457 660 493 646 493
834 708 848 708 848 744 834 744
628 396 653 396 653 433 628 433
282 1174 316 1174 316 1211 282 1211
147 813 182 813 182 850 147 850
416 1111 455 1111 455 1148 416 1148
494 640 521 640 521 677 494 677
623 1342 658 1342 658 1379 623 1379
563 935 579 935 579 973 563 973
154 422 176 422 176 460 154 460
693 937 725 937 725 975 693 975
278 1263 314 1263 314 1301 278 1301
489 901 518 901 518 939 489 939
776 920 807 920 807 958 776 958
484 862 524 862 524 900 484 900
548 1089 592 1089 592 1127 548 1127
282 503 312 503 312 541 282 541
757 1144 792 1144 792 1182 757 1182
420 758 456 758 456 796 420 796
894 611 931 611 931 649 894 649
350 822 390 822 390 860 350 860
418 377 460 377 460 415 418 415
908 1122 920 1122 920 1161 908 1161
894 251 923 251 923 290 894 290
626 655 659 655 659 694 626 694
488 1108 523 1108 523 1147 488 1147
554 655 590 655 590 694 554 694
141 709 180 709 180 748 141 748
694 1333 733 1333 733 1372 694 1372
213 568 253 568 253 607 213 607
155 675 167 675 167 715 155 715
756 1033 791 1033 791 1073 756 1073
276 573 312 573 312 613 276 613
349 862 386 862 386 902 349 902
144 459 186 459 186 499 144 499
755 900 767 900 767 940 755 940
768 1181 782 1181 782 1221 768 1221
621 534 661 534 661 574 621 574
354 1237 367 1237 367 1277 354 1277
422 719 450 719 450 759 422 759
697 606 720 606 720 647 697 647
627 578 663 578 663 619 627 619
351 380 388 380 388 421 351 421
900 758 916 758 916 799 900 799
420 1269 455 1269 455 1310 420 1310
756 458 799 458 799 499 756 499
145 219 181 219 181 261 145 261
418 1001 456 1001 456 1043 418 1043
156 345 171 345 171 388 156 388
890 459 931 459 931 502 890 502
564 417 580 417 580 460 564 460
619 846 662 846 662 889 619 889
284 716 311 716 311 760 284 760
281 663 313 663 313 707 281 707
754 502 787 502 787 546 754 546
823 438 857 438 857 482 823 482
690 435 727 435 727 479 690 479
621 807 660 807 660 851 621 851
280 964 308 964 308 1009 280 1009
690 1023 724 1023 724 1068 690 1068
688 827 724 827 724 872 688 872
144 1119 189 1119 189 1164 144 1164
894 908 929 908 929 953 894 953
556 1181 598 1181 598 1226 556 1226
288 878 302 878 302 923 288 923
553 611 594 611 594 656 553 656
756 245 793 245 793 291 756 291
626 693 656 693 656 739 626 739
623 892 666 892 666 938 623 938
368 776 388 776 388 823 368 823
701 776 710 776 710 823 701 823
763 358 790 358 790 405 763 405
628 1124 650 1124 650 1172 628 1172
691 1176 731 1176 731 1224 691 1224
698 738 720 738 720 786 698 786
691 509 721 509 721 557 691 557
353 957 384 957 384 1009 353 1009
770 709 777 709 777 762 770 762
345 1130 375 1130 375 1184 345 1184
765 404 774 404 774 458 765 458
768 1205 776 1205 776 1267 768 1267
