212 929 222 929 222 936 212 936
143 793 157 793 157 803 143 803
257 625 278 625 278 635 257 635
702 1156 721 1156 721 1168 702 1168
119 568 143 568 143 580 119 580
121 406 143 406 143 418 121 418
776 1127 785 1127 785 1139 776 1139
826 332 840 332 840 344 826 344
187 562 211 562 211 574 187 574
611 624 636 624 636 636 611 636
405 1287 419 1287 419 1300 405 1300
899 941 915 941 915 954 899 954
612 1059 640 1059 640 1072 612 1072
131 1288 144 1288 144 1301 131 1301
263 1296 286 1296 286 1309 263 1309
546 1304 562 1304 562 1318 546 1318
404 877 419 877 419 891 404 891
473 1154 490 1154 490 1168 473 1168
895 1391 919 1391 919 1405 895 1405
625 404 633 404 633 418 625 418
829 1272 843 1272 843 1287 829 1287
337 1078 352 1078 352 1093 337 1093
758 555 774 555 774 570 758 570
336 697 352 697 352 712 336 712
547 880 563 880 563 895 547 895
402 451 419 451 419 466 402 466
615 1387 649 1387 649 1402 615 1402
187 404 212 404 212 420 187 420
195 676 210 676 210 692 195 692
823 808 848 808 848 824 823 824
687 687 699 687 699 704 687 704
611 1002 640 1002 640 1020 611 1020
539 1119 570 1119 570 1137 539 1137
464 678 493 678 493 696 464 696
542 418 555 418 555 437 542 437
476 612 491 612 491 631 476 631
123 678 142 678 142 697 123 697
819 1349 853 1349 853 1368 819 1368
821 1291 850 1291 850 1310 821 1310
544 362 564 362 564 382 544 382
892 1107 918 1107 918 1127 892 1127
614 834 641 834 641 854 614 854
329 718 357 718 357 738 329 738
829 1216 846 1216 846 1236 829 1236
756 1058 773 1058 773 1078 756 1078
330 891 356 891 356 911 330 911
683 1068 712 1068 712 1088 683 1088
549 1096 563 1096 563 1116 549 1116
258 1322 294 1322 294 1342 258 1342
195 1051 213 1051 213 1072 195 1072
191 786 219 786 219 807 191 807
329 1100 361 1100 361 1121 329 1121
536 1139 570 1139 570 1160 536 1160
125 499 142 499 142 520 125 520
748 622 781 622 781 643 748 643
394 746 432 746 432 768 394 768
128 1187 146 1187 146 1209 128 1209
888 523 921 523 921 545 888 545
390 938 427 938 427 960 390 960
181 456 222 456 222 478 181 478
534 938 575 938 575 961 534 961
687 507 701 507 701 530 687 530
618 885 633 885 633 908 618 908
123 366 142 366 142 389 123 389
463 335 499 335 499 358 463 358
329 1154 361 1154 361 1178 329 1178
820 1029 853 1029 853 1053 820 1053
394 619 429 619 429 643 394 643
251 442 288 442 288 466 251 466
760 676 768 676 768 700 760 700
620 943 637 943 637 967 620 967
897 498 915 498 915 522 897 522
337 1244 357 1244 357 1268 337 1268
749 728 777 728 777 752 749 752
897 1082 914 1082 914 1107 897 1107
682 1343 709 1343 709 1368 682 1368
331 1267 360 1267 360 1292 331 1292
608 568 638 568 638 593 608 593
393 1019 427 1019 427 1044 393 1044
253 731 296 731 296 756 253 756
829 580 841 580 841 605 829 605
337 864 355 864 355 889 337 889
538 1353 571 1353 571 1378 538 1378
543 1247 559 1247 559 1272 543 1272
755 491 773 491 773 516 755 516
540 1378 569 1378 569 1403 540 1403
187 1331 222 1331 222 1356 187 1356
886 545 923 545 923 570 886 570
462 1207 504 1207 504 1232 462 1232
536 1033 566 1033 566 1059 536 1059
123 1101 154 1101 154 1127 123 1127
403 815 419 815 419 841 403 841
544 562 564 562 564 588 544 588
192 1187 212 1187 212 1213 192 1213
752 328 773 328 773 354 752 354
468 1238 493 1238 493 1264 468 1264
330 1214 361 1214 361 1240 330 1240
753 915 785 915 785 941 753 941
749 752 781 752 781 778 749 778
113 1312 154 1312 154 1338 113 1338
127 1227 143 1227 143 1254 127 1254
542 1004 568 1004 568 1031 542 1031
684 1316 714 1316 714 1343 684 1343
535 336 572 336 572 363 535 363
115 1375 158 1375 158 1402 115 1402
263 1227 282 1227 282 1254 263 1254
824 712 851 712 851 739 824 739
398 1099 427 1099 427 1126 398 1126
118 942 151 942 151 969 118 969
129 1127 142 1127 142 1154 129 1154
752 702 772 702 772 729 752 729
896 965 917 965 917 992 896 992
616 973 638 973 638 1000 616 1000
332 1019 355 1019 355 1046 332 1046
814 422 850 422 850 449 814 449
252 383 289 383 289 410 252 410
467 1322 495 1322 495 1350 467 1350
323 1292 360 1292 360 1320 323 1320
743 426 791 426 791 454 743 454
896 878 914 878 914 906 896 906
401 386 420 386 420 414 401 414
817 547 851 547 851 575 817 575
888 760 924 760 924 788 888 788
474 1264 486 1264 486 1293 474 1293
474 1293 488 1293 488 1322 474 1322
473 384 488 384 488 413 473 413
333 629 349 629 349 658 333 658
191 1266 214 1266 214 1295 191 1295
537 1274 571 1274 571 1303 537 1303
252 1004 288 1004 288 1033 252 1033
321 914 362 914 362 943 321 943
472 511 486 511 486 540 472 540
404 680 418 680 418 709 404 709
822 488 843 488 843 517 822 517
820 911 853 911 853 940 820 940
252 812 287 812 287 841 252 841
114 625 154 625 154 654 114 654
260 1159 279 1159 279 1188 260 1188
687 971 708 971 708 1000 687 1000
118 326 145 326 145 355 118 355
890 1359 919 1359 919 1388 890 1388
753 1138 784 1138 784 1167 753 1167
117 1157 151 1157 151 1186 117 1186
604 592 641 592 641 621 604 621
250 412 289 412 289 441 250 441
820 1084 862 1084 862 1113 820 1113
694 1000 705 1000 705 1030 694 1030
694 1285 706 1285 706 1315 694 1315
261 1369 290 1369 290 1399 261 1399
256 699 286 699 286 729 256 729
884 1127 920 1127 920 1157 884 1157
605 855 646 855 646 885 605 885
756 357 769 357 769 387 756 387
335 335 354 335 354 365 335 365
476 447 506 447 506 477 476 477
682 1255 715 1255 715 1285 682 1285
812 517 854 517 854 547 812 547
404 1225 418 1225 418 1256 404 1256
685 403 702 403 702 434 685 434
541 815 562 815 562 846 541 846
400 953 428 953 428 984 400 984
257 1033 289 1033 289 1064 257 1064
462 1177 496 1177 496 1208 462 1208
603 1020 639 1020 639 1051 603 1051
897 1324 912 1324 912 1355 897 1355
406 1067 422 1067 422 1098 406 1098
121 521 143 521 143 552 121 552
395 1254 426 1254 426 1285 395 1285
121 1254 152 1254 152 1285 121 1285
821 996 858 996 858 1027 821 1027
322 947 365 947 365 978 322 978
693 473 701 473 701 504 693 504
617 538 629 538 629 569 617 569
334 829 350 829 350 860 334 860
201 1357 222 1357 222 1388 201 1388
395 710 426 710 426 741 395 741
326 766 360 766 360 797 326 797
679 1088 715 1088 715 1119 679 1119
253 1196 294 1196 294 1227 253 1227
527 383 573 383 573 414 527 414
268 1336 282 1336 282 1368 268 1368
827 776 842 776 842 808 827 808
685 939 705 939 705 971 685 971
824 1369 858 1369 858 1401 824 1401
322 363 357 363 357 395 322 395
184 424 221 424 221 456 184 456
460 696 497 696 497 728 460 728
194 1373 210 1373 210 1405 194 1405
691 1031 707 1031 707 1063 691 1063
622 1164 645 1164 645 1196 622 1196
331 1121 356 1121 356 1153 331 1153
464 411 492 411 492 443 464 443
818 1052 854 1052 854 1084 818 1084
748 1085 788 1085 788 1117 748 1117
675 654 716 654 716 686 675 686
603 472 652 472 652 504 603 504
617 910 635 910 635 943 617 943
748 388 778 388 778 421 748 421
611 1197 645 1197 645 1230 611 1230
187 713 222 713 222 746 187 746
534 747 569 747 569 780 534 780
117 455 154 455 154 488 117 488
741 643 779 643 779 676 741 676
534 902 573 902 573 935 534 935
265 586 277 586 277 619 265 619
690 568 704 568 704 601 690 601
682 1126 719 1126 719 1159 682 1159
196 1072 214 1072 214 1105 196 1105
753 518 780 518 780 551 753 551
187 1295 220 1295 220 1328 187 1328
466 541 500 541 500 574 466 574
536 1324 570 1324 570 1357 536 1357
828 386 840 386 840 420 828 420
612 369 642 369 642 403 612 403
326 1044 360 1044 360 1078 326 1078
536 1059 572 1059 572 1093 536 1093
119 749 156 749 156 783 119 783
883 680 930 680 930 714 883 714
546 961 561 961 561 995 546 995
472 1088 491 1088 491 1122 472 1122
193 516 218 516 218 550 193 550
401 984 427 984 427 1018 401 1018
190 1152 218 1152 218 1186 190 1186
612 795 641 795 641 829 612 829
610 1229 641 1229 641 1263 610 1263
887 904 920 904 920 938 887 938
535 842 574 842 574 876 535 876
339 794 356 794 356 829 339 829
399 511 420 511 420 546 399 546
820 605 850 605 850 640 820 640
119 1027 150 1027 150 1062 119 1062
819 1237 851 1237 851 1272 819 1272
327 435 361 435 361 470 327 470
394 842 429 842 429 877 394 877
749 1266 790 1266 790 1301 749 1301
402 582 420 582 420 617 402 617
466 476 497 476 497 511 466 511
120 1065 154 1065 154 1100 120 1100
749 1367 786 1367 786 1402 749 1402
196 479 209 479 209 514 196 514
759 1337 780 1337 780 1372 759 1372
196 365 219 365 219 400 196 400
186 810 217 810 217 845 186 845
462 729 500 729 500 764 462 764
317 402 366 402 366 437 317 437
130 1339 137 1339 137 1375 130 1375
404 1035 418 1035 418 1071 404 1071
613 1133 642 1133 642 1169 613 1169
531 781 578 781 578 817 531 817
688 705 706 705 706 741 688 741
683 742 707 742 707 778 683 778
467 795 502 795 502 831 467 831
187 844 222 844 222 880 187 880
679 900 718 900 718 936 679 936
883 1196 924 1196 924 1232 883 1232
179 329 226 329 226 365 179 365
831 676 849 676 849 713 831 713
329 734 352 734 352 771 329 771
891 841 916 841 916 878 891 878
820 830 852 830 852 867 820 867
757 1301 776 1301 776 1338 757 1338
889 1158 923 1158 923 1195 889 1195
113 852 150 852 150 889 113 889
464 1057 502 1057 502 1094 464 1094
462 922 501 922 501 959 462 959
251 885 301 885 301 922 251 922
263 466 276 466 276 503 263 503
616 423 629 423 629 460 616 460
685 324 699 324 699 361 685 361
340 1178 358 1178 358 1215 340 1215
680 362 712 362 712 399 680 399
394 412 426 412 426 449 394 449
464 1118 498 1118 498 1155 464 1155
884 1234 924 1234 924 1271 884 1271
461 762 503 762 503 799 461 799
743 1227 790 1227 790 1264 743 1264
260 1070 291 1070 291 1108 260 1108
611 325 648 325 648 363 611 363
816 1311 854 1311 854 1349 816 1349
114 583 155 583 155 621 114 621
405 1343 423 1343 423 1381 405 1381
324 658 355 658 355 696 324 696
392 898 426 898 426 936 392 936
396 1304 430 1304 430 1342 396 1342
256 965 295 965 295 1003 256 1003
679 820 715 820 715 859 679 859
535 1206 572 1206 572 1245 535 1245
535 434 572 434 572 473 535 473
607 683 644 683 644 722 607 722
536 293 576 293 576 332 536 332
606 644 646 644 646 683 606 683
634 769 643 769 643 808 634 808
895 456 916 456 916 495 895 495
257 504 284 504 284 543 257 543
680 1367 715 1367 715 1406 680 1406
119 705 154 705 154 744 119 744
460 573 497 573 497 612 460 612
685 528 711 528 711 567 685 567
889 293 927 293 927 332 889 332
396 471 435 471 435 510 396 510
473 349 489 349 489 389 473 389
678 861 714 861 714 901 678 901
322 469 360 469 360 509 322 509
820 1166 858 1166 858 1206 820 1206
819 641 862 641 862 681 819 681
473 631 496 631 496 672 473 672
255 1254 290 1254 290 1295 255 1295
678 1171 723 1171 723 1212 678 1212
123 985 139 985 139 1026 123 1026
259 842 286 842 286 883 259 883
535 1164 570 1164 570 1205 535 1205
462 836 501 836 501 877 462 877
827 449 839 449 839 490 827 490
829 740 843 740 843 781 829 781
463 875 496 875 496 916 463 916
887 625 926 625 926 666 887 666
182 882 226 882 226 923 182 923
749 578 776 578 776 620 749 620
886 1038 922 1038 922 1080 886 1080
398 1182 431 1182 431 1224 398 1224
745 453 790 453 790 495 745 495
260 925 283 925 283 968 260 968
678 434 707 434 707 477 678 477
612 726 643 726 643 769 612 769
188 1109 223 1109 223 1152 188 1152
460 964 498 964 498 1007 460 1007
535 647 577 647 577 690 535 690
260 543 277 543 277 586 260 586
541 518 568 518 568 561 541 561
609 1264 646 1264 646 1307 609 1307
393 541 436 541 436 584 393 584
747 1011 781 1011 781 1055 747 1055
185 742 223 742 223 786 185 786
677 605 711 605 711 649 677 649
610 1350 652 1350 652 1394 610 1394
531 473 566 473 566 518 531 518
818 866 855 866 855 911 818 911
671 779 718 779 718 824 671 824
399 1350 410 1350 410 1395 399 1395
323 977 364 977 364 1022 323 1022
753 818 786 818 786 864 753 864
888 795 924 795 924 841 888 841
185 576 224 576 224 622 185 622
815 347 855 347 855 393 815 393
466 1010 498 1010 498 1056 466 1056
255 764 296 764 296 810 255 810
601 1360 630 1360 630 1407 601 1407
610 1302 645 1302 645 1349 610 1349
882 711 927 711 927 758 882 758
254 1109 296 1109 296 1156 254 1156
401 632 418 632 418 679 401 679
190 1213 217 1213 217 1260 190 1260
886 1272 925 1272 925 1319 886 1319
393 1136 434 1136 434 1183 393 1183
112 893 154 893 154 941 112 941
472 1353 499 1353 499 1402 472 1402
895 995 919 995 919 1045 895 1045
393 765 430 765 430 815 393 815
180 942 225 942 225 992 180 992
885 350 924 350 924 401 885 401
184 622 226 622 226 673 184 673
822 1112 849 1112 849 1164 822 1164
246 643 295 643 295 695 246 695
249 326 289 326 289 378 249 378
604 505 637 505 637 558 604 558
535 694 572 694 572 747 535 747
821 943 857 943 857 996 821 996
887 568 924 568 924 624 887 624
390 334 439 334 439 391 390 391
536 590 576 590 576 647 536 647
323 509 358 509 358 567 323 567
747 1169 789 1169 789 1227 747 1227
323 568 364 568 364 631 323 631
