609 336 641 336 641 347 609 347
895 1121 921 1121 921 1137 895 1137
293 889 307 889 307 905 293 905
474 1192 503 1192 503 1209 474 1209
295 818 312 818 312 836 295 836
270 1282 299 1282 299 1300 270 1300
474 569 492 569 492 587 474 587
254 813 280 813 280 831 254 831
275 1197 293 1197 293 1215 275 1215
266 424 285 424 285 443 266 443
197 582 217 582 217 601 197 601
470 634 501 634 501 653 470 653
701 1308 711 1308 711 1327 701 1327
548 1119 567 1119 567 1138 548 1138
622 851 642 851 642 870 622 870
756 1174 787 1174 787 1194 756 1194
283 706 312 706 312 726 283 726
824 603 854 603 854 623 824 623
824 630 845 630 845 651 824 651
612 914 648 914 648 935 612 935
254 955 277 955 277 976 254 976
468 543 497 543 497 564 468 564
257 668 268 668 268 690 257 690
292 838 306 838 306 860 292 860
411 1070 438 1070 438 1092 411 1092
894 827 923 827 923 849 894 849
259 752 272 752 272 775 259 775
251 978 280 978 280 1001 251 1001
256 689 272 689 272 712 256 712
274 1336 291 1336 291 1359 274 1359
527 460 549 460 549 483 527 483
546 1340 579 1340 579 1363 546 1363
540 976 580 976 580 999 540 999
696 1284 717 1284 717 1308 696 1308
898 1144 920 1144 920 1168 898 1168
482 1126 498 1126 498 1150 482 1150
478 1061 499 1061 499 1085 478 1085
686 817 710 817 710 841 686 841
252 841 281 841 281 865 252 865
547 1225 570 1225 570 1250 547 1250
285 760 313 760 313 785 285 785
757 929 790 929 790 954 757 954
113 509 152 509 152 534 113 534
116 677 159 677 159 702 116 702
763 720 776 720 776 745 763 745
555 1308 573 1308 573 1333 555 1333
468 1214 507 1214 507 1239 468 1239
567 455 583 455 583 481 567 481
332 327 352 327 352 353 332 353
288 975 316 975 316 1001 288 1001
629 1245 667 1245 667 1271 629 1271
266 558 286 558 286 584 266 584
200 811 221 811 221 837 200 837
486 971 521 971 521 997 486 997
826 1378 875 1378 875 1404 826 1404
191 838 226 838 226 864 191 864
618 1180 640 1180 640 1207 618 1207
472 321 494 321 494 348 472 348
886 528 921 528 921 555 886 555
256 452 293 452 293 479 256 479
259 896 271 896 271 923 259 923
672 1341 686 1341 686 1368 672 1368
619 775 637 775 637 802 619 802
761 1019 785 1019 785 1046 761 1046
250 637 277 637 277 664 250 664
259 778 271 778 271 806 259 806
292 863 305 863 305 891 292 891
257 922 272 922 272 950 257 950
409 1041 428 1041 428 1069 409 1069
129 929 162 929 162 957 129 957
693 1222 713 1222 713 1250 693 1250
287 1031 313 1031 313 1059 287 1059
631 1073 657 1073 657 1101 631 1101
462 436 497 436 497 464 462 464
565 580 580 580 580 608 565 608
566 655 585 655 585 683 566 683
254 719 276 719 276 747 254 747
467 462 494 462 494 490 467 490
562 382 590 382 590 410 562 410
187 395 224 395 224 423 187 423
689 647 705 647 705 676 689 676
126 1360 150 1360 150 1389 126 1389
895 1339 924 1339 924 1368 895 1368
327 433 362 433 362 462 327 462
117 387 154 387 154 416 117 416
683 1188 723 1188 723 1217 683 1217
323 465 364 465 364 494 323 494
123 1045 164 1045 164 1074 123 1074
333 410 350 410 350 439 333 439
256 867 281 867 281 896 256 896
760 986 785 986 785 1015 760 1015
286 945 319 945 319 974 286 974
745 524 789 524 789 553 745 553
409 1015 429 1015 429 1045 409 1045
487 781 515 781 515 811 487 811
890 849 925 849 925 879 890 879
685 478 704 478 704 508 685 508
256 386 295 386 295 416 256 416
124 1155 159 1155 159 1186 124 1186
609 1209 645 1209 645 1240 609 1240
468 810 508 810 508 841 468 841
188 864 233 864 233 895 188 895
896 1051 914 1051 914 1082 896 1082
407 1296 428 1296 428 1327 407 1327
287 1000 314 1000 314 1031 287 1031
121 899 158 899 158 930 121 930
401 1130 442 1130 442 1161 401 1161
188 730 233 730 233 761 188 761
288 673 302 673 302 704 288 704
691 1062 709 1062 709 1093 691 1093
403 767 427 767 427 798 403 798
288 726 312 726 312 757 288 757
694 1359 726 1359 726 1390 694 1390
611 1149 647 1149 647 1180 611 1180
265 1165 302 1165 302 1196 265 1196
832 663 848 663 848 695 832 695
690 939 708 939 708 971 690 971
833 1301 851 1301 851 1333 833 1333
897 717 918 717 918 749 897 749
833 1265 854 1265 854 1297 833 1297
288 788 310 788 310 820 288 820
746 397 778 397 778 429 746 429
401 1094 436 1094 436 1126 401 1126
683 1252 729 1252 729 1284 683 1284
280 1301 292 1301 292 1333 280 1333
762 752 778 752 778 784 762 784
404 943 425 943 425 975 404 975
528 567 558 567 558 599 528 599
407 1366 448 1366 448 1398 407 1398
900 750 915 750 915 783 900 783
403 1204 435 1204 435 1237 403 1237
607 290 652 290 652 323 607 323
271 1362 300 1362 300 1395 271 1395
116 537 153 537 153 570 116 570
540 1368 583 1368 583 1401 540 1401
187 606 230 606 230 639 187 639
899 878 919 878 919 911 899 911
409 568 429 568 429 601 409 601
526 422 550 422 550 455 526 455
544 292 568 292 568 325 544 325
898 677 929 677 929 710 898 710
601 195 635 195 635 228 601 228
477 844 512 844 512 877 477 877
544 1077 580 1077 580 1110 544 1110
136 955 150 955 150 989 136 989
476 693 499 693 499 727 476 727
683 1096 711 1096 711 1130 683 1130
816 525 850 525 850 559 816 559
892 1220 929 1220 929 1254 892 1254
896 1255 936 1255 936 1289 896 1289
264 589 293 589 293 623 264 623
526 533 557 533 557 567 526 567
675 615 713 615 713 649 675 649
887 490 927 490 927 524 887 524
461 398 504 398 504 432 461 432
608 874 661 874 661 908 608 908
568 614 583 614 583 649 568 649
191 426 220 426 220 461 191 461
824 901 857 901 857 936 824 936
470 1033 511 1033 511 1068 470 1068
405 320 424 320 424 355 405 355
125 415 146 415 146 450 125 450
757 893 781 893 781 928 757 928
402 485 436 485 436 520 402 520
544 941 581 941 581 976 544 976
188 505 226 505 226 540 188 540
541 1041 583 1041 583 1076 541 1076
250 349 296 349 296 384 250 384
393 982 440 982 440 1017 393 1017
748 430 787 430 787 465 748 465
254 485 293 485 293 520 254 520
747 600 787 600 787 635 747 635
753 1095 795 1095 795 1130 753 1130
474 1319 523 1319 523 1354 474 1354
262 1245 312 1245 312 1280 262 1280
898 1369 918 1369 918 1405 898 1405
824 1081 858 1081 858 1117 824 1117
668 1367 705 1367 705 1403 668 1403
285 910 316 910 316 946 285 946
120 741 157 741 157 777 120 777
605 693 649 693 649 729 605 729
623 1362 643 1362 643 1399 623 1399
269 1217 298 1217 298 1254 269 1254
678 775 715 775 715 812 678 812
136 1267 150 1267 150 1304 136 1304
618 973 644 973 644 1010 618 1010
476 991 504 991 504 1028 476 1028
890 1078 923 1078 923 1115 890 1115
470 590 509 590 509 627 470 627
762 1134 789 1134 789 1171 762 1171
892 640 919 640 919 677 892 677
827 944 865 944 865 981 827 981
403 1168 442 1168 442 1205 403 1205
131 991 147 991 147 1029 131 1029
480 1152 498 1152 498 1190 480 1190
477 881 501 881 501 919 477 919
407 1331 433 1331 433 1369 407 1369
397 401 431 401 431 439 397 439
686 1323 729 1323 729 1361 686 1361
193 465 217 465 217 504 193 504
561 416 587 416 587 455 561 455
120 776 153 776 153 815 120 815
539 1186 584 1186 584 1225 539 1225
533 330 582 330 582 369 533 369
753 322 780 322 780 361 753 361
819 814 857 814 857 853 819 853
405 356 421 356 421 395 405 395
889 597 922 597 922 636 889 636
265 1127 299 1127 299 1166 265 1166
752 949 790 949 790 988 752 988
815 561 855 561 855 600 815 600
184 294 229 294 229 333 184 333
539 1003 586 1003 586 1042 539 1042
203 680 217 680 217 720 203 720
482 1284 500 1284 500 1324 482 1324
534 601 554 601 554 641 534 641
527 380 558 380 558 420 527 420
606 348 643 348 643 388 606 388
469 652 508 652 508 692 469 692
769 1050 783 1050 783 1090 769 1090
830 1220 857 1220 857 1260 830 1260
611 804 644 804 644 844 611 844
524 489 561 489 561 529 524 529
607 649 649 649 649 689 607 689
120 1224 166 1224 166 1264 120 1264
133 815 146 815 146 856 133 856
200 638 221 638 221 679 200 679
756 678 779 678 779 719 756 719
688 368 718 368 718 409 688 409
536 844 574 844 574 885 536 885
397 596 439 596 439 637 397 637
281 634 311 634 311 675 281 675
399 676 433 676 433 717 399 717
748 554 783 554 783 595 748 595
409 801 427 801 427 842 409 842
751 470 787 470 787 511 751 511
128 1183 170 1183 170 1224 128 1224
563 488 585 488 585 530 563 530
544 1143 575 1143 575 1185 544 1185
887 557 923 557 923 599 887 599
681 1019 719 1019 719 1061 681 1061
263 515 296 515 296 557 263 557
891 783 926 783 926 825 891 825
888 972 926 972 926 1014 888 1014
826 1338 867 1338 867 1381 826 1381
483 1086 498 1086 498 1129 483 1129
690 978 709 978 709 1021 690 1021
189 536 224 536 224 579 189 579
677 515 714 515 714 558 677 558
888 1011 925 1011 925 1054 888 1054
744 361 787 361 787 404 744 404
538 799 582 799 582 842 538 842
403 636 436 636 436 680 403 680
608 229 642 229 642 273 608 273
402 520 441 520 441 564 402 564
747 636 790 636 790 680 747 680
619 388 645 388 645 432 619 432
122 634 156 634 156 678 122 678
609 606 647 606 647 650 609 650
688 324 728 324 728 368 688 368
393 437 434 437 434 481 393 481
605 498 648 498 648 542 605 542
481 1238 498 1238 498 1283 481 1283
611 1266 652 1266 652 1311 611 1311
891 1172 935 1172 935 1217 891 1217
570 528 577 528 577 573 570 573
540 640 548 640 548 685 540 685
131 699 148 699 148 744 131 744
894 918 923 918 923 963 894 963
610 933 650 933 650 978 610 978
130 852 152 852 152 898 130 898
814 487 857 487 857 533 814 533
461 350 505 350 505 396 461 396
879 382 925 382 925 429 879 429
133 1110 154 1110 154 1157 133 1157
686 841 709 841 709 888 686 888
683 892 718 892 718 939 683 939
543 695 575 695 575 743 543 743
537 748 581 748 581 796 537 796
682 673 710 673 710 721 682 721
397 719 438 719 438 767 397 767
899 1288 921 1288 921 1337 899 1337
830 1167 858 1167 858 1216 830 1216
825 1116 866 1116 866 1165 825 1165
818 983 861 983 861 1032 818 1032
189 763 236 763 236 812 189 812
837 693 846 693 846 742 837 742
121 454 150 454 150 503 121 503
613 1106 650 1106 650 1155 613 1155
822 327 842 327 842 376 822 376
759 1196 796 1196 796 1245 759 1245
843 1028 850 1028 850 1078 843 1078
551 1254 567 1254 567 1304 551 1304
753 843 784 843 784 893 753 893
479 919 496 919 496 970 479 970
186 338 223 338 223 389 186 389
259 1071 308 1071 308 1122 259 1122
607 727 651 727 651 778 607 778
677 426 709 426 709 478 677 478
614 435 634 435 634 488 614 488
884 326 917 326 917 379 884 379
675 561 716 561 716 614 675 614
140 1064 150 1064 150 1118 140 1118
621 1011 638 1011 638 1065 621 1065
479 728 496 728 496 782 479 782
612 548 653 548 653 602 612 602
465 491 510 491 510 545 465 545
334 356 351 356 351 411 334 411
884 439 928 439 928 494 884 494
543 884 579 884 579 939 543 939
814 375 857 375 857 430 814 430
132 1297 139 1297 139 1353 132 1353
123 329 143 329 143 385 123 385
758 785 780 785 780 842 758 842
118 573 162 573 162 630 118 630
409 1238 439 1238 439 1296 409 1296
252 287 292 287 292 345 252 345
818 431 853 431 853 490 818 490
609 1299 646 1299 646 1359 609 1359
684 1129 727 1129 727 1195 684 1195
819 748 855 748 855 815 819 815
