467 780 502 780 502 787 467 787
324 588 360 588 360 595 324 595
463 1156 496 1156 496 1163 463 1163
330 337 361 337 361 344 330 344
126 1236 159 1236 159 1244 126 1244
271 818 284 818 284 828 271 828
695 556 716 556 716 566 695 566
695 833 716 833 716 845 695 845
837 1249 853 1249 853 1262 837 1262
121 1180 165 1180 165 1194 121 1194
128 454 155 454 155 469 128 469
820 924 836 924 836 939 820 939
335 814 358 814 358 829 335 829
880 342 915 342 915 357 880 357
140 1347 155 1347 155 1362 140 1362
473 757 489 757 489 773 473 773
697 342 714 342 714 358 697 358
751 931 770 931 770 947 751 947
894 441 904 441 904 457 894 457
613 1143 630 1143 630 1159 613 1159
542 480 560 480 560 496 542 496
206 622 229 622 229 638 206 638
194 415 222 415 222 431 194 431
881 397 912 397 912 413 881 413
473 1133 489 1133 489 1150 473 1150
892 798 901 798 901 816 892 816
669 970 681 970 681 988 669 988
270 658 280 658 280 677 270 677
809 1131 822 1131 822 1150 809 1150
663 339 682 339 682 358 663 358
748 554 773 554 773 573 748 573
331 765 359 765 359 784 331 784
125 474 160 474 160 493 125 493
844 1358 853 1358 853 1378 844 1378
701 905 715 905 715 925 701 925
802 1257 828 1257 828 1277 802 1277
813 1336 825 1336 825 1356 813 1356
266 830 282 830 282 850 266 850
839 1197 850 1197 850 1218 839 1218
660 481 679 481 679 502 660 502
200 532 224 532 224 553 200 553
331 1162 360 1162 360 1183 331 1183
698 717 713 717 713 738 698 738
690 925 719 925 719 947 690 947
195 779 226 779 226 801 195 801
667 400 677 400 677 422 667 422
204 1316 217 1316 217 1338 204 1338
406 861 422 861 422 883 406 883
662 722 678 722 678 744 662 744
335 603 354 603 354 625 335 625
261 411 293 411 293 433 261 433
338 1138 356 1138 356 1160 338 1160
694 360 714 360 714 382 694 382
262 756 292 756 292 778 262 778
696 575 712 575 712 598 696 598
338 491 355 491 355 514 338 514
892 597 913 597 913 620 892 620
657 595 683 595 683 618 657 618
191 1170 229 1170 229 1193 191 1193
698 634 711 634 711 657 698 657
473 1288 491 1288 491 1311 473 1311
404 1242 423 1242 423 1265 404 1265
259 571 294 571 294 594 259 594
136 336 151 336 151 360 136 360
661 425 679 425 679 449 661 449
543 417 565 417 565 441 543 441
330 1338 363 1338 363 1362 330 1362
328 1081 362 1081 362 1105 328 1105
395 1212 430 1212 430 1236 395 1236
663 818 686 818 686 842 663 842
748 1322 775 1322 775 1346 748 1346
689 846 717 846 717 870 689 870
599 1365 638 1365 638 1389 599 1389
702 779 716 779 716 803 702 803
615 486 631 486 631 510 615 510
612 784 628 784 628 808 612 808
696 490 713 490 713 514 696 514
661 570 683 570 683 594 661 594
883 414 907 414 907 438 883 438
807 1358 832 1358 832 1382 807 1382
128 392 166 392 166 416 128 416
692 804 716 804 716 829 692 829
464 422 497 422 497 447 464 447
748 499 769 499 769 524 748 524
196 1291 218 1291 218 1316 196 1316
692 657 715 657 715 682 692 682
606 1339 633 1339 633 1364 606 1364
823 483 839 483 839 509 823 509
752 528 770 528 770 554 752 554
471 347 492 347 492 373 471 373
832 1220 856 1220 856 1246 832 1246
121 565 164 565 164 591 121 591
345 902 361 902 361 928 345 928
330 928 365 928 365 954 330 954
403 521 418 521 418 547 403 547
202 1264 218 1264 218 1290 202 1290
839 1332 855 1332 855 1358 839 1358
200 1069 217 1069 217 1095 200 1095
612 582 633 582 633 608 612 608
889 573 912 573 912 599 889 599
691 414 719 414 719 440 691 440
394 1050 425 1050 425 1076 394 1076
328 1107 363 1107 363 1133 328 1133
328 1184 365 1184 365 1210 328 1210
819 860 835 860 835 887 819 887
614 1317 632 1317 632 1344 614 1344
610 655 630 655 630 682 610 682
657 502 683 502 683 529 657 529
813 508 842 508 842 535 813 535
196 1136 225 1136 225 1163 196 1163
128 1035 159 1035 159 1062 128 1062
193 752 224 752 224 779 193 779
137 598 146 598 146 625 137 625
262 725 290 725 290 752 262 752
330 1359 367 1359 367 1386 330 1386
124 532 167 532 167 559 124 559
663 453 676 453 676 480 663 480
200 461 216 461 216 488 200 488
405 763 423 763 423 790 405 790
614 1289 632 1289 632 1316 614 1316
133 1286 156 1286 156 1313 133 1313
126 958 159 958 159 985 126 985
329 387 363 387 363 414 329 414
192 846 226 846 226 873 192 873
123 875 160 875 160 902 123 902
741 421 778 421 778 448 741 448
324 988 362 988 362 1015 324 1015
540 578 557 578 557 606 540 606
803 1151 823 1151 823 1179 803 1179
337 1016 358 1016 358 1044 337 1044
830 1266 861 1266 861 1294 830 1294
324 785 360 785 360 813 324 813
876 503 916 503 916 531 876 531
668 691 680 691 680 719 668 719
335 662 355 662 355 690 335 690
200 674 220 674 220 702 200 702
130 1362 162 1362 162 1390 130 1390
397 417 431 417 431 445 397 445
604 463 641 463 641 491 604 491
196 432 214 432 214 461 196 461
816 382 836 382 836 411 816 411
751 384 771 384 771 413 751 413
803 1307 831 1307 831 1336 803 1336
258 995 287 995 287 1024 258 1024
543 643 559 643 559 672 543 672
889 1001 908 1001 908 1030 889 1030
808 1278 834 1278 834 1307 808 1307
688 683 719 683 719 712 688 712
891 1077 906 1077 906 1106 891 1106
827 1058 842 1058 842 1087 827 1087
476 1212 498 1212 498 1241 476 1241
695 383 717 383 717 412 695 412
610 1177 634 1177 634 1206 610 1206
659 785 688 785 688 814 659 814
743 1216 774 1216 774 1245 743 1245
392 547 429 547 429 576 392 576
396 1350 433 1350 433 1379 396 1379
258 858 297 858 297 887 258 887
419 1323 426 1323 426 1353 419 1353
755 865 768 865 768 895 755 895
473 696 490 696 490 726 473 726
883 361 914 361 914 391 883 391
740 575 778 575 778 605 740 605
478 908 492 908 492 938 478 938
199 1039 217 1039 217 1069 199 1069
887 734 907 734 907 764 887 764
802 1222 831 1222 831 1252 802 1252
329 355 362 355 362 385 329 385
259 595 300 595 300 625 259 625
821 449 841 449 841 480 821 480
131 1067 158 1067 158 1098 131 1098
831 1166 859 1166 859 1197 831 1197
127 1195 157 1195 157 1226 127 1226
744 1035 775 1035 775 1066 744 1066
194 554 226 554 226 585 194 585
329 555 366 555 366 586 329 586
878 864 916 864 916 895 878 895
407 1266 422 1266 422 1297 407 1297
752 1152 768 1152 768 1183 752 1183
326 869 361 869 361 900 326 900
805 783 850 783 850 814 805 814
885 765 908 765 908 796 885 796
663 849 687 849 687 880 663 880
204 1226 228 1226 228 1257 204 1257
128 772 154 772 154 803 128 803
399 1294 426 1294 426 1325 399 1325
330 518 363 518 363 549 330 549
125 1314 163 1314 163 1345 125 1345
806 532 846 532 846 563 806 563
140 803 164 803 164 835 140 835
398 883 427 883 427 915 398 915
463 1098 498 1098 498 1130 463 1130
737 1184 781 1184 781 1216 737 1216
625 511 632 511 632 543 625 543
473 1066 489 1066 489 1098 473 1098
338 732 354 732 354 764 338 764
665 659 683 659 683 691 665 691
263 1111 290 1111 290 1143 263 1143
266 540 285 540 285 573 266 573
608 1019 632 1019 632 1052 608 1052
814 887 842 887 842 920 814 920
126 837 155 837 155 870 126 870
687 744 718 744 718 777 687 777
690 514 724 514 724 547 690 547
818 986 853 986 853 1019 818 1019
741 346 778 346 778 379 741 379
695 871 711 871 711 904 695 904
327 955 364 955 364 988 327 988
601 983 640 983 640 1016 601 1016
741 1347 781 1347 781 1380 741 1380
405 791 423 791 423 824 405 824
473 1312 495 1312 495 1345 473 1345
660 364 687 364 687 397 660 397
605 545 635 545 635 578 605 578
124 359 161 359 161 392 124 392
666 529 677 529 677 563 666 563
667 928 682 928 682 962 667 962
662 746 681 746 681 780 662 780
815 344 841 344 841 378 815 378
690 598 718 598 718 632 690 632
399 730 429 730 429 764 399 764
192 588 225 588 225 622 192 622
883 626 919 626 919 660 883 660
271 621 283 621 283 655 271 655
472 832 494 832 494 866 472 866
191 496 220 496 220 530 191 530
196 1193 226 1193 226 1227 196 1227
331 835 364 835 364 869 331 869
740 654 785 654 785 688 740 688
137 1143 157 1143 157 1178 137 1178
465 1171 496 1171 496 1206 465 1206
255 468 287 468 287 503 255 503
259 678 292 678 292 713 259 713
125 1249 158 1249 158 1284 125 1284
465 724 499 724 499 759 465 759
463 529 505 529 505 564 463 564
605 685 635 685 635 720 605 720
831 1131 863 1131 863 1166 831 1166
810 412 850 412 850 447 810 447
202 955 220 955 220 990 202 990
839 1295 857 1295 857 1330 839 1330
887 659 911 659 911 694 887 694
469 939 500 939 500 974 469 974
330 417 363 417 363 452 330 452
190 1102 233 1102 233 1137 190 1137
135 417 151 417 151 453 135 453
334 1045 351 1045 351 1081 334 1081
755 1288 772 1288 772 1324 755 1324
540 609 558 609 558 645 540 645
394 825 431 825 431 861 394 861
336 626 352 626 352 662 336 662
811 708 842 708 842 744 811 744
745 1116 780 1116 780 1152 745 1152
463 795 500 795 500 831 463 831
254 1027 294 1027 294 1063 254 1063
331 1213 371 1213 371 1249 331 1249
139 497 146 497 146 534 139 534
264 503 286 503 286 540 264 540
605 1213 636 1213 636 1250 605 1250
324 694 361 694 361 731 324 731
268 434 284 434 284 471 268 471
882 695 915 695 915 732 882 732
534 441 568 441 568 478 534 478
267 373 280 373 280 410 267 410
690 447 719 447 719 484 690 484
747 952 779 952 779 989 747 989
396 485 429 485 429 522 396 522
260 780 298 780 298 817 260 817
190 635 228 635 228 672 190 672
602 809 640 809 640 846 602 846
387 379 436 379 436 416 387 416
470 494 494 494 494 532 470 532
608 1054 633 1054 633 1092 608 1092
538 672 567 672 567 710 538 710
606 344 638 344 638 382 606 382
815 1087 847 1087 847 1125 815 1125
465 1248 503 1248 503 1286 465 1286
258 907 300 907 300 945 258 945
611 720 627 720 627 758 611 758
607 747 628 747 628 785 607 785
615 429 639 429 639 467 615 467
463 657 501 657 501 695 463 695
395 448 436 448 436 486 395 486
888 964 907 964 907 1002 888 1002
661 618 688 618 688 656 661 656
399 1009 426 1009 426 1047 399 1047
605 894 640 894 640 932 605 932
810 613 849 613 849 651 810 651
894 459 900 459 900 498 894 498
743 891 775 891 775 930 743 930
126 631 161 631 161 670 126 670
192 915 229 915 229 954 192 954
397 915 437 915 437 954 397 954
738 828 780 828 780 867 738 867
533 543 570 543 570 582 533 582
608 1250 645 1250 645 1289 608 1289
532 333 573 333 573 372 532 372
202 801 217 801 217 841 202 841
882 533 917 533 917 573 882 573
813 1019 850 1019 850 1059 813 1059
464 297 505 297 505 337 464 337
259 1067 297 1067 297 1107 259 1107
196 874 230 874 230 914 196 914
812 743 849 743 849 784 812 784
878 1107 917 1107 917 1148 878 1148
808 300 850 300 850 341 808 341
463 613 505 613 505 654 463 654
809 943 851 943 851 984 809 984
332 450 370 450 370 491 332 491
894 820 901 820 901 862 894 862
463 452 498 452 498 494 463 494
192 1339 228 1339 228 1381 192 1381
879 1036 919 1036 919 1078 879 1078
603 296 645 296 645 338 603 338
187 706 228 706 228 748 187 748
736 299 777 299 777 341 736 341
902 944 910 944 910 987 902 987
751 990 774 990 774 1033 751 1033
125 674 157 674 157 717 125 717
462 373 501 373 501 416 462 416
674 881 679 881 679 924 674 924
806 1179 822 1179 822 1222 806 1222
743 740 778 740 778 783 743 783
878 898 918 898 918 941 878 941
465 976 507 976 507 1019 465 1019
329 1252 373 1252 373 1295 329 1295
134 1098 166 1098 166 1142 134 1142
742 780 778 780 778 824 742 824
534 373 571 373 571 417 534 417
392 337 438 337 438 381 392 381
326 1291 360 1291 360 1336 326 1336
468 564 503 564 503 609 468 609
603 933 639 933 639 978 603 978
122 725 162 725 162 770 122 770
609 1090 641 1090 641 1136 609 1136
806 814 845 814 845 860 806 860
255 328 298 328 298 374 255 374
608 849 642 849 642 895 608 895
602 609 638 609 638 655 602 655
603 384 641 384 641 430 603 430
462 866 500 866 500 912 462 912
749 1066 775 1066 775 1113 749 1113
130 988 158 988 158 1035 130 1035
257 946 296 946 296 993 257 993
193 368 227 368 227 415 193 415
402 1154 419 1154 419 1202 402 1202
464 1018 498 1018 498 1066 464 1066
196 989 221 989 221 1037 196 1037
742 448 780 448 780 496 742 496
402 960 426 960 426 1009 402 1009
127 903 156 903 156 952 127 952
403 620 419 620 419 669 403 669
736 690 782 690 782 739 736 739
702 950 708 950 708 1001 702 1001
408 673 416 673 416 724 408 724
744 602 778 602 778 654 744 654
810 562 847 562 847 615 810 615
807 655 844 655 844 712 807 712
