138 432 150 432 150 439 138 439
215 1071 225 1071 225 1079 215 1079
694 1069 704 1069 704 1078 694 1078
261 689 274 689 274 699 261 699
44 478 69 478 69 490 44 490
395 1118 424 1118 424 1132 395 1132
253 525 276 525 276 539 253 539
532 1271 568 1271 568 1285 532 1285
191 1190 208 1190 208 1205 191 1205
533 362 566 362 566 377 533 377
330 785 346 785 346 801 330 801
45 704 73 704 73 720 45 720
334 1149 349 1149 349 1165 334 1165
267 769 292 769 292 785 267 785
673 581 704 581 704 597 673 597
613 860 629 860 629 877 613 877
463 656 492 656 492 673 463 673
262 666 278 666 278 684 262 684
195 1130 212 1130 212 1148 195 1148
190 1211 219 1211 219 1229 190 1229
180 687 219 687 219 705 180 705
262 442 271 442 271 460 262 460
613 469 628 469 628 487 613 487
461 400 492 400 492 418 461 418
404 1353 418 1353 418 1371 404 1371
686 530 694 530 694 549 686 549
128 627 140 627 140 646 128 646
542 1210 556 1210 556 1229 542 1229
187 1228 222 1228 222 1247 187 1247
334 1291 346 1291 346 1311 334 1311
323 402 348 402 348 422 323 422
756 1142 767 1142 767 1162 756 1162
681 665 699 665 699 685 681 685
188 1150 223 1150 223 1170 188 1170
334 1346 350 1346 350 1367 334 1367
129 510 143 510 143 531 129 531
745 432 779 432 779 453 745 453
605 1284 639 1284 639 1305 605 1305
600 922 636 922 636 943 600 943
532 1159 567 1159 567 1181 532 1181
669 722 706 722 706 744 669 744
335 843 348 843 348 865 335 865
536 815 564 815 564 837 536 837
753 407 766 407 766 430 753 430
50 1212 68 1212 68 1235 50 1235
601 589 638 589 638 612 601 612
334 930 349 930 349 953 334 953
613 1023 629 1023 629 1046 613 1046
542 793 559 793 559 816 542 816
265 959 282 959 282 982 265 982
607 1259 629 1259 629 1282 607 1282
466 1316 499 1316 499 1339 466 1339
41 526 77 526 77 549 41 549
257 460 272 460 272 483 257 483
395 418 420 418 420 441 395 441
400 908 426 908 426 931 400 931
755 344 769 344 769 368 755 368
685 844 701 844 701 868 685 868
680 436 698 436 698 460 680 460
681 504 700 504 700 528 681 528
462 1375 505 1375 505 1399 462 1399
671 773 715 773 715 797 671 797
191 1256 209 1256 209 1280 191 1280
459 496 492 496 492 520 459 520
743 1039 776 1039 776 1063 743 1063
248 980 291 980 291 1004 248 1004
261 860 281 860 281 885 261 885
471 1028 492 1028 492 1053 471 1053
399 1131 421 1131 421 1156 399 1156
607 1341 640 1341 640 1366 607 1366
392 735 435 735 435 760 392 760
612 967 627 967 627 992 612 992
753 537 769 537 769 562 753 562
539 1092 560 1092 560 1117 539 1117
540 1284 561 1284 561 1309 540 1309
611 1312 639 1312 639 1337 611 1337
463 807 505 807 505 832 463 832
461 1113 506 1113 506 1138 461 1138
52 1275 67 1275 67 1300 52 1300
540 1344 565 1344 565 1369 540 1369
47 623 74 623 74 648 47 648
459 419 493 419 493 444 459 444
393 1375 430 1375 430 1400 393 1400
674 944 716 944 716 969 674 969
469 371 486 371 486 397 469 397
394 1254 426 1254 426 1280 394 1280
671 326 705 326 705 352 671 352
600 559 634 559 634 585 600 585
742 566 777 566 777 592 742 592
394 1159 432 1159 432 1185 394 1185
395 832 424 832 424 858 395 858
460 523 489 523 489 549 460 549
606 1053 635 1053 635 1079 606 1079
181 508 211 508 211 534 181 534
396 760 431 760 431 786 396 786
539 554 554 554 554 581 539 581
327 726 343 726 343 753 327 753
53 1176 71 1176 71 1203 53 1203
330 373 341 373 341 400 330 400
332 1078 346 1078 346 1105 332 1105
52 759 66 759 66 786 52 786
402 1019 420 1019 420 1046 402 1046
748 1210 769 1210 769 1237 748 1237
747 1112 778 1112 778 1139 747 1139
461 727 493 727 493 754 461 754
602 993 643 993 643 1020 602 1020
412 961 424 961 424 988 412 988
402 388 418 388 418 415 402 415
542 328 556 328 556 356 542 356
753 900 769 900 769 928 753 928
330 867 348 867 348 895 330 895
672 401 699 401 699 429 672 429
749 374 775 374 775 402 749 402
321 543 358 543 358 571 321 571
605 334 629 334 629 363 605 363
464 1084 497 1084 497 1113 464 1113
392 359 428 359 428 388 392 388
185 699 209 699 209 728 185 728
535 645 565 645 565 674 535 674
530 838 565 838 565 867 530 867
529 581 567 581 567 610 529 610
683 1139 694 1139 694 1168 683 1168
543 1057 561 1057 561 1086 543 1086
614 799 633 799 633 828 614 828
675 634 702 634 702 663 675 663
330 1369 357 1369 357 1398 330 1398
326 959 355 959 355 988 326 988
531 615 570 615 570 644 531 644
389 439 432 439 432 468 389 468
256 376 272 376 272 406 256 406
679 690 698 690 698 720 679 720
394 328 419 328 419 358 394 358
607 488 632 488 632 518 607 518
607 935 635 935 635 965 607 965
533 1312 562 1312 562 1342 533 1342
603 1231 639 1231 639 1261 603 1261
538 727 556 727 556 757 538 757
183 918 221 918 221 948 183 948
110 594 157 594 157 624 110 624
688 552 694 552 694 583 688 583
404 542 416 542 416 573 404 573
811 467 842 467 842 498 811 498
43 981 77 981 77 1012 43 1012
533 897 572 897 572 928 533 928
465 583 486 583 486 614 465 614
535 867 568 867 568 898 535 898
43 828 77 828 77 859 43 859
611 609 627 609 627 640 611 640
606 400 628 400 628 431 606 431
395 512 423 512 423 543 395 543
676 983 704 983 704 1014 676 1014
391 703 428 703 428 734 391 734
671 600 714 600 714 631 671 631
544 469 559 469 559 501 544 501
190 579 211 579 211 611 190 611
259 925 288 925 288 957 259 957
315 422 350 422 350 454 315 454
184 1003 221 1003 221 1035 184 1035
44 1066 82 1066 82 1098 44 1098
547 1174 560 1174 560 1206 547 1206
476 1128 490 1128 490 1160 476 1160
48 441 70 441 70 473 48 473
538 1367 571 1367 571 1399 538 1399
603 526 639 526 639 558 603 558
53 1104 71 1104 71 1137 53 1137
248 410 285 410 285 443 248 443
391 607 430 607 430 640 391 640
33 893 78 893 78 926 33 926
694 744 702 744 702 777 694 777
402 1049 419 1049 419 1082 402 1082
263 827 281 827 281 860 263 860
320 572 353 572 353 605 320 605
466 876 500 876 500 909 466 909
415 987 422 987 422 1020 415 1020
397 573 410 573 410 606 397 606
609 826 634 826 634 859 609 859
470 994 486 994 486 1028 470 1028
180 728 209 728 209 762 180 762
468 1249 504 1249 504 1283 468 1283
116 700 155 700 155 734 116 734
744 499 785 499 785 533 744 533
322 750 354 750 354 784 322 784
323 1256 360 1256 360 1290 323 1290
393 927 441 927 441 961 393 961
53 491 69 491 69 526 53 526
188 828 214 828 214 863 188 863
464 1053 497 1053 497 1088 464 1088
181 653 216 653 216 688 181 688
459 1283 510 1283 510 1318 459 1318
610 641 624 641 624 676 610 676
46 400 65 400 65 435 46 435
319 605 352 605 352 640 319 640
38 588 72 588 72 623 38 623
464 1340 502 1340 502 1375 464 1375
392 1319 433 1319 433 1354 392 1354
675 907 700 907 700 942 675 942
675 1169 705 1169 705 1204 675 1204
255 734 288 734 288 769 255 769
313 338 359 338 359 373 313 373
36 1235 83 1235 83 1270 36 1270
753 863 766 863 766 899 753 899
326 1107 347 1107 347 1143 326 1143
601 363 632 363 632 399 601 399
530 1025 567 1025 567 1061 530 1061
322 502 356 502 356 538 322 538
323 806 358 806 358 842 323 842
392 1280 432 1280 432 1316 392 1316
246 484 289 484 289 520 246 520
603 1361 650 1361 650 1397 603 1397
753 963 771 963 771 1000 753 1000
50 856 70 856 70 893 50 893
464 549 493 549 493 586 464 586
44 549 77 549 77 586 44 586
805 424 840 424 840 461 805 461
184 376 223 376 223 413 184 413
106 444 147 444 147 481 106 481
392 1081 433 1081 433 1118 392 1118
598 1191 646 1191 646 1228 598 1228
324 1045 352 1045 352 1082 324 1082
323 894 357 894 357 931 323 931
600 669 639 669 639 706 600 706
412 679 418 679 418 716 412 716
44 787 71 787 71 824 44 824
604 431 639 431 639 468 604 468
116 653 154 653 154 690 116 690
744 931 783 931 783 968 744 968
393 641 427 641 427 679 393 679
674 868 708 868 708 906 674 906
400 470 424 470 424 508 400 508
183 336 208 336 208 374 183 374
749 632 780 632 780 670 749 670
189 1319 221 1319 221 1357 189 1357
318 644 354 644 354 682 318 682
183 1083 219 1083 219 1121 183 1121
252 887 290 887 290 925 252 925
808 385 847 385 847 423 808 423
180 1357 221 1357 221 1395 180 1395
55 1137 73 1137 73 1176 55 1176
42 724 80 724 80 763 42 763
748 593 772 593 772 632 748 632
745 820 781 820 781 859 745 859
392 791 432 791 432 830 392 830
189 614 210 614 210 653 189 653
539 934 564 934 564 973 539 973
257 787 286 787 286 826 257 826
257 585 283 585 283 625 257 625
251 695 289 695 289 735 251 735
175 539 215 539 215 579 175 579
106 482 150 482 150 522 106 522
741 999 785 999 785 1039 741 1039
605 880 638 880 638 920 605 920
47 1301 64 1301 64 1342 47 1342
257 625 280 625 280 666 257 666
41 654 74 654 74 695 41 695
745 675 778 675 778 716 745 716
535 758 570 758 570 799 535 799
177 287 217 287 217 328 177 328
539 1117 565 1117 565 1158 539 1158
671 1018 705 1018 705 1059 671 1059
321 1168 360 1168 360 1209 321 1209
598 287 640 287 640 328 598 328
461 326 486 326 486 367 461 367
747 1164 772 1164 772 1205 747 1205
463 614 496 614 496 655 463 655
321 1306 360 1306 360 1347 321 1347
183 959 222 959 222 1001 183 1001
112 380 143 380 143 423 112 423
318 286 359 286 359 329 318 329
532 1225 577 1225 577 1268 532 1268
408 1184 424 1184 424 1227 408 1227
250 541 281 541 281 584 250 584
180 1281 219 1281 219 1325 180 1325
677 460 705 460 705 505 677 505
317 682 358 682 358 727 317 727
320 1210 361 1210 361 1255 320 1255
110 332 144 332 144 377 110 377
462 832 498 832 498 877 462 877
38 926 85 926 85 971 38 971
483 964 493 964 493 1010 483 1010
534 379 559 379 559 425 534 425
180 464 217 464 217 510 180 510
404 1206 421 1206 421 1252 404 1252
325 455 347 455 347 501 325 501
182 416 213 416 213 462 182 462
43 357 74 357 74 403 43 403
684 1205 698 1205 698 1252 684 1252
740 765 776 765 776 812 740 812
675 797 712 797 712 844 675 844
762 453 768 453 768 500 762 500
740 1230 789 1230 789 1277 740 1277
394 858 423 858 423 905 394 905
456 448 491 448 491 495 456 495
665 357 704 357 704 404 665 404
743 1064 780 1064 780 1112 743 1112
598 748 647 748 647 797 598 797
246 327 281 327 281 376 246 376
179 866 220 866 220 915 179 915
536 978 577 978 577 1027 536 1027
541 675 556 675 556 724 541 724
464 757 494 757 494 807 464 807
42 1014 83 1014 83 1064 42 1064
597 703 635 703 635 754 597 754
739 719 781 719 781 770 739 770
671 1086 705 1086 705 1137 671 1137
809 330 844 330 844 381 809 381
531 503 566 503 566 554 531 554
461 673 502 673 502 725 461 725
265 996 272 996 272 1048 265 1048
609 1146 645 1146 645 1200 609 1200
462 912 495 912 495 966 462 966
121 531 157 531 157 588 121 588
322 988 357 988 357 1047 322 1047
