552 719 576 719 576 733 552 733
65 1092 81 1092 81 1106 65 1106
830 911 847 911 847 927 830 927
344 948 362 948 362 964 344 964
409 377 433 377 433 393 409 393
557 1377 580 1377 580 1394 557 1394
273 445 291 445 291 462 273 462
64 725 81 725 81 743 64 743
763 866 781 866 781 884 763 884
348 651 357 651 357 670 348 670
344 553 363 553 363 572 344 572
761 649 782 649 782 668 761 668
635 451 654 451 654 470 635 470
624 815 641 815 641 835 624 835
342 1212 361 1212 361 1232 342 1232
548 786 577 786 577 806 548 806
622 404 645 404 645 424 622 424
482 876 508 876 508 896 482 896
553 1273 583 1273 583 1293 553 1293
547 1015 581 1015 581 1035 547 1035
333 287 369 287 369 307 333 307
273 1160 291 1160 291 1181 273 1181
476 368 512 368 512 389 476 389
762 1239 782 1239 782 1260 762 1260
475 598 508 598 508 619 475 619
65 1354 77 1354 77 1376 65 1376
761 1265 780 1265 780 1287 761 1287
271 733 292 733 292 755 271 755
694 976 715 976 715 998 694 998
827 628 849 628 849 650 827 650
268 1318 286 1318 286 1340 268 1340
483 659 506 659 506 681 483 681
546 836 583 836 583 858 546 858
546 370 587 370 587 392 546 392
266 926 295 926 295 949 266 949
343 1157 361 1157 361 1180 343 1180
195 679 223 679 223 702 195 702
616 988 646 988 646 1011 616 1011
478 794 511 794 511 817 478 817
693 286 713 286 713 310 693 310
406 289 437 289 437 313 406 313
619 939 654 939 654 963 619 963
617 428 653 428 653 452 617 452
767 841 805 841 805 865 767 865
63 1235 79 1235 79 1259 63 1259
336 813 372 813 372 837 336 837
554 460 571 460 571 484 554 484
261 838 300 838 300 862 261 862
626 590 643 590 643 615 626 615
562 885 582 885 582 910 562 910
822 323 855 323 855 348 822 348
403 835 450 835 450 860 403 860
275 862 295 862 295 887 275 887
200 1166 222 1166 222 1191 200 1191
279 893 306 893 306 918 279 918
193 464 228 464 228 489 193 489
761 286 785 286 785 312 761 312
483 428 510 428 510 454 483 454
56 1260 89 1260 89 1286 56 1286
486 1373 504 1373 504 1399 486 1399
201 734 223 734 223 760 201 760
760 893 783 893 783 919 760 919
195 1375 223 1375 223 1401 195 1401
544 1083 581 1083 581 1109 544 1109
189 1319 226 1319 226 1345 189 1345
265 468 305 468 305 494 265 494
195 1349 226 1349 226 1375 195 1375
548 625 581 625 581 651 548 651
193 704 233 704 233 730 193 730
192 1232 237 1232 237 1258 192 1258
197 283 217 283 217 310 197 310
340 319 362 319 362 346 340 346
829 880 861 880 861 907 829 907
689 1369 727 1369 727 1396 689 1396
53 1373 91 1373 91 1400 53 1400
403 925 442 925 442 952 403 952
828 560 845 560 845 588 828 588
267 1125 293 1125 293 1153 267 1153
271 559 302 559 302 587 271 587
265 1189 298 1189 298 1217 265 1217
616 1162 653 1162 653 1190 616 1190
481 1091 521 1091 521 1119 481 1119
474 1120 518 1120 518 1148 474 1148
404 1019 451 1019 451 1047 404 1047
65 1027 80 1027 80 1055 65 1055
554 1141 576 1141 576 1169 554 1169
406 665 440 665 440 693 406 693
334 974 375 974 375 1002 334 1002
816 684 858 684 858 712 816 712
210 1033 219 1033 219 1061 210 1061
627 750 643 750 643 778 627 778
696 916 712 916 712 944 696 944
271 380 288 380 288 408 271 408
343 490 361 490 361 518 343 518
761 1335 790 1335 790 1363 761 1363
341 1041 372 1041 372 1069 341 1069
546 805 583 805 583 833 546 833
402 993 439 993 439 1021 402 1021
554 597 570 597 570 626 554 626
758 928 784 928 784 957 758 957
479 948 511 948 511 977 479 977
204 1004 220 1004 220 1033 204 1033
624 964 644 964 644 993 624 993
624 1340 644 1340 644 1369 624 1369
819 487 850 487 850 516 819 516
821 937 860 937 860 966 821 966
696 1171 711 1171 711 1201 696 1201
487 763 505 763 505 793 487 793
830 781 849 781 849 811 830 811
483 1015 505 1015 505 1045 483 1045
58 919 90 919 90 949 58 949
260 1369 294 1369 294 1399 260 1399
684 941 719 941 719 971 684 971
686 1204 721 1204 721 1234 686 1234
66 890 82 890 82 920 66 920
556 1171 574 1171 574 1201 556 1201
191 869 226 869 226 899 191 899
619 1278 656 1278 656 1308 619 1308
204 434 220 434 220 465 204 465
339 883 358 883 358 914 339 914
345 347 365 347 365 378 345 378
269 983 299 983 299 1014 269 1014
617 781 650 781 650 812 617 812
548 393 584 393 584 424 548 424
259 1342 297 1342 297 1373 259 1373
611 1010 653 1010 653 1041 611 1041
478 329 506 329 506 360 478 360
757 1209 790 1209 790 1240 757 1240
616 1084 649 1084 649 1115 616 1115
265 1285 298 1285 298 1316 265 1316
819 749 868 749 868 780 819 780
272 1095 291 1095 291 1126 272 1126
479 1340 509 1340 509 1371 479 1371
335 1238 373 1238 373 1269 335 1269
49 750 94 750 94 781 49 781
761 1048 777 1048 777 1080 761 1080
60 659 78 659 78 691 60 691
623 1369 642 1369 642 1401 623 1401
481 522 501 522 501 554 481 554
60 1055 88 1055 88 1087 60 1087
405 438 434 438 434 470 405 470
264 410 294 410 294 442 264 442
829 1088 860 1088 860 1120 829 1120
620 1306 653 1306 653 1338 620 1338
410 799 444 799 444 831 410 831
822 651 850 651 850 683 822 683
764 718 780 718 780 751 764 751
687 313 713 313 713 346 687 346
757 577 788 577 788 610 757 610
619 615 650 615 650 648 619 648
411 891 443 891 443 924 411 924
615 369 651 369 651 402 615 402
754 1178 791 1178 791 1211 754 1211
54 1327 94 1327 94 1360 54 1360
544 944 587 944 587 977 544 977
836 1055 853 1055 853 1088 836 1088
400 630 453 630 453 663 400 663
833 811 850 811 850 844 833 844
826 712 849 712 849 745 826 745
617 1047 648 1047 648 1080 617 1080
192 355 224 355 224 388 192 388
560 854 575 854 575 888 560 888
692 1047 708 1047 708 1081 692 1081
485 490 503 490 503 524 485 524
761 1142 780 1142 780 1176 761 1176
695 1334 716 1334 716 1368 695 1368
339 618 369 618 369 652 339 652
193 1063 229 1063 229 1097 193 1097
194 1093 234 1093 234 1127 194 1127
192 593 237 593 237 627 192 627
821 844 855 844 855 878 821 878
544 910 591 910 591 944 544 944
551 334 573 334 573 369 551 369
762 359 792 359 792 394 762 394
336 1180 369 1180 369 1215 336 1215
333 517 372 517 372 552 333 552
262 591 304 591 304 626 262 626
482 1226 506 1226 506 1261 482 1261
265 759 295 759 295 794 265 794
548 977 579 977 579 1012 548 1012
550 1201 587 1201 587 1236 550 1236
502 839 511 839 511 874 502 874
560 1231 574 1231 574 1266 560 1266
62 1114 78 1114 78 1149 62 1149
272 1250 291 1250 291 1285 272 1285
625 515 646 515 646 550 625 550
483 687 504 687 504 722 483 722
129 285 154 285 154 320 129 320
817 587 852 587 852 622 817 622
818 289 858 289 858 324 818 324
122 405 162 405 162 440 122 440
546 485 587 485 587 520 546 520
264 490 310 490 310 525 264 525
421 858 426 858 426 894 421 894
200 836 221 836 221 872 200 872
261 948 297 948 297 984 261 984
332 234 369 234 369 270 332 270
758 1291 793 1291 793 1327 758 1327
751 1117 793 1117 793 1153 751 1153
473 456 518 456 518 492 473 492
482 287 502 287 502 324 482 324
620 338 651 338 651 375 620 375
333 911 367 911 367 948 333 948
477 981 512 981 512 1018 477 1018
761 1362 796 1362 796 1399 761 1399
545 651 582 651 582 688 545 688
51 995 98 995 98 1032 51 1032
218 518 228 518 228 555 218 555
489 1304 506 1304 506 1341 489 1341
60 782 80 782 80 819 60 819
485 1147 513 1147 513 1184 485 1184
56 687 87 687 87 724 56 724
338 1304 370 1304 370 1341 338 1341
476 723 511 723 511 760 476 760
477 1190 514 1190 514 1227 477 1227
262 348 303 348 303 385 262 385
189 1196 237 1196 237 1233 189 1233
63 1151 81 1151 81 1188 63 1188
55 324 77 324 77 361 55 361
197 1127 225 1127 225 1164 197 1164
753 1079 785 1079 785 1116 753 1116
621 1241 653 1241 653 1278 621 1278
755 610 788 610 788 647 755 647
619 552 654 552 654 589 619 589
264 697 301 697 301 734 264 734
264 665 301 665 301 702 264 702
191 801 228 801 228 838 191 838
546 1296 585 1296 585 1333 546 1333
194 761 234 761 234 798 194 798
67 401 82 401 82 439 67 439
264 1218 299 1218 299 1256 264 1256
546 520 581 520 581 558 546 558
404 316 441 316 441 354 404 354
483 1265 520 1265 520 1303 483 1303
192 490 233 490 233 528 192 528
51 433 96 433 96 471 51 471
53 818 99 818 99 856 53 856
345 1266 363 1266 363 1304 345 1304
477 557 508 557 508 595 477 595
189 313 228 313 228 351 189 351
546 421 579 421 579 460 546 460
757 800 792 800 792 839 757 839
335 1119 377 1119 377 1158 335 1158
332 1365 376 1365 376 1404 332 1404
814 519 863 519 863 558 814 558
427 339 439 339 439 378 427 378
765 677 785 677 785 716 765 716
264 796 302 796 302 835 264 835
474 817 512 817 512 856 474 856
264 626 307 626 307 665 264 665
338 1341 357 1341 357 1380 338 1380
342 996 363 996 363 1035 342 1035
480 617 507 617 507 656 480 656
482 388 513 388 513 427 482 427
825 964 856 964 856 1003 825 1003
269 520 301 520 301 559 269 559
191 553 239 553 239 592 191 592
413 953 433 953 433 993 413 993
620 475 648 475 648 515 620 515
53 362 91 362 91 402 53 402
411 596 430 596 430 636 411 636
827 352 849 352 849 392 827 392
549 1096 576 1096 576 1136 549 1136
332 682 372 682 372 722 332 722
408 471 436 471 436 512 408 512
819 192 851 192 851 233 819 233
548 555 580 555 580 596 548 596
341 577 363 577 363 618 341 618
263 1058 303 1058 303 1099 263 1099
56 1287 92 1287 92 1328 56 1328
50 286 87 286 87 327 50 327
122 319 161 319 161 360 122 360
749 436 794 436 794 477 749 477
611 712 663 712 663 753 611 753
691 1002 713 1002 713 1044 691 1044
59 1191 85 1191 85 1233 59 1233
334 771 373 771 373 813 334 813
41 225 88 225 88 267 41 267
52 569 93 569 93 611 52 611
260 1015 305 1015 305 1057 260 1057
411 513 429 513 429 556 411 556
193 388 225 388 225 431 193 431
755 317 792 317 792 360 755 360
49 858 92 858 92 901 49 901
403 696 447 696 447 739 403 739
683 874 728 874 728 917 683 917
686 346 725 346 725 389 686 389
62 950 95 950 95 993 62 993
332 188 371 188 371 231 332 231
332 386 374 386 374 429 332 429
611 1192 657 1192 657 1236 611 1236
570 1327 581 1327 581 1371 570 1371
826 383 844 383 844 427 826 427
754 390 793 390 793 434 754 434
753 484 792 484 792 528 753 528
684 784 722 784 722 829 684 829
544 1039 585 1039 585 1084 544 1084
52 518 96 518 96 563 52 563
817 436 862 436 862 481 817 481
681 1287 730 1287 730 1332 681 1332
622 841 648 841 648 886 622 886
617 1115 653 1115 653 1160 617 1160
403 392 444 392 444 437 403 437
682 643 723 643 723 688 682 688
127 358 150 358 150 404 127 404
686 599 728 599 728 645 686 645
187 962 229 962 229 1008 187 1008
686 435 725 435 725 481 686 481
686 387 727 387 727 433 686 433
333 838 374 838 374 884 333 884
552 287 571 287 571 334 552 334
688 1123 711 1123 711 1170 688 1170
52 611 90 611 90 658 52 658
334 1071 377 1071 377 1118 334 1118
621 891 651 891 651 939 621 939
336 724 369 724 369 773 336 773
572 669 581 669 581 718 572 718
550 735 583 735 583 784 550 784
682 685 725 685 725 735 682 735
474 895 519 895 519 946 474 946
683 1240 737 1240 737 1291 683 1291
189 626 232 626 232 678 189 678
749 528 796 528 796 581 749 581
335 437 372 437 372 490 335 490
686 733 723 733 723 786 686 786
832 1004 859 1004 859 1058 832 1058
615 285 650 285 650 339 615 339
402 741 445 741 445 795 402 795
191 1260 237 1260 237 1315 191 1315
188 903 235 903 235 958 188 958
689 540 720 540 720 595 689 595
693 1061 724 1061 724 1116 693 1116
483 1037 516 1037 516 1092 483 1092
259 285 300 285 300 340 259 340
621 652 651 652 651 708 621 708
72 458 80 458 80 515 72 515
683 821 727 821 727 879 683 879
771 733 794 733 794 793 771 793
767 937 795 937 795 1000 767 1000
687 479 716 479 716 542 687 542
765 990 773 990 773 1054 765 1054
413 529 442 529 442 594 413 594
