705 359 717 359 717 367 705 367
761 1109 782 1109 782 1119 761 1119
728 1173 753 1173 753 1185 728 1185
763 1242 784 1242 784 1255 763 1255
431 868 445 868 445 881 431 881
765 1276 778 1276 778 1289 765 1289
625 1104 639 1104 639 1117 625 1117
422 1267 453 1267 453 1280 422 1280
99 1202 129 1202 129 1216 99 1216
171 596 187 596 187 611 171 611
499 337 516 337 516 352 499 352
753 850 771 850 771 865 753 865
99 534 128 534 128 549 99 549
763 1315 779 1315 779 1330 763 1330
672 1005 692 1005 692 1020 672 1020
424 985 455 985 455 1000 424 1000
688 498 705 498 705 514 688 514
495 699 514 699 514 715 495 715
667 1051 692 1051 692 1067 667 1067
676 801 689 801 689 817 676 817
559 952 576 952 576 968 559 968
747 316 784 316 784 333 747 333
172 663 185 663 185 680 172 680
563 368 580 368 580 385 563 385
812 794 830 794 830 811 812 811
701 931 722 931 722 948 701 948
634 567 656 567 656 584 634 584
233 763 258 763 258 780 233 780
550 1290 578 1290 578 1307 550 1307
735 1153 750 1153 750 1171 735 1171
620 766 642 766 642 784 620 784
559 658 575 658 575 676 559 676
303 1076 320 1076 320 1094 303 1094
812 1272 830 1272 830 1290 812 1290
623 1246 642 1246 642 1264 623 1264
235 628 255 628 255 646 235 646
732 1072 754 1072 754 1090 732 1090
636 519 663 519 663 537 636 537
556 387 591 387 591 405 556 405
105 461 124 461 124 479 105 479
493 858 518 858 518 877 493 877
561 749 589 749 589 768 561 768
97 485 128 485 128 504 97 504
500 506 517 506 517 525 500 525
569 406 588 406 588 425 569 425
614 930 645 930 645 949 614 949
806 1316 841 1316 841 1335 806 1335
160 1103 196 1103 196 1122 160 1122
111 907 121 907 121 926 111 926
756 1255 786 1255 786 1274 756 1274
496 1188 513 1188 513 1208 496 1208
494 1046 513 1046 513 1066 494 1066
558 834 580 834 580 854 558 854
96 403 128 403 128 423 96 423
752 1004 769 1004 769 1024 752 1024
563 482 582 482 582 502 563 502
165 1011 186 1011 186 1031 165 1031
672 846 695 846 695 867 672 867
668 948 691 948 691 969 668 969
623 1147 649 1147 649 1168 623 1168
624 716 639 716 639 738 624 738
623 1265 644 1265 644 1287 623 1287
359 499 397 499 397 521 359 521
766 1218 779 1218 779 1240 766 1240
369 633 385 633 385 655 369 655
109 1178 125 1178 125 1200 109 1200
557 1266 574 1266 574 1288 557 1288
755 434 774 434 774 456 755 456
104 884 123 884 123 906 104 906
622 907 642 907 642 929 622 929
493 451 518 451 518 473 493 473
621 1124 646 1124 646 1146 621 1146
428 961 447 961 447 983 428 983
108 1219 129 1219 129 1241 108 1241
162 1187 189 1187 189 1209 162 1209
237 312 269 312 269 334 237 334
766 1293 776 1293 776 1316 766 1316
675 894 695 894 695 917 675 917
732 1099 755 1099 755 1122 732 1122
296 224 330 224 330 247 296 247
746 878 781 878 781 901 746 901
613 819 650 819 650 842 613 842
164 711 207 711 207 734 164 734
622 1051 639 1051 639 1074 622 1074
673 869 697 869 697 892 673 892
636 486 661 486 661 509 636 509
614 1287 648 1287 648 1310 614 1310
431 1243 445 1243 445 1267 431 1267
562 898 576 898 576 922 562 922
166 1035 195 1035 195 1059 166 1059
549 1078 588 1078 588 1102 549 1102
614 1166 653 1166 653 1190 614 1190
691 441 704 441 704 465 691 465
812 735 828 735 828 759 812 759
631 452 663 452 663 476 631 476
553 426 587 426 587 450 553 450
737 1227 755 1227 755 1251 737 1251
672 820 694 820 694 844 672 844
761 1189 785 1189 785 1213 761 1213
165 681 195 681 195 705 165 705
703 717 734 717 734 741 703 741
556 504 588 504 588 528 556 528
626 317 658 317 658 341 626 341
486 1068 518 1068 518 1092 486 1092
612 845 646 845 646 869 612 869
620 346 656 346 656 370 620 370
614 1028 652 1028 652 1052 614 1052
238 734 255 734 255 759 238 759
170 1164 188 1164 188 1189 170 1189
620 376 656 376 656 401 620 401
90 504 131 504 131 529 90 529
434 711 451 711 451 736 434 736
811 1216 830 1216 830 1241 811 1241
731 1126 752 1126 752 1151 731 1151
494 832 515 832 515 857 494 857
97 1250 129 1250 129 1275 97 1275
616 1191 650 1191 650 1216 616 1216
801 886 837 886 837 911 801 911
498 642 514 642 514 667 498 667
635 585 654 585 654 610 635 610
732 1250 753 1250 753 1275 732 1275
689 633 712 633 712 658 689 658
424 538 456 538 456 563 424 563
676 1069 685 1069 685 1095 676 1095
496 389 515 389 515 415 496 415
560 1170 579 1170 579 1196 560 1196
706 746 727 746 727 772 706 772
815 947 836 947 836 973 815 973
671 1024 694 1024 694 1050 671 1050
106 346 133 346 133 372 106 372
700 820 727 820 727 846 700 846
421 1176 450 1176 450 1202 421 1202
553 1201 584 1201 584 1227 553 1227
430 393 462 393 462 419 430 419
302 1226 323 1226 323 1252 302 1252
732 1306 755 1306 755 1332 732 1332
674 774 690 774 690 800 674 800
750 792 767 792 767 818 750 818
171 804 189 804 189 830 171 830
819 349 838 349 838 375 819 375
667 977 696 977 696 1003 667 1003
365 464 396 464 396 490 365 490
489 718 523 718 523 744 489 744
294 347 331 347 331 373 294 373
99 1306 136 1306 136 1332 99 1332
482 877 521 877 521 903 482 903
639 538 654 538 654 565 639 565
562 310 580 310 580 337 562 337
303 1018 322 1018 322 1045 303 1045
101 374 125 374 125 401 101 401
697 1076 725 1076 725 1103 697 1103
727 1278 759 1278 759 1305 727 1305
421 1059 459 1059 459 1086 421 1086
102 779 122 779 122 806 102 806
489 584 516 584 516 611 489 611
298 815 326 815 326 842 298 842
697 982 729 982 729 1009 697 1009
299 615 312 615 312 643 299 643
674 919 692 919 692 947 674 947
747 459 777 459 777 487 747 487
497 773 527 773 527 801 497 801
295 1158 326 1158 326 1186 295 1186
668 745 700 745 700 773 668 773
809 417 841 417 841 445 809 445
99 1275 134 1275 134 1303 99 1303
558 770 580 770 580 798 558 798
617 1072 650 1072 650 1100 617 1100
484 1208 517 1208 517 1236 484 1236
550 628 586 628 586 656 550 656
545 1306 582 1306 582 1334 545 1334
166 347 209 347 209 375 166 375
560 603 577 603 577 631 560 631
804 1241 837 1241 837 1269 804 1269
742 818 780 818 780 846 742 846
612 950 651 950 651 978 612 978
490 306 530 306 530 334 490 334
356 525 396 525 396 553 356 553
298 374 323 374 323 403 298 403
756 1155 784 1155 784 1184 756 1184
688 518 718 518 718 547 688 547
617 735 649 735 649 764 617 764
229 596 266 596 266 625 229 625
742 901 781 901 781 930 742 930
550 1011 590 1011 590 1040 550 1040
169 947 189 947 189 976 169 976
804 1012 840 1012 840 1041 804 1041
243 336 258 336 258 365 243 365
493 984 513 984 513 1013 493 1013
698 1046 719 1046 719 1075 698 1075
364 688 390 688 390 717 364 717
747 369 779 369 779 398 747 398
552 920 588 920 588 949 552 949
422 565 461 565 461 594 422 594
97 662 137 662 137 691 97 691
433 762 451 762 451 792 433 792
761 336 787 336 787 366 761 366
620 654 653 654 653 684 620 684
293 881 331 881 331 911 293 911
237 566 254 566 254 596 237 596
620 1215 640 1215 640 1245 620 1245
685 466 717 466 717 496 685 496
165 832 198 832 198 862 165 862
554 335 589 335 589 365 554 365
813 265 851 265 851 295 813 295
558 679 578 679 578 710 558 710
559 449 588 449 588 480 559 480
491 475 524 475 524 506 491 506
490 666 524 666 524 697 490 697
554 531 589 531 589 562 554 562
155 1209 190 1209 190 1240 155 1240
804 1285 844 1285 844 1316 804 1316
421 737 464 737 464 768 421 768
172 529 187 529 187 560 172 560
299 550 316 550 316 581 299 581
623 405 646 405 646 436 623 436
295 579 322 579 322 610 295 610
297 1253 325 1253 325 1284 297 1284
744 1025 776 1025 776 1056 744 1056
99 632 131 632 131 663 99 663
494 418 531 418 531 449 494 449
678 662 716 662 716 693 678 693
609 1308 649 1308 649 1339 609 1339
493 549 521 549 521 580 493 580
616 873 645 873 645 904 616 904
493 356 527 356 527 387 493 387
228 529 262 529 262 560 228 560
102 1006 136 1006 136 1037 102 1037
425 603 460 603 460 634 425 634
488 612 532 612 532 643 488 643
234 369 264 369 264 401 234 401
368 657 386 657 386 689 368 689
549 795 587 795 587 827 549 827
293 1042 334 1042 334 1074 293 1074
299 311 318 311 318 343 299 343
103 424 129 424 129 456 103 456
486 908 525 908 525 940 486 940
295 255 338 255 338 287 295 287
698 949 724 949 724 982 698 982
758 1071 788 1071 788 1104 758 1104
618 787 649 787 649 820 618 820
803 913 840 913 840 946 803 946
424 674 462 674 462 707 424 707
806 1095 845 1095 845 1128 806 1128
288 646 328 646 328 679 288 679
806 313 847 313 847 346 806 346
741 1185 747 1185 747 1218 741 1218
490 1154 511 1154 511 1187 490 1187
702 786 727 786 727 819 702 819
494 748 525 748 525 781 494 781
810 760 841 760 841 793 810 793
422 1207 455 1207 455 1240 422 1240
160 559 194 559 194 592 160 592
362 560 391 560 391 594 362 594
160 976 197 976 197 1010 160 1010
740 933 781 933 781 967 740 967
428 456 459 456 459 490 428 490
422 829 455 829 455 863 422 863
752 399 773 399 773 433 752 433
168 771 191 771 191 805 168 805
745 965 775 965 775 999 745 999
554 975 585 975 585 1009 554 1009
486 1010 518 1010 518 1044 486 1044
677 407 721 407 721 441 677 441
106 1038 125 1038 125 1073 106 1073
163 1065 188 1065 188 1100 163 1100
428 1135 454 1135 454 1170 428 1170
369 346 395 346 395 381 369 381
807 849 840 849 840 884 807 884
166 465 200 465 200 500 166 500
802 813 836 813 836 848 802 848
230 493 269 493 269 528 230 528
547 1140 590 1140 590 1175 547 1175
498 524 519 524 519 559 498 559
703 847 726 847 726 882 703 882
236 403 264 403 264 438 236 438
425 882 453 882 453 917 425 917
685 596 717 596 717 631 685 631
427 640 462 640 462 675 427 675
229 652 269 652 269 687 229 687
617 681 658 681 658 716 617 716
488 1124 529 1124 529 1159 488 1159
292 1125 338 1125 338 1160 292 1160
302 781 317 781 317 817 302 817
297 983 333 983 333 1019 297 1019
805 695 848 695 848 731 805 731
303 1188 321 1188 321 1224 303 1224
484 1095 519 1095 519 1131 484 1131
220 780 258 780 258 816 220 816
166 312 204 312 204 348 166 348
293 950 335 950 335 986 293 986
561 1043 583 1043 583 1080 561 1080
160 912 197 912 197 949 160 949
806 659 835 659 835 696 806 696
490 797 520 797 520 834 490 834
163 619 198 619 198 656 163 656
292 845 332 845 332 882 292 882
686 553 708 553 708 590 686 590
172 375 194 375 194 412 172 412
807 972 840 972 840 1009 807 1009
295 1097 331 1097 331 1134 295 1134
294 912 333 912 333 949 294 949
159 499 205 499 205 536 159 536
559 708 585 708 585 746 559 746
165 1123 194 1123 194 1161 165 1161
99 1071 134 1071 134 1109 99 1109
809 620 847 620 847 658 809 658
743 574 781 574 781 612 743 612
360 594 398 594 398 632 360 632
742 706 784 706 784 744 742 744
98 965 132 965 132 1004 98 1004
97 694 136 694 136 733 97 733
96 926 135 926 135 965 96 965
378 381 386 381 386 420 378 420
552 1225 573 1225 573 1264 552 1264
101 846 126 846 126 885 101 885
100 806 125 806 125 845 100 845
808 376 843 376 843 415 808 415
808 580 848 580 848 619 808 619
681 369 721 369 721 408 681 408
701 886 724 886 724 926 701 926
559 1101 582 1101 582 1141 559 1141
430 416 462 416 462 456 430 456
808 490 848 490 848 530 808 530
801 1172 843 1172 843 1212 801 1212
618 612 661 612 661 652 618 652
97 550 138 550 138 590 97 590
428 791 454 791 454 831 428 831
419 917 456 917 456 957 419 957
287 449 330 449 330 489 287 489
811 447 837 447 837 488 811 488
746 531 781 531 781 572 746 572
302 404 320 404 320 445 302 445
225 442 271 442 271 483 225 483
177 729 186 729 186 770 177 770
360 425 396 425 396 466 360 466
743 659 780 659 780 700 743 700
803 1131 846 1131 846 1172 803 1172
430 493 461 493 461 535 430 535
163 415 205 415 205 457 163 457
747 489 787 489 787 531 747 531
490 940 518 940 518 983 490 983
553 856 588 856 588 899 553 899
422 345 462 345 462 389 422 389
159 865 207 865 207 909 159 909
555 560 593 560 593 604 555 604
807 535 850 535 850 579 807 579
690 311 717 311 717 355 690 355
743 613 784 613 784 659 743 659
740 743 782 743 782 789 740 789
298 679 324 679 324 725 298 725
236 685 265 685 265 731 236 731
609 979 647 979 647 1026 609 1026
290 728 325 728 325 776 290 776
425 1090 462 1090 462 1138 425 1138
286 501 324 501 324 551 286 551
95 730 137 730 137 780 95 780
163 227 204 227 204 278 163 278
802 1044 850 1044 850 1095 802 1095
419 1280 459 1280 459 1331 419 1331
424 1002 458 1002 458 1056 424 1056
