759 619 785 619 785 632 759 632
478 933 508 933 508 947 478 947
345 1265 357 1265 357 1279 345 1279
480 567 505 567 505 582 480 582
686 873 714 873 714 888 686 888
615 1259 647 1259 647 1274 615 1274
341 568 374 568 374 583 341 583
411 545 446 545 446 560 411 560
276 1331 299 1331 299 1348 276 1348
690 548 718 548 718 565 690 565
337 1212 365 1212 365 1229 337 1229
134 1246 155 1246 155 1263 134 1263
614 1274 638 1274 638 1291 614 1291
893 1253 927 1253 927 1270 893 1270
750 900 785 900 785 918 750 918
898 550 926 550 926 569 898 569
757 531 786 531 786 550 757 550
133 796 173 796 173 815 133 815
832 668 849 668 849 687 832 687
622 422 647 422 647 441 622 441
897 901 923 901 923 920 897 920
550 403 585 403 585 422 550 422
200 467 246 467 246 486 200 486
420 329 440 329 440 348 420 348
340 1161 367 1161 367 1180 340 1180
765 1369 784 1369 784 1389 765 1389
550 834 571 834 571 854 550 854
417 562 440 562 440 582 417 582
481 1036 508 1036 508 1056 481 1056
556 752 575 752 575 772 556 772
692 571 715 571 715 591 692 591
686 691 717 691 717 711 686 711
347 837 364 837 364 858 347 858
618 873 654 873 654 894 618 894
486 763 501 763 501 784 486 784
273 1134 292 1134 292 1155 273 1155
483 680 505 680 505 702 483 702
547 778 577 778 577 800 547 800
137 676 172 676 172 698 137 698
468 1057 517 1057 517 1079 468 1079
126 1299 177 1299 177 1321 126 1321
896 1232 915 1232 915 1254 896 1254
621 994 640 994 640 1016 621 1016
753 1194 784 1194 784 1216 753 1216
542 854 582 854 582 876 542 876
483 391 526 391 526 413 483 413
192 1065 237 1065 237 1087 192 1087
558 379 579 379 579 402 558 402
137 301 175 301 175 324 137 324
339 429 379 429 379 452 339 452
614 1334 633 1334 633 1357 614 1357
477 780 506 780 506 803 477 803
541 1088 584 1088 584 1111 541 1111
468 1271 514 1271 514 1294 468 1294
205 799 231 799 231 823 205 823
482 1013 502 1013 502 1037 482 1037
696 352 717 352 717 376 696 376
548 640 582 640 582 664 548 664
889 1273 925 1273 925 1297 889 1297
543 1013 580 1013 580 1037 543 1037
891 1331 928 1331 928 1355 891 1355
199 951 240 951 240 975 199 975
269 780 305 780 305 805 269 805
281 500 302 500 302 525 281 525
471 805 511 805 511 830 471 830
770 383 785 383 785 408 770 408
765 844 780 844 780 869 765 869
549 901 574 901 574 926 549 926
818 1196 851 1196 851 1221 818 1221
331 847 378 847 378 872 331 872
145 644 164 644 164 670 145 670
755 1336 783 1336 783 1362 755 1362
899 346 932 346 932 372 899 372
264 1194 301 1194 301 1220 264 1220
836 360 851 360 851 386 836 386
825 498 851 498 851 524 825 524
897 416 927 416 927 442 897 442
348 1280 356 1280 356 1307 348 1307
694 666 713 666 713 693 694 693
616 964 648 964 648 991 616 991
337 683 371 683 371 710 337 710
480 988 514 988 514 1015 480 1015
680 1251 718 1251 718 1278 680 1278
476 703 515 703 515 730 476 730
679 713 719 713 719 740 679 740
199 702 241 702 241 729 199 729
267 450 311 450 311 477 267 477
831 641 848 641 848 668 831 668
817 1111 857 1111 857 1138 817 1138
821 621 867 621 867 648 821 648
486 1063 499 1063 499 1090 486 1090
908 922 929 922 929 949 908 949
907 871 920 871 920 899 907 899
211 565 232 565 232 593 211 593
212 1121 233 1121 233 1149 212 1149
751 870 789 870 789 898 751 898
696 299 736 299 736 327 696 327
408 587 449 587 449 615 408 615
766 699 783 699 783 727 766 727
205 1007 222 1007 222 1035 205 1035
758 1140 775 1140 775 1168 758 1168
690 1014 708 1014 708 1042 690 1042
544 1058 577 1058 577 1086 544 1086
682 1085 718 1085 718 1113 682 1113
608 1019 645 1019 645 1047 608 1047
747 1218 789 1218 789 1246 747 1246
330 1180 374 1180 374 1208 330 1208
838 598 849 598 849 626 838 626
552 871 570 871 570 899 552 899
490 331 514 331 514 359 490 359
414 514 442 514 442 542 414 542
825 524 855 524 855 552 825 552
894 602 927 602 927 630 894 630
340 403 375 403 375 431 340 431
618 895 654 895 654 923 618 923
131 1092 169 1092 169 1120 131 1120
821 416 869 416 869 444 821 444
347 1058 366 1058 366 1087 347 1087
282 471 305 471 305 500 282 500
616 1226 642 1226 642 1255 616 1255
480 729 512 729 512 758 480 758
819 1018 854 1018 854 1047 819 1047
760 920 781 920 781 949 760 949
545 1110 574 1110 574 1139 545 1139
830 297 864 297 864 326 830 326
613 720 651 720 651 749 613 749
753 950 793 950 793 979 753 979
480 360 522 360 522 389 480 389
271 1045 290 1045 290 1075 271 1075
204 921 227 921 227 951 204 951
549 1178 581 1178 581 1208 549 1208
618 556 651 556 651 586 618 586
687 490 722 490 722 520 687 520
762 635 775 635 775 665 762 665
901 1009 918 1009 918 1039 901 1039
473 829 513 829 513 859 473 859
476 535 516 535 516 565 476 565
887 1300 929 1300 929 1330 887 1330
337 371 381 371 381 401 337 401
211 480 232 480 232 510 211 510
687 517 716 517 716 547 687 547
198 892 237 892 237 922 198 922
557 1029 572 1029 572 1060 557 1060
486 647 505 647 505 678 486 678
543 1317 568 1317 568 1348 543 1348
137 524 164 524 164 555 137 555
421 295 449 295 449 326 421 326
338 806 370 806 370 837 338 837
127 1026 168 1026 168 1057 127 1057
482 1090 504 1090 504 1121 482 1121
134 491 169 491 169 522 134 522
683 1185 718 1185 718 1216 683 1216
614 752 653 752 653 783 614 783
195 1148 240 1148 240 1179 195 1179
548 1285 565 1285 565 1317 548 1317
829 1128 847 1128 847 1160 829 1160
493 297 513 297 513 329 493 329
415 620 440 620 440 652 415 652
826 799 854 799 854 831 826 831
470 1291 507 1291 507 1323 470 1323
818 1081 856 1081 856 1113 818 1113
337 913 375 913 375 945 337 945
685 1113 705 1113 705 1145 685 1145
136 1265 157 1265 157 1297 136 1297
757 1278 779 1278 779 1310 757 1310
409 717 438 717 438 749 409 749
824 386 853 386 853 418 824 418
196 1034 227 1034 227 1066 196 1066
895 763 928 763 928 795 895 795
685 596 726 596 726 628 685 628
128 1215 173 1215 173 1247 128 1247
754 1306 788 1306 788 1338 754 1338
756 585 790 585 790 617 756 617
271 570 306 570 306 602 271 602
546 801 583 801 583 833 546 833
133 821 172 821 172 853 133 853
403 348 450 348 450 380 403 380
830 330 858 330 858 363 830 363
611 1357 640 1357 640 1390 611 1390
201 824 233 824 233 857 201 857
749 1167 784 1167 784 1200 749 1200
337 945 376 945 376 978 337 978
268 889 308 889 308 922 268 922
124 1058 168 1058 168 1091 124 1091
696 323 729 323 729 356 696 356
618 487 653 487 653 520 618 520
198 1087 234 1087 234 1120 198 1120
344 1124 362 1124 362 1158 344 1158
691 1215 713 1215 713 1249 691 1249
623 923 646 923 646 957 623 957
894 481 929 481 929 515 894 515
334 1232 372 1232 372 1266 334 1266
819 833 859 833 859 867 819 867
547 205 595 205 595 239 547 239
350 530 367 530 367 564 350 564
207 729 231 729 231 763 207 763
207 666 233 666 233 700 207 700
337 1350 363 1350 363 1384 337 1384
891 1039 923 1039 923 1073 891 1073
893 570 931 570 931 604 893 604
140 1352 158 1352 158 1386 140 1386
275 1262 294 1262 294 1296 275 1296
205 856 231 856 231 890 205 890
271 746 301 746 301 780 271 780
477 858 508 858 508 892 477 892
476 1157 508 1157 508 1191 476 1191
823 766 856 766 856 800 823 800
134 1317 156 1317 156 1352 134 1352
348 453 373 453 373 488 348 488
337 1308 365 1308 365 1343 337 1343
545 1249 579 1249 579 1284 545 1284
195 977 231 977 231 1012 195 1012
752 1024 792 1024 792 1059 752 1059
464 1325 516 1325 516 1360 464 1360
824 862 857 862 857 897 824 897
614 1198 648 1198 648 1233 614 1233
267 1015 302 1015 302 1050 267 1050
824 693 860 693 860 728 824 728
613 1132 652 1132 652 1167 613 1167
820 1047 860 1047 860 1082 820 1082
751 1246 791 1246 791 1281 751 1281
685 784 729 784 729 819 685 819
413 682 433 682 433 718 413 718
476 1358 497 1358 497 1394 476 1394
479 620 512 620 512 656 479 656
757 728 791 728 791 764 757 764
892 514 929 514 929 550 892 550
609 1164 655 1164 655 1200 609 1200
835 436 852 436 852 472 835 472
266 598 306 598 306 634 266 634
692 629 710 629 710 665 692 665
208 596 236 596 236 632 208 632
417 372 449 372 449 408 417 408
472 1118 508 1118 508 1154 472 1154
611 835 655 835 655 871 611 871
687 410 732 410 732 446 687 446
561 341 586 341 586 378 561 378
620 588 650 588 650 625 620 625
754 458 794 458 794 495 754 495
474 584 519 584 519 621 474 621
141 324 166 324 166 361 141 361
408 485 442 485 442 522 408 522
542 1141 581 1141 581 1178 542 1178
278 711 294 711 294 749 278 749
899 443 932 443 932 481 899 481
268 1220 301 1220 301 1258 268 1258
894 842 930 842 930 880 894 880
547 421 586 421 586 459 547 459
828 558 860 558 860 596 828 596
550 601 585 601 585 639 550 639
752 492 788 492 788 530 752 530
550 716 588 716 588 754 550 754
680 935 718 935 718 973 680 973
272 1155 300 1155 300 1193 272 1193
621 385 656 385 656 423 621 423
204 382 242 382 242 420 204 420
679 1146 721 1146 721 1184 679 1184
279 801 297 801 297 840 279 840
340 977 371 977 371 1016 340 1016
479 490 513 490 513 529 479 529
614 1294 648 1294 648 1333 614 1333
820 1157 855 1157 855 1196 820 1196
681 971 717 971 717 1010 681 1010
274 411 314 411 314 450 274 450
479 411 522 411 522 450 479 450
689 374 733 374 733 413 689 413
209 763 225 763 225 802 209 802
142 598 161 598 161 637 142 637
753 550 790 550 790 589 753 589
130 986 171 986 171 1025 130 1025
409 445 450 445 450 484 409 484
417 653 432 653 432 693 417 693
693 1352 713 1352 713 1392 693 1392
471 950 513 950 513 990 471 990
827 458 848 458 848 498 827 498
681 1313 715 1313 715 1353 681 1353
134 945 170 945 170 985 134 985
680 1275 718 1275 718 1315 680 1315
271 1095 288 1095 288 1135 271 1135
266 1349 299 1349 299 1389 266 1389
613 1092 647 1092 647 1132 613 1132
135 856 171 856 171 896 135 896
893 948 929 948 929 988 893 988
824 940 861 940 861 980 824 980
477 891 516 891 516 931 477 931
261 1071 301 1071 301 1111 261 1111
133 409 177 409 177 449 133 449
132 559 179 559 179 599 132 599
689 1041 710 1041 710 1082 689 1082
891 977 921 977 921 1018 891 1018
201 627 241 627 241 668 201 668
410 409 454 409 454 450 410 450
896 724 924 724 924 765 896 765
615 674 653 674 653 715 615 715
682 890 723 890 723 931 682 931
755 806 789 806 789 848 755 848
688 448 723 448 723 490 688 490
136 221 176 221 176 263 136 263
133 364 178 364 178 406 133 406
546 460 592 460 592 502 546 502
330 1087 376 1087 376 1129 330 1129
621 295 668 295 668 337 621 337
492 1186 513 1186 513 1228 492 1228
899 375 929 375 929 417 899 417
274 332 306 332 306 374 274 374
273 372 307 372 307 414 273 414
750 977 795 977 795 1019 750 1019
683 740 728 740 728 782 683 782
136 697 164 697 164 740 136 740
555 299 594 299 594 342 555 342
891 681 935 681 935 724 891 724
277 1283 285 1283 285 1326 277 1326
137 899 172 899 172 942 137 942
819 727 857 727 857 770 819 770
816 1221 858 1221 858 1264 816 1264
618 444 658 444 658 488 618 488
609 1049 651 1049 651 1093 609 1093
351 865 358 865 358 909 351 909
136 445 163 445 163 489 136 489
758 348 799 348 799 392 758 392
895 299 934 299 934 343 895 343
754 658 796 658 796 702 754 702
265 972 310 972 310 1016 265 1016
275 665 309 665 309 710 275 710
904 797 923 797 923 842 904 842
887 1356 926 1356 926 1401 887 1401
751 762 791 762 791 807 751 807
270 525 313 525 313 570 270 570
621 341 657 341 657 386 621 386
754 409 793 409 793 454 754 454
749 1092 791 1092 791 1137 749 1137
336 764 379 764 379 810 336 810
817 977 861 977 861 1023 817 1023
334 634 380 634 380 680 334 680
891 629 929 629 929 675 891 675
535 1350 576 1350 576 1396 535 1396
268 633 310 633 310 680 268 680
267 838 315 838 315 885 267 885
339 586 375 586 375 633 339 633
343 329 379 329 379 377 343 377
352 489 366 489 366 538 352 538
816 899 862 899 862 948 816 948
334 1013 380 1013 380 1062 334 1062
759 299 801 299 801 348 759 348
203 331 242 331 242 381 203 381
547 554 586 554 586 604 547 604
265 921 307 921 307 971 265 971
680 822 724 822 724 872 680 872
203 515 237 515 237 566 203 566
614 782 653 782 653 833 614 833
468 1223 508 1223 508 1274 468 1274
548 666 582 666 582 718 548 718
132 1122 170 1122 170 1175 132 1175
341 711 378 711 378 764 341 764
550 505 586 505 586 560 550 560
886 1074 926 1074 926 1129 886 1129
887 1130 930 1130 930 1185 887 1185
817 1261 859 1261 859 1322 817 1322
815 1319 861 1319 861 1393 815 1393
