616 554 647 554 647 567 616 567
705 1250 720 1250 720 1263 705 1263
894 739 914 739 914 753 894 753
278 843 303 843 303 857 278 857
145 880 176 880 176 894 145 894
891 1008 916 1008 916 1022 891 1022
212 515 242 515 242 530 212 530
687 897 715 897 715 912 687 912
275 1308 297 1308 297 1324 275 1324
674 1053 722 1053 722 1069 674 1069
150 647 172 647 172 664 150 664
618 776 648 776 648 793 618 793
341 1225 377 1225 377 1242 341 1242
218 590 231 590 231 607 218 607
354 365 374 365 374 383 354 383
755 723 785 723 785 741 755 741
682 1033 714 1033 714 1051 682 1051
821 442 852 442 852 460 821 460
891 385 926 385 926 403 891 403
763 700 784 700 784 719 763 719
418 323 441 323 441 342 418 342
140 381 185 381 185 400 140 400
550 1192 569 1192 569 1211 550 1211
619 412 653 412 653 431 619 431
202 773 249 773 249 792 202 792
623 1013 645 1013 645 1033 623 1033
482 1056 503 1056 503 1077 482 1077
478 1174 504 1174 504 1195 478 1195
210 452 236 452 236 473 210 473
481 350 509 350 509 371 481 371
821 688 851 688 851 709 821 709
214 1158 231 1158 231 1179 214 1179
692 551 714 551 714 572 692 572
275 1352 308 1352 308 1373 275 1373
686 572 715 572 715 593 686 593
141 671 179 671 179 692 141 692
142 793 180 793 180 815 142 815
286 496 308 496 308 518 286 518
630 437 647 437 647 459 630 459
350 1079 371 1079 371 1101 350 1101
828 487 850 487 850 509 828 509
413 474 444 474 444 496 413 496
466 1221 513 1221 513 1243 466 1243
414 345 441 345 441 368 414 368
474 1198 507 1198 507 1221 474 1221
881 1060 914 1060 914 1083 881 1083
675 1263 715 1263 715 1286 675 1286
352 541 372 541 372 564 352 564
823 1164 845 1164 845 1187 823 1187
211 1131 235 1131 235 1154 211 1154
214 315 240 315 240 338 214 338
347 388 375 388 375 411 347 411
822 387 852 387 852 410 822 410
409 430 449 430 449 453 409 453
547 853 590 853 590 876 547 876
151 821 172 821 172 845 151 845
145 1193 169 1193 169 1217 145 1217
208 345 243 345 243 369 208 369
886 460 922 460 922 484 886 484
606 1347 654 1347 654 1371 606 1371
489 563 504 563 504 587 489 587
476 1117 501 1117 501 1141 476 1141
621 1064 647 1064 647 1088 621 1088
566 327 593 327 593 351 566 351
617 680 644 680 644 704 617 704
208 565 236 565 236 589 208 589
208 927 238 927 238 951 208 951
748 1086 781 1086 781 1110 748 1110
206 1217 243 1217 243 1241 206 1241
811 464 861 464 861 488 811 488
150 1136 166 1136 166 1160 150 1160
747 889 779 889 779 913 747 913
618 898 653 898 653 922 618 922
878 1029 923 1029 923 1053 878 1053
826 877 849 877 849 902 826 902
620 1132 644 1132 644 1157 620 1157
898 954 912 954 912 979 898 979
151 584 167 584 167 609 151 609
895 441 920 441 920 466 895 466
282 323 308 323 308 348 282 348
421 449 440 449 440 475 421 475
345 909 372 909 372 935 345 935
891 360 926 360 926 386 891 386
567 351 603 351 603 377 567 377
474 374 516 374 516 400 474 400
891 1251 914 1251 914 1277 891 1277
137 1259 171 1259 171 1285 137 1285
901 1226 917 1226 917 1252 901 1252
279 1026 301 1026 301 1052 279 1052
627 1034 651 1034 651 1060 627 1060
893 534 919 534 919 560 893 560
148 351 174 351 174 377 148 377
891 976 918 976 918 1002 891 1002
888 790 918 790 918 816 888 816
139 1313 172 1313 172 1339 139 1339
202 1246 239 1246 239 1272 202 1272
817 360 861 360 861 386 817 386
486 991 501 991 501 1018 486 1018
349 1199 369 1199 369 1226 349 1226
149 765 172 765 172 792 149 792
547 1037 585 1037 585 1064 547 1064
881 598 924 598 924 625 881 625
900 1348 923 1348 923 1375 900 1375
343 1175 373 1175 373 1202 343 1202
346 709 378 709 378 737 346 737
408 762 441 762 441 790 408 790
342 519 382 519 382 547 342 547
681 624 722 624 722 652 681 652
473 1344 514 1344 514 1372 473 1372
475 677 517 677 517 705 475 705
744 1114 789 1114 789 1142 744 1142
559 878 581 878 581 906 559 906
828 655 850 655 850 683 828 683
882 328 927 328 927 356 882 356
889 1278 916 1278 916 1306 889 1306
484 323 513 323 513 351 484 351
408 496 449 496 449 524 408 524
537 1161 578 1161 578 1189 537 1189
884 864 925 864 925 892 884 892
883 483 927 483 927 511 883 511
473 1085 510 1085 510 1114 473 1114
404 1051 442 1051 442 1080 404 1080
841 956 850 956 850 985 841 985
544 1346 566 1346 566 1375 544 1375
486 1142 512 1142 512 1171 486 1171
688 413 718 413 718 442 688 442
280 349 311 349 311 378 280 378
408 934 441 934 441 963 408 963
408 1130 443 1130 443 1159 408 1159
138 1284 176 1284 176 1313 138 1313
545 956 584 956 584 985 545 985
137 1161 176 1161 176 1190 137 1190
546 571 587 571 587 600 546 600
408 370 455 370 455 399 408 399
620 1218 641 1218 641 1247 620 1247
816 1023 846 1023 846 1052 816 1052
138 1338 175 1338 175 1367 138 1367
142 431 182 431 182 460 142 460
202 530 242 530 242 559 202 559
677 595 721 595 721 624 677 624
629 833 649 833 649 863 629 863
627 1246 648 1246 648 1276 627 1276
617 746 651 746 651 776 617 776
818 899 852 899 852 929 818 929
276 609 316 609 316 639 276 639
820 550 861 550 861 580 820 580
341 1055 383 1055 383 1085 341 1085
753 1144 786 1144 786 1174 753 1174
611 1188 647 1188 647 1218 611 1218
882 1124 922 1124 922 1154 882 1154
610 616 652 616 652 646 610 646
495 471 502 471 502 502 495 502
701 482 709 482 709 513 701 513
275 1238 302 1238 302 1269 275 1269
344 564 376 564 376 595 344 595
746 1302 781 1302 781 1333 746 1333
884 759 923 759 923 790 884 790
886 891 921 891 921 922 886 922
139 1018 175 1018 175 1049 139 1049
885 509 922 509 922 540 885 540
413 651 452 651 452 682 413 682
820 410 863 410 863 441 820 441
348 486 377 486 377 517 348 517
279 429 314 429 314 460 279 460
547 478 584 478 584 509 547 509
475 1322 514 1322 514 1353 475 1353
680 378 723 378 723 409 680 409
821 982 868 982 868 1013 821 1013
823 329 860 329 860 361 823 361
818 1342 856 1342 856 1374 818 1374
272 682 312 682 312 714 272 714
143 845 174 845 174 877 143 877
278 710 314 710 314 742 278 742
886 704 925 704 925 736 886 736
883 405 922 405 922 437 883 437
344 414 384 414 384 446 344 446
473 584 514 584 514 616 473 616
684 746 709 746 709 779 684 779
344 738 376 738 376 771 344 771
202 955 235 955 235 988 202 988
477 1016 508 1016 508 1049 477 1049
408 899 445 899 445 932 408 932
674 1340 712 1340 712 1373 674 1373
883 1150 923 1150 923 1183 883 1183
269 1327 317 1327 317 1360 269 1360
493 647 515 647 515 680 493 680
546 442 589 442 589 475 546 475
545 647 599 647 599 680 545 680
287 1269 293 1269 293 1303 287 1303
475 615 516 615 516 649 475 649
820 752 861 752 861 786 820 786
141 899 169 899 169 933 141 933
682 998 719 998 719 1032 682 1032
142 509 179 509 179 543 142 543
817 1232 856 1232 856 1266 817 1266
205 893 249 893 249 927 205 927
408 615 453 615 453 649 408 649
212 418 237 418 237 453 212 453
622 645 650 645 650 680 622 680
549 526 579 526 579 561 549 561
687 656 723 656 723 691 687 691
207 607 248 607 248 642 207 642
408 727 450 727 450 762 408 762
612 326 656 326 656 361 612 361
700 818 710 818 710 853 700 853
346 1017 371 1017 371 1052 346 1052
402 1012 443 1012 443 1047 402 1047
485 399 508 399 508 434 485 434
753 964 780 964 780 999 753 999
210 479 242 479 242 514 210 514
817 931 850 931 850 966 817 966
481 439 514 439 514 474 481 474
345 936 379 936 379 971 345 971
550 683 588 683 588 718 550 718
545 723 588 723 588 758 545 758
204 1180 247 1180 247 1215 204 1215
199 1329 246 1329 246 1364 199 1364
542 1260 576 1260 576 1296 542 1296
611 1310 648 1310 648 1346 611 1346
139 731 184 731 184 767 139 767
469 1289 515 1289 515 1325 469 1325
544 1311 563 1311 563 1347 544 1347
344 1252 376 1252 376 1288 344 1288
207 1093 240 1093 240 1129 207 1129
478 958 513 958 513 994 478 994
345 870 381 870 381 906 345 906
622 706 643 706 643 742 622 742
614 1272 643 1272 643 1308 614 1308
150 316 180 316 180 352 150 352
342 632 382 632 382 668 342 668
611 1158 657 1158 657 1194 611 1194
275 1127 300 1127 300 1164 275 1164
271 1207 306 1207 306 1244 271 1244
819 618 855 618 855 655 819 655
751 618 788 618 788 655 751 655
886 561 926 561 926 598 886 598
542 1119 582 1119 582 1156 542 1156
753 580 786 580 786 617 753 617
342 1105 377 1105 377 1142 342 1142
145 609 180 609 180 646 145 646
686 445 723 445 723 482 686 482
817 1105 858 1105 858 1142 817 1142
136 977 182 977 182 1014 136 1014
284 459 306 459 306 497 284 497
752 506 782 506 782 544 752 544
619 858 658 858 658 896 619 896
681 1158 720 1158 720 1196 681 1196
881 917 924 917 924 955 881 955
761 999 780 999 780 1037 761 1037
891 664 918 664 918 702 891 702
763 542 794 542 794 580 763 580
685 778 723 778 723 816 685 816
564 1298 572 1298 572 1336 564 1336
682 1116 720 1116 720 1154 682 1154
819 1195 858 1195 858 1233 819 1233
135 1218 177 1218 177 1256 135 1256
826 509 856 509 856 548 826 548
547 602 590 602 590 641 547 641
268 1167 314 1167 314 1206 268 1206
158 394 165 394 165 433 158 433
149 692 167 692 167 731 149 731
214 735 236 735 236 774 214 774
623 462 648 462 648 501 623 501
409 1198 444 1198 444 1237 409 1237
346 323 381 323 381 362 346 362
616 793 653 793 653 832 616 832
399 1333 439 1333 439 1372 399 1372
338 1132 390 1132 390 1171 338 1171
141 930 177 930 177 970 141 970
614 927 656 927 656 967 614 967
279 986 301 986 301 1026 279 1026
687 1064 712 1064 712 1104 687 1104
888 1306 921 1306 921 1346 888 1346
342 1332 377 1332 377 1372 342 1372
816 580 857 580 857 620 816 620
475 707 520 707 520 747 475 747
618 1089 653 1089 653 1129 618 1129
141 544 180 544 180 584 141 584
880 1084 923 1084 923 1124 880 1124
744 1212 792 1212 792 1252 744 1252
294 565 322 565 322 606 294 606
815 785 855 785 855 826 815 826
747 1179 788 1179 788 1220 747 1220
749 658 791 658 791 699 749 699
815 712 866 712 866 753 815 753
284 639 306 639 306 680 284 680
419 389 452 389 452 430 419 430
679 916 724 916 724 957 679 957
134 1047 181 1047 181 1088 134 1088
748 463 797 463 797 504 748 504
404 1162 445 1162 445 1203 404 1203
753 373 788 373 788 415 753 415
270 858 313 858 313 900 270 900
277 900 313 900 313 942 277 942
614 966 650 966 650 1008 614 1008
680 956 724 956 724 998 680 998
679 510 724 510 724 552 679 552
351 974 369 974 369 1017 351 1017
891 1183 914 1183 914 1226 891 1226
348 664 384 664 384 707 348 707
475 869 520 869 520 912 475 912
477 1246 508 1246 508 1289 477 1289
342 1288 382 1288 382 1331 342 1331
346 594 386 594 386 637 346 637
544 808 591 808 591 851 544 851
278 800 316 800 316 843 278 843
881 625 926 625 926 668 881 668
408 573 458 573 458 616 408 616
836 828 845 828 845 872 836 872
560 759 572 759 572 803 560 803
746 1331 788 1331 788 1375 746 1375
748 1041 793 1041 793 1085 748 1085
549 907 580 907 580 951 549 951
203 375 245 375 245 419 203 419
679 853 722 853 722 897 679 897
202 847 247 847 247 891 202 891
351 446 367 446 367 491 351 491
284 519 317 519 317 564 284 564
204 990 239 990 239 1035 204 1035
201 1279 236 1279 236 1324 201 1324
749 790 787 790 787 835 749 835
272 945 310 945 310 990 272 990
410 1288 432 1288 432 1333 410 1333
347 773 375 773 375 818 347 818
408 965 440 965 440 1010 408 1010
480 911 517 911 517 957 480 957
136 1092 180 1092 180 1138 136 1138
614 568 650 568 650 615 614 615
140 462 184 462 184 509 140 509
680 1194 715 1194 715 1241 680 1241
275 379 312 379 312 427 275 427
748 1249 784 1249 784 1298 748 1298
615 502 655 502 655 551 615 551
214 635 247 635 247 685 214 685
682 323 717 323 717 373 682 373
747 916 788 916 788 966 747 966
879 815 922 815 922 865 879 865
205 685 249 685 249 735 205 735
340 818 386 818 386 868 340 868
408 676 444 676 444 727 408 727
200 1037 247 1037 247 1088 200 1088
478 753 515 753 515 804 478 804
749 745 792 745 792 796 749 796
540 1207 581 1207 581 1259 540 1259
816 1052 854 1052 854 1105 816 1105
748 835 795 835 795 888 748 888
407 788 444 788 444 841 407 841
477 508 513 508 513 562 477 562
406 842 448 842 448 896 406 896
542 983 587 983 587 1037 542 1037
219 785 229 785 229 839 219 839
403 1232 450 1232 450 1287 403 1287
474 807 524 807 524 863 474 863
675 1282 716 1282 716 1339 675 1339
275 742 318 742 318 800 275 800
813 1282 855 1282 855 1344 813 1344
273 1052 310 1052 310 1125 273 1125
