124 588 158 588 158 601 124 601
670 1165 703 1165 703 1179 670 1179
256 734 287 734 287 749 256 749
630 937 653 937 653 952 630 952
672 935 711 935 711 951 672 951
885 813 918 813 918 829 885 829
459 1089 490 1089 490 1106 459 1106
184 1068 221 1068 221 1086 184 1086
542 980 558 980 558 998 542 998
741 1039 778 1039 778 1057 741 1057
533 1242 564 1242 564 1260 533 1260
733 1381 784 1381 784 1399 733 1399
339 676 361 676 361 695 339 695
545 740 565 740 565 759 545 759
885 559 915 559 915 578 885 578
615 661 634 661 634 681 615 681
878 1111 917 1111 917 1131 878 1131
880 433 932 433 932 453 880 453
130 659 145 659 145 679 130 679
546 301 566 301 566 321 546 321
340 447 361 447 361 467 340 467
398 649 431 649 431 669 398 669
531 1010 572 1010 572 1030 531 1030
465 992 480 992 480 1012 465 1012
391 1368 411 1368 411 1388 391 1388
819 625 856 625 856 645 819 645
472 1210 483 1210 483 1231 472 1231
632 1076 661 1076 661 1097 632 1097
599 906 615 906 615 927 599 927
680 1033 698 1033 698 1054 680 1054
391 1293 405 1293 405 1315 391 1315
609 768 633 768 633 790 609 790
809 1162 848 1162 848 1184 809 1184
465 1273 480 1273 480 1295 465 1295
537 1142 561 1142 561 1164 537 1164
883 958 917 958 917 980 883 980
632 865 651 865 651 887 632 887
746 970 769 970 769 992 746 992
744 876 777 876 777 898 744 898
747 586 782 586 782 608 747 608
464 1145 479 1145 479 1168 464 1168
456 765 490 765 490 789 456 789
185 858 221 858 221 882 185 882
258 1295 274 1295 274 1319 258 1319
672 740 706 740 706 764 672 764
664 1384 721 1384 721 1408 664 1408
634 1098 647 1098 647 1122 634 1122
122 445 154 445 154 469 122 469
451 932 490 932 490 956 451 956
541 458 564 458 564 483 541 483
130 412 150 412 150 438 130 438
193 492 214 492 214 518 193 518
613 348 636 348 636 374 613 374
504 356 531 356 531 382 504 382
876 1170 913 1170 913 1196 876 1196
118 336 165 336 165 362 118 362
679 714 700 714 700 740 679 740
189 958 211 958 211 984 189 984
191 1035 213 1035 213 1061 191 1061
264 557 287 557 287 583 264 583
671 1055 708 1055 708 1081 671 1081
324 855 368 855 368 881 324 881
814 351 858 351 858 377 814 377
189 1132 211 1132 211 1159 189 1159
404 664 435 664 435 691 404 691
253 924 288 924 288 951 253 951
181 1203 222 1203 222 1230 181 1230
748 469 790 469 790 496 748 496
677 1334 695 1334 695 1361 677 1361
190 789 215 789 215 816 190 816
414 301 443 301 443 328 414 328
877 1203 907 1203 907 1230 877 1230
324 700 366 700 366 727 324 727
665 1360 714 1360 714 1387 665 1387
121 1256 138 1256 138 1284 121 1284
123 766 143 766 143 794 123 794
460 1177 480 1177 480 1205 460 1205
822 480 845 480 845 508 822 508
462 419 492 419 492 447 462 447
334 475 367 475 367 503 334 503
452 1346 490 1346 490 1374 452 1374
260 951 280 951 280 979 260 979
679 1307 699 1307 699 1335 679 1335
337 545 357 545 357 573 337 573
258 1096 279 1096 279 1124 258 1124
544 488 566 488 566 516 544 516
751 845 774 845 774 873 751 873
542 673 559 673 559 701 542 701
892 409 916 409 916 437 892 437
256 1168 276 1168 276 1197 256 1197
628 1001 660 1001 660 1030 628 1030
603 514 642 514 642 543 603 543
613 791 629 791 629 820 613 820
888 927 911 927 911 956 888 956
679 601 710 601 710 630 679 630
267 665 282 665 282 695 267 695
541 519 561 519 561 549 541 549
540 938 562 938 562 968 540 968
330 575 367 575 367 605 330 605
812 653 851 653 851 683 812 683
246 1237 292 1237 292 1267 246 1267
600 1381 647 1381 647 1411 600 1411
271 631 286 631 286 661 271 661
261 976 279 976 279 1006 261 1006
895 339 916 339 916 369 895 369
459 1013 483 1013 483 1043 459 1043
337 643 374 643 374 673 337 673
812 829 852 829 852 859 812 859
505 328 532 328 532 359 505 359
405 336 441 336 441 367 405 367
883 622 919 622 919 653 883 653
178 1237 217 1237 217 1268 178 1268
544 1029 561 1029 561 1060 544 1060
886 1309 912 1309 912 1340 886 1340
812 889 845 889 845 920 812 920
894 305 918 305 918 336 894 336
668 1241 703 1241 703 1273 668 1273
530 765 568 765 568 797 530 797
454 1312 492 1312 492 1344 454 1344
114 842 156 842 156 874 114 874
818 686 840 686 840 718 818 718
820 859 842 859 842 891 820 891
115 1322 145 1322 145 1354 115 1354
198 922 229 922 229 954 198 954
879 1372 913 1372 913 1404 879 1404
454 866 490 866 490 898 454 898
672 634 711 634 711 666 672 666
396 535 439 535 439 567 396 567
390 868 433 868 433 900 390 900
348 368 364 368 364 401 348 401
816 794 847 794 847 827 816 827
876 1238 917 1238 917 1271 876 1271
108 1013 149 1013 149 1046 108 1046
737 1257 779 1257 779 1290 737 1290
544 1166 558 1166 558 1199 544 1199
823 758 838 758 838 791 823 791
122 1287 140 1287 140 1320 122 1320
470 788 492 788 492 821 470 821
252 1263 275 1263 275 1296 252 1296
457 900 487 900 487 933 457 933
180 886 226 886 226 919 180 919
891 1343 906 1343 906 1376 891 1376
386 1323 419 1323 419 1356 386 1356
603 821 637 821 637 854 603 854
252 889 287 889 287 922 252 922
528 1261 571 1261 571 1294 528 1294
806 724 856 724 856 757 806 757
399 902 420 902 420 936 399 936
676 1207 702 1207 702 1241 676 1241
881 1135 913 1135 913 1169 881 1169
626 1041 660 1041 660 1075 626 1075
600 978 614 978 614 1012 600 1012
337 507 359 507 359 541 337 541
628 899 661 899 661 933 628 933
605 583 643 583 643 617 605 617
885 1025 924 1025 924 1059 885 1059
666 769 713 769 713 803 666 803
532 551 581 551 581 585 532 585
545 863 562 863 562 898 545 898
472 575 490 575 490 610 472 610
189 386 221 386 221 421 189 421
806 1332 848 1332 848 1367 806 1367
387 1037 429 1037 429 1072 387 1072
604 304 647 304 647 339 604 339
758 547 775 547 775 582 758 582
346 336 368 336 368 371 346 371
672 392 716 392 716 427 672 427
247 697 300 697 300 732 247 732
135 678 143 678 143 713 135 713
335 770 350 770 350 805 335 805
684 672 703 672 703 707 684 707
594 933 616 933 616 968 594 968
458 958 489 958 489 993 458 993
533 833 570 833 570 868 533 868
739 937 780 937 780 972 739 972
184 609 229 609 229 644 184 644
735 1217 785 1217 785 1252 735 1252
197 817 213 817 213 853 197 853
402 612 433 612 433 648 402 648
535 702 567 702 567 738 535 738
746 394 784 394 784 430 746 430
735 901 779 901 779 937 735 937
506 385 528 385 528 421 506 421
591 862 626 862 626 898 591 898
744 715 781 715 781 751 744 751
388 1154 426 1154 426 1190 388 1190
110 1149 151 1149 151 1185 110 1185
248 796 294 796 294 832 248 832
611 1312 628 1312 628 1349 611 1349
608 620 637 620 637 657 608 657
338 407 370 407 370 444 338 444
403 502 442 502 442 539 403 539
676 842 720 842 720 879 676 879
891 1271 905 1271 905 1308 891 1308
675 1272 701 1272 701 1309 675 1309
604 687 641 687 641 724 604 724
530 1105 567 1105 567 1142 530 1142
678 562 718 562 718 599 678 599
609 1346 627 1346 627 1383 609 1383
188 1163 210 1163 210 1200 188 1200
342 299 362 299 362 337 342 337
393 939 423 939 423 977 393 977
881 579 928 579 928 617 881 617
470 380 489 380 489 418 470 418
539 793 565 793 565 831 539 831
607 429 639 429 639 467 607 467
459 1235 492 1235 492 1273 459 1273
533 589 572 589 572 627 533 627
119 616 160 616 160 654 119 654
740 1179 781 1179 781 1217 740 1217
113 470 160 470 160 508 113 508
755 354 775 354 775 393 755 393
458 1047 482 1047 482 1086 458 1086
894 371 922 371 922 410 894 410
531 896 567 896 567 935 531 935
808 968 848 968 848 1007 808 1007
669 1178 711 1178 711 1217 669 1217
744 430 795 430 795 469 744 469
472 687 489 687 489 726 472 726
684 301 711 301 711 340 684 340
463 647 499 647 499 686 463 686
255 427 295 427 295 466 255 466
242 1320 288 1320 288 1359 242 1359
189 990 213 990 213 1029 189 1029
191 1316 219 1316 219 1355 191 1355
881 880 916 880 916 919 881 919
111 1051 157 1051 157 1090 111 1090
538 1061 564 1061 564 1101 538 1101
257 516 296 516 296 556 257 556
187 344 228 344 228 384 187 384
739 1105 785 1105 785 1145 739 1145
673 476 721 476 721 516 673 516
749 757 770 757 770 797 749 797
464 488 497 488 497 528 464 528
248 1198 282 1198 282 1238 248 1238
252 1355 291 1355 291 1395 252 1395
600 544 648 544 648 584 600 584
679 514 716 514 716 555 679 555
532 631 571 631 571 672 532 672
454 1105 494 1105 494 1146 454 1146
109 876 160 876 160 917 109 917
747 1281 769 1281 769 1322 747 1322
333 728 362 728 362 769 333 769
394 784 432 784 432 825 394 825
673 804 716 804 716 845 673 845
195 572 223 572 223 613 195 613
744 1138 772 1138 772 1179 744 1179
596 1185 636 1185 636 1226 596 1226
670 1076 713 1076 713 1117 670 1117
599 471 651 471 651 512 599 512
250 384 305 384 305 425 250 425
256 1128 280 1128 280 1170 256 1170
743 800 778 800 778 842 743 842
380 1070 426 1070 426 1112 380 1112
179 1273 227 1273 227 1315 179 1315
377 1113 428 1113 428 1155 377 1155
189 696 218 696 218 738 189 738
629 953 660 953 660 995 629 995
466 531 500 531 500 573 466 573
326 809 361 809 361 851 326 851
883 981 923 981 923 1023 883 1023
401 410 450 410 450 452 401 452
109 971 158 971 158 1013 109 1013
181 1087 234 1087 234 1129 181 1129
675 990 707 990 707 1033 675 1033
670 947 706 947 706 990 670 990
251 1007 288 1007 288 1050 251 1050
541 323 580 323 580 366 541 366
468 445 488 445 488 488 468 488
462 608 501 608 501 651 462 651
596 1225 641 1225 641 1268 596 1268
470 717 489 717 489 760 470 760
541 1198 564 1198 564 1241 541 1241
332 605 369 605 369 648 332 648
608 238 647 238 647 281 608 281
184 442 232 442 232 485 184 485
754 993 770 993 770 1037 754 1037
191 524 215 524 215 568 191 568
332 880 347 880 347 924 332 924
607 380 650 380 650 424 607 424
807 1287 851 1287 851 1331 807 1331
450 821 501 821 501 865 450 865
125 362 161 362 161 407 125 407
879 1067 916 1067 916 1112 879 1112
742 1061 784 1061 784 1106 742 1106
600 724 647 724 647 769 600 769
411 569 419 569 419 614 411 614
814 580 855 580 855 625 814 625
384 736 439 736 439 781 384 781
550 367 573 367 573 412 550 412
255 1048 288 1048 288 1093 255 1093
882 832 917 832 917 877 882 877
814 304 857 304 857 349 814 349
263 587 292 587 292 633 263 633
191 1359 214 1359 214 1405 191 1405
383 1252 421 1252 421 1298 383 1298
405 365 450 365 450 411 405 411
814 1056 849 1056 849 1103 814 1103
819 379 855 379 855 426 819 426
126 796 135 796 135 843 126 843
260 749 280 749 280 796 260 796
808 1008 852 1008 852 1055 808 1055
810 1365 845 1365 845 1412 810 1412
250 468 303 468 303 515 250 515
742 606 786 606 786 654 742 654
740 498 788 498 788 546 740 546
755 302 777 302 777 350 755 350
600 1132 639 1132 639 1180 600 1180
244 1357 287 1357 287 1405 244 1405
532 413 580 413 580 461 532 461
888 513 932 513 932 562 888 562
679 340 714 340 714 389 679 389
669 1113 710 1113 710 1162 669 1162
203 646 211 646 211 695 203 695
810 1238 851 1238 851 1287 810 1287
181 741 232 741 232 790 181 790
386 691 437 691 437 740 386 740
887 652 913 652 913 702 887 702
740 1324 776 1324 776 1374 740 1374
808 922 851 922 851 972 808 972
886 705 926 705 926 756 886 756
812 429 857 429 857 480 812 480
112 919 161 919 161 970 112 970
671 880 710 880 710 931 671 931
389 828 434 828 434 879 389 879
812 1186 841 1186 841 1238 812 1238
751 658 785 658 785 710 751 710
673 423 713 423 713 475 673 475
818 1111 848 1111 848 1163 818 1163
115 714 156 714 156 766 115 766
396 982 416 982 416 1035 396 1035
402 445 449 445 449 500 402 500
598 1268 645 1268 645 1323 598 1323
879 757 924 757 924 814 879 814
383 1195 420 1195 420 1253 383 1253
108 1190 152 1190 152 1249 108 1249
107 1090 156 1090 156 1150 107 1150
252 329 302 329 302 389 252 389
897 447 906 447 906 508 897 508
819 508 851 508 851 583 819 583
120 504 160 504 160 580 120 580
