688 604 726 604 726 613 688 613
123 927 133 927 133 938 123 938
714 588 732 588 732 599 714 599
156 614 177 614 177 630 156 630
359 1049 387 1049 387 1065 359 1065
762 627 791 627 791 643 762 643
84 1159 119 1159 119 1175 84 1175
97 805 109 805 109 822 97 822
227 1269 247 1269 247 1286 227 1286
351 330 381 330 381 347 351 347
560 296 583 296 583 314 560 314
632 587 652 587 652 606 632 606
427 929 456 929 456 948 427 948
227 612 249 612 249 631 227 631
161 1038 184 1038 184 1057 161 1057
354 1323 402 1323 402 1342 354 1342
633 975 655 975 655 995 633 995
93 987 115 987 115 1007 93 1007
87 1104 120 1104 120 1124 87 1124
771 689 784 689 784 709 771 709
701 934 724 934 724 955 701 955
756 781 795 781 795 802 756 802
426 515 455 515 455 536 426 536
437 1333 454 1333 454 1354 437 1354
88 295 110 295 110 316 88 316
761 1329 797 1329 797 1351 761 1351
770 1348 790 1348 790 1370 770 1370
363 936 388 936 388 958 363 958
420 375 451 375 451 397 420 397
357 1206 396 1206 396 1228 357 1228
561 1350 602 1350 602 1372 561 1372
155 638 183 638 183 661 155 661
150 413 178 413 178 436 150 436
86 420 119 420 119 443 86 443
370 1261 390 1261 390 1284 370 1284
489 513 522 513 522 536 489 536
157 730 192 730 192 753 157 753
564 704 585 704 585 728 564 728
426 993 454 993 454 1017 426 1017
431 1187 460 1187 460 1211 431 1211
704 1028 721 1028 721 1052 704 1052
763 883 782 883 782 907 763 907
224 902 257 902 257 926 224 926
820 468 859 468 859 492 820 492
688 386 730 386 730 410 688 410
424 456 452 456 452 480 424 480
422 817 454 817 454 841 422 841
826 643 862 643 862 667 826 667
621 715 663 715 663 739 621 739
573 1318 591 1318 591 1343 573 1343
836 1245 858 1245 858 1270 836 1270
214 363 253 363 253 388 214 388
822 671 862 671 862 696 822 696
429 793 451 793 451 818 429 818
156 1349 194 1349 194 1374 156 1374
837 1147 856 1147 856 1173 837 1173
633 1033 656 1033 656 1059 633 1059
831 1076 859 1076 859 1102 831 1102
218 948 261 948 261 974 218 974
145 858 189 858 189 884 145 884
291 359 310 359 310 385 291 385
496 454 517 454 517 480 496 480
701 963 722 963 722 989 701 989
92 1076 116 1076 116 1102 92 1102
760 1191 792 1191 792 1217 760 1217
218 1245 255 1245 255 1271 218 1271
562 396 580 396 580 422 562 422
361 521 380 521 380 547 361 547
154 384 175 384 175 410 154 410
294 502 315 502 315 528 294 528
499 1349 521 1349 521 1375 499 1375
759 752 790 752 790 778 759 778
147 301 181 301 181 327 147 327
825 402 860 402 860 428 825 428
761 1301 797 1301 797 1327 761 1327
751 534 794 534 794 560 751 560
424 1350 472 1350 472 1376 424 1376
228 1217 246 1217 246 1244 228 1244
828 1008 857 1008 857 1035 828 1035
86 1124 123 1124 123 1151 86 1151
755 430 794 430 794 457 755 457
623 1195 665 1195 665 1222 623 1222
837 1301 856 1301 856 1328 837 1328
633 777 654 777 654 804 633 804
92 1045 114 1045 114 1072 92 1072
160 800 184 800 184 827 160 827
224 813 250 813 250 840 224 840
629 1165 664 1165 664 1192 629 1192
222 1349 258 1349 258 1376 222 1376
480 537 531 537 531 564 480 564
516 1211 524 1211 524 1239 516 1239
163 977 182 977 182 1005 163 1005
427 643 447 643 447 671 427 671
88 528 114 528 114 556 88 556
491 654 517 654 517 682 491 682
218 747 257 747 257 775 218 775
638 1139 660 1139 660 1167 638 1167
225 1320 256 1320 256 1348 225 1348
217 1016 256 1016 256 1044 217 1044
423 1242 466 1242 466 1270 423 1270
500 1041 521 1041 521 1069 500 1069
496 815 520 815 520 843 496 843
150 700 187 700 187 728 150 728
216 926 261 926 261 954 216 954
154 827 189 827 189 856 154 856
275 474 325 474 325 503 275 503
575 1071 584 1071 584 1100 575 1100
291 443 309 443 309 472 291 472
227 1289 248 1289 248 1318 227 1318
161 1197 186 1197 186 1226 161 1226
559 455 585 455 585 484 559 484
685 324 721 324 721 353 685 353
754 323 791 323 791 352 754 352
154 555 170 555 170 584 154 584
630 520 651 520 651 549 630 549
700 1053 722 1053 722 1082 700 1082
226 551 248 551 248 580 226 580
89 875 113 875 113 904 89 904
224 298 257 298 257 327 224 327
829 1213 864 1213 864 1242 829 1242
82 907 121 907 121 936 82 936
835 609 849 609 849 639 835 639
290 412 313 412 313 442 290 442
559 1100 595 1100 595 1130 559 1130
217 841 253 841 253 871 217 871
154 1262 190 1262 190 1292 154 1292
686 358 738 358 738 388 686 388
567 853 586 853 586 883 567 883
698 874 720 874 720 904 698 904
631 840 657 840 657 870 631 870
756 979 790 979 790 1009 756 1009
420 424 455 424 455 454 420 454
78 387 115 387 115 417 78 417
420 537 457 537 457 567 420 567
486 881 524 881 524 911 486 911
419 397 458 397 458 427 419 427
154 1326 195 1326 195 1356 154 1356
826 1272 868 1272 868 1302 826 1302
137 437 182 437 182 467 137 467
432 1156 456 1156 456 1187 432 1187
161 1105 189 1105 189 1136 161 1136
693 507 727 507 727 538 693 538
345 442 382 442 382 473 345 473
827 334 849 334 849 365 827 365
567 1172 591 1172 591 1203 567 1203
427 481 452 481 452 512 427 512
80 354 116 354 116 385 80 385
493 972 535 972 535 1003 493 1003
629 646 652 646 652 677 629 677
89 1009 122 1009 122 1040 89 1040
629 1337 666 1337 666 1368 629 1368
417 772 459 772 459 803 417 803
280 386 323 386 323 417 280 417
152 1131 199 1131 199 1162 152 1162
616 370 663 370 663 401 616 401
501 1149 523 1149 523 1181 501 1181
765 1219 796 1219 796 1251 765 1251
484 381 519 381 519 413 484 413
493 1115 536 1115 536 1147 493 1147
87 321 109 321 109 353 87 353
155 1003 190 1003 190 1035 155 1035
691 836 726 836 726 868 691 868
352 581 387 581 387 613 352 613
154 664 190 664 190 696 154 696
759 947 797 947 797 979 759 979
217 579 256 579 256 611 217 611
555 920 596 920 596 952 555 952
350 779 392 779 392 811 350 811
752 399 795 399 795 431 752 431
370 548 379 548 379 581 370 581
624 338 646 338 646 371 624 371
360 1288 393 1288 393 1321 360 1321
424 1087 459 1087 459 1120 424 1120
634 208 671 208 671 241 634 241
555 772 594 772 594 805 555 805
683 619 723 619 723 652 683 652
633 912 654 912 654 945 633 945
87 770 113 770 113 803 87 803
759 453 793 453 793 486 759 486
817 368 859 368 859 401 817 401
420 1211 468 1211 468 1244 420 1244
635 1303 659 1303 659 1336 635 1336
628 611 652 611 652 644 628 644
147 580 184 580 184 613 147 613
426 1310 463 1310 463 1343 426 1343
358 1231 396 1231 396 1264 358 1264
418 668 459 668 459 701 418 701
490 1181 532 1181 532 1214 490 1214
211 329 256 329 256 362 211 362
214 871 260 871 260 904 214 904
426 739 448 739 448 773 426 773
557 484 590 484 590 518 557 518
426 1055 463 1055 463 1089 426 1089
420 566 461 566 461 600 420 600
688 426 730 426 730 460 688 460
211 712 255 712 255 746 211 746
631 995 656 995 656 1029 631 1029
552 420 597 420 597 454 552 454
157 1291 187 1291 187 1326 157 1326
690 800 732 800 732 835 690 835
81 556 116 556 116 591 81 591
154 1226 190 1226 190 1261 154 1261
626 938 664 938 664 973 626 973
555 673 598 673 598 708 555 708
841 577 860 577 860 612 841 612
495 480 516 480 516 515 495 515
89 1256 121 1256 121 1291 89 1291
419 337 455 337 455 372 419 372
688 762 726 762 726 797 688 797
634 741 648 741 648 777 634 777
225 675 257 675 257 711 225 711
284 326 323 326 323 362 284 362
282 528 324 528 324 564 282 564
485 774 530 774 530 810 485 810
159 1161 184 1161 184 1197 159 1197
625 805 659 805 659 841 625 841
221 1149 263 1149 263 1185 221 1185
564 1204 595 1204 595 1240 564 1240
623 549 661 549 661 585 623 585
618 447 662 447 662 483 618 483
559 1242 604 1242 604 1278 559 1278
92 1293 113 1293 113 1330 92 1330
490 846 525 846 525 883 490 883
487 613 523 613 523 650 487 650
822 548 860 548 860 585 822 585
414 844 456 844 456 881 414 881
830 923 854 923 854 960 830 960
555 322 581 322 581 359 555 359
637 243 670 243 670 280 637 280
211 244 255 244 255 281 211 281
623 1060 667 1060 667 1097 623 1097
352 813 391 813 391 851 352 851
557 882 597 882 597 920 557 920
627 1099 668 1099 668 1137 627 1137
619 481 664 481 664 519 619 519
764 1063 788 1063 788 1101 764 1101
694 989 728 989 728 1027 694 1027
89 1216 124 1216 124 1254 89 1254
557 950 593 950 593 988 557 988
758 909 794 909 794 947 758 947
218 635 258 635 258 673 218 673
360 1165 402 1165 402 1203 360 1203
418 603 464 603 464 641 418 641
770 801 777 801 777 840 770 840
228 774 247 774 247 813 228 813
832 1329 860 1329 860 1368 832 1368
553 360 591 360 591 399 553 399
559 1033 601 1033 601 1072 559 1072
155 755 184 755 184 794 155 794
757 1103 793 1103 793 1142 757 1142
825 1173 867 1173 867 1212 825 1212
218 389 250 389 250 429 218 429
86 1176 121 1176 121 1216 86 1216
828 1102 868 1102 868 1142 828 1142
350 854 398 854 398 894 350 894
77 696 130 696 130 736 77 736
604 205 637 205 637 245 604 245
618 299 660 299 660 339 618 339
559 1281 604 1281 604 1321 559 1321
80 733 126 733 126 773 80 773
155 1061 191 1061 191 1101 155 1101
560 989 600 989 600 1029 560 1029
144 472 188 472 188 512 144 512
827 694 853 694 853 735 827 735
493 686 522 686 522 727 493 727
489 733 523 733 523 774 489 774
429 1016 463 1016 463 1057 429 1057
495 1227 530 1227 530 1268 495 1268
364 1332 402 1332 402 1373 364 1373
213 475 257 475 257 516 213 516
559 1130 598 1130 598 1171 559 1171
220 1107 264 1107 264 1148 220 1148
352 1069 406 1069 406 1110 352 1110
500 1071 522 1071 522 1112 500 1112
629 1268 668 1268 668 1309 629 1309
754 842 794 842 794 883 754 883
87 445 108 445 108 487 87 487
216 517 255 517 255 559 216 559
824 1036 863 1036 863 1078 824 1078
349 611 392 611 392 653 349 653
618 402 663 402 663 444 618 444
352 695 397 695 397 737 352 737
351 655 388 655 388 697 351 697
485 412 525 412 525 454 485 454
211 431 256 431 256 473 211 473
363 734 387 734 387 777 363 777
693 659 728 659 728 702 693 702
425 1120 462 1120 462 1163 425 1163
354 893 393 893 393 936 354 936
487 1271 537 1271 537 1314 487 1314
772 709 791 709 791 752 772 752
225 974 248 974 248 1017 225 1017
821 426 853 426 853 469 821 469
419 702 460 702 460 745 419 745
488 1312 532 1312 532 1355 488 1355
79 1330 127 1330 127 1373 79 1373
356 1005 401 1005 401 1048 356 1048
144 511 184 511 184 555 144 555
491 337 514 337 514 381 491 381
829 839 853 839 853 883 829 883
491 565 519 565 519 609 491 609
689 460 725 460 725 504 689 504
758 354 798 354 798 398 758 398
152 933 194 933 194 977 152 977
373 962 383 962 383 1007 373 1007
820 793 862 793 862 838 820 838
754 643 794 643 794 688 754 688
623 674 669 674 669 719 623 719
820 885 863 885 863 930 820 930
627 1223 674 1223 674 1268 627 1268
419 948 471 948 471 993 419 993
555 727 601 727 601 773 555 773
292 564 312 564 312 611 292 611
493 997 528 997 528 1044 493 1044
554 805 598 805 598 852 554 852
690 536 726 536 726 583 690 583
821 499 863 499 863 546 821 546
342 395 385 395 385 442 342 442
78 940 128 940 128 987 78 987
832 960 849 960 849 1007 832 1007
699 1083 723 1083 723 1130 699 1130
88 826 111 826 111 874 88 874
150 330 177 330 177 378 150 378
221 1179 250 1179 250 1227 221 1227
623 869 665 869 665 917 623 917
420 1266 468 1266 468 1314 420 1314
766 1251 793 1251 793 1299 766 1299
345 347 383 347 383 395 345 395
758 1145 796 1145 796 1194 758 1194
150 885 196 885 196 934 150 934
92 476 102 476 102 525 92 525
551 579 604 579 604 629 551 629
74 653 128 653 128 703 74 703
422 876 467 876 467 927 422 927
548 619 604 619 604 670 548 670
752 485 791 485 791 538 752 538
823 736 855 736 855 790 823 790
759 1007 793 1007 793 1064 759 1064
758 565 793 565 793 624 758 624
491 914 531 914 531 973 491 973
