79 950 97 950 97 960 79 960
48 886 66 886 66 897 48 897
45 1025 64 1025 64 1038 45 1038
606 938 628 938 628 951 606 951
785 853 814 853 814 868 785 868
119 1304 152 1304 152 1319 119 1319
47 1010 63 1010 63 1025 47 1025
463 627 479 627 479 643 463 643
194 721 211 721 211 737 194 737
604 418 626 418 626 434 604 434
191 556 215 556 215 572 191 572
130 365 149 365 149 381 130 381
657 871 682 871 682 887 657 887
735 330 748 330 748 347 735 347
396 364 413 364 413 381 396 381
393 637 411 637 411 654 393 654
49 958 65 958 65 975 49 975
129 1042 146 1042 146 1059 129 1059
464 1162 481 1162 481 1179 464 1179
599 1203 610 1203 610 1221 599 1221
396 1318 414 1318 414 1336 396 1336
463 937 482 937 482 955 463 955
529 837 548 837 548 855 529 855
61 681 79 681 79 699 61 699
264 670 283 670 283 688 264 688
274 212 295 212 295 230 274 230
458 708 482 708 482 726 458 726
603 463 630 463 630 481 603 481
784 1300 813 1300 813 1318 784 1318
395 1042 413 1042 413 1061 395 1061
194 1070 213 1070 213 1089 194 1089
593 720 612 720 612 739 593 739
516 533 556 533 556 552 516 552
527 510 546 510 546 529 527 529
261 1241 280 1241 280 1260 261 1260
81 907 92 907 92 927 81 927
467 1210 480 1210 480 1230 467 1230
594 1144 613 1144 613 1164 594 1164
63 1205 81 1205 81 1225 63 1225
586 1298 613 1298 613 1318 586 1318
608 528 623 528 623 549 608 549
190 1209 215 1209 215 1230 190 1230
453 1294 489 1294 489 1315 453 1315
593 1281 612 1281 612 1302 593 1302
397 737 411 737 411 758 397 758
462 751 481 751 481 772 462 772
396 992 413 992 413 1014 396 1014
52 420 82 420 82 442 52 442
130 667 147 667 147 689 130 689
577 491 599 491 599 513 577 513
128 804 145 804 145 827 128 827
59 625 77 625 77 648 59 648
48 932 70 932 70 955 48 955
53 795 83 795 83 818 53 818
48 818 88 818 88 841 48 841
263 617 279 617 279 640 263 640
593 1098 609 1098 609 1121 593 1121
330 448 347 448 347 471 330 471
44 1039 67 1039 67 1062 44 1062
75 926 99 926 99 949 75 949
525 612 551 612 551 635 525 635
522 975 548 975 548 998 522 998
650 1029 685 1029 685 1052 650 1052
50 1250 88 1250 88 1273 50 1273
608 504 619 504 619 528 608 528
78 1007 100 1007 100 1031 78 1031
530 635 544 635 544 659 530 659
460 1110 478 1110 478 1134 460 1134
657 787 678 787 678 811 657 811
54 526 83 526 83 550 54 550
514 997 555 997 555 1021 514 1021
665 814 678 814 678 839 665 839
661 997 676 997 676 1022 661 1022
64 368 80 368 80 393 64 393
461 571 477 571 477 596 461 596
459 1007 480 1007 480 1032 459 1032
579 1322 618 1322 618 1347 579 1347
612 481 623 481 623 506 612 506
597 660 611 660 611 685 597 685
394 579 413 579 413 604 394 604
192 666 211 666 211 691 192 691
193 877 214 877 214 902 193 902
398 1264 410 1264 410 1289 398 1289
583 464 598 464 598 489 583 489
61 1297 80 1297 80 1322 61 1322
528 952 548 952 548 977 528 977
577 444 599 444 599 469 577 469
70 857 94 857 94 882 70 882
656 1118 681 1118 681 1143 656 1143
123 1100 149 1100 149 1125 123 1125
72 880 101 880 101 905 72 905
718 348 747 348 747 373 718 373
591 867 620 867 620 892 591 892
787 1097 817 1097 817 1122 787 1122
386 686 425 686 425 711 386 711
261 1058 279 1058 279 1084 261 1084
253 725 294 725 294 751 253 751
63 1225 79 1225 79 1251 63 1251
606 436 628 436 628 462 606 462
788 1071 810 1071 810 1097 788 1097
586 340 618 340 618 366 586 366
518 585 556 585 556 611 518 611
790 331 804 331 804 358 790 358
534 891 548 891 548 918 534 918
195 1014 214 1014 214 1041 195 1041
787 1044 810 1044 810 1071 787 1071
781 360 810 360 810 387 781 387
574 418 604 418 604 445 574 445
389 659 421 659 421 686 389 686
594 839 613 839 613 866 594 866
522 781 553 781 553 808 522 808
135 1250 167 1250 167 1277 135 1277
269 873 301 873 301 900 269 900
782 949 815 949 815 976 782 976
256 1086 283 1086 283 1113 256 1113
254 1212 291 1212 291 1239 254 1239
396 1158 411 1158 411 1186 396 1186
792 431 807 431 807 459 792 459
196 904 217 904 217 932 196 932
54 1154 84 1154 84 1182 54 1182
722 448 757 448 757 476 722 476
386 1013 422 1013 422 1041 386 1041
253 341 290 341 290 369 253 369
253 398 290 398 290 426 253 426
183 343 221 343 221 371 183 371
794 1011 807 1011 807 1040 794 1040
65 772 79 772 79 801 65 801
324 472 347 472 347 501 324 501
128 446 153 446 153 475 128 475
649 633 681 633 681 662 649 662
185 1180 218 1180 218 1209 185 1209
789 461 805 461 805 490 789 490
123 1273 147 1273 147 1302 123 1302
785 1318 812 1318 812 1347 785 1347
590 1117 618 1117 618 1146 590 1146
452 1133 486 1133 486 1162 452 1162
453 682 488 682 488 711 453 711
49 443 86 443 86 472 49 472
388 1286 425 1286 425 1315 388 1315
391 299 409 299 409 328 391 328
61 744 79 744 79 773 61 773
258 1261 277 1261 277 1290 258 1290
45 855 67 855 67 884 45 884
650 966 692 966 692 995 650 995
654 935 684 935 684 965 654 965
652 482 685 482 685 512 652 512
455 881 490 881 490 911 455 911
118 949 154 949 154 979 118 979
253 780 290 780 290 810 253 810
119 1009 156 1009 156 1039 119 1039
583 513 599 513 599 543 583 543
57 1175 85 1175 85 1205 57 1205
654 1053 684 1053 684 1083 654 1083
119 690 152 690 152 720 119 720
255 1189 290 1189 290 1219 255 1219
384 331 421 331 421 361 384 361
122 422 160 422 160 452 122 452
127 299 142 299 142 329 127 329
458 775 488 775 488 805 458 805
118 331 149 331 149 361 118 361
188 1039 221 1039 221 1069 188 1069
50 899 69 899 69 930 50 930
526 554 551 554 551 585 526 585
320 301 354 301 354 332 320 332
784 1273 821 1273 821 1304 784 1304
257 1291 284 1291 284 1322 257 1322
124 980 155 980 155 1011 124 1011
714 377 754 377 754 408 714 408
182 690 223 690 223 721 182 721
119 475 160 475 160 506 119 506
592 1170 612 1170 612 1202 592 1202
577 903 601 903 601 935 577 935
261 747 289 747 289 779 261 779
121 568 154 568 154 600 121 600
126 601 146 601 146 633 126 633
260 365 283 365 283 397 260 397
455 904 486 904 486 936 455 936
523 806 558 806 558 838 523 838
453 596 489 596 489 628 453 628
466 726 482 726 482 758 466 758
523 660 549 660 549 692 523 692
718 296 745 296 745 328 718 328
388 603 423 603 423 635 388 635
258 637 293 637 293 669 258 669
782 493 818 493 818 525 782 525
50 647 87 647 87 679 50 679
254 1318 293 1318 293 1350 254 1350
650 752 692 752 692 784 650 784
591 1219 616 1219 616 1252 591 1252
256 803 281 803 281 836 256 836
652 349 682 349 682 382 652 382
603 987 633 987 633 1020 603 1020
780 980 815 980 815 1013 780 1013
518 448 554 448 554 481 518 481
383 388 421 388 421 421 383 421
126 1062 146 1062 146 1095 126 1095
518 917 554 917 554 950 518 950
585 1251 624 1251 624 1284 585 1284
134 1183 146 1183 146 1216 134 1216
390 759 412 759 412 792 390 792
650 413 680 413 680 446 650 446
122 503 154 503 154 536 122 536
185 367 223 367 223 400 185 400
184 1091 224 1091 224 1124 184 1124
517 304 562 304 562 337 517 337
57 977 63 977 63 1011 57 1011
130 1215 149 1215 149 1249 130 1249
605 900 630 900 630 934 605 934
391 1097 420 1097 420 1131 391 1131
588 745 621 745 621 779 588 779
782 874 819 874 819 908 782 908
586 937 596 937 596 971 586 971
240 206 268 206 268 240 240 240
601 955 632 955 632 989 601 989
451 850 489 850 489 884 451 884
51 339 90 339 90 373 51 373
449 1033 489 1033 489 1067 449 1067
56 303 73 303 73 338 56 338
586 811 623 811 623 846 586 846
780 912 821 912 821 947 780 947
773 299 822 299 822 334 773 334
458 1224 481 1224 481 1259 458 1259
124 387 151 387 151 422 124 422
521 475 556 475 556 510 521 510
391 1121 426 1121 426 1156 391 1156
63 391 77 391 77 426 63 426
198 773 213 773 213 808 198 808
461 647 478 647 478 682 461 682
256 984 281 984 281 1019 256 1019
254 947 279 947 279 982 254 982
645 448 685 448 685 483 645 483
192 1146 211 1146 211 1182 192 1182
62 1262 81 1262 81 1298 62 1298
253 304 283 304 283 340 253 340
590 682 625 682 625 718 590 718
184 1316 220 1316 220 1352 184 1352
593 777 609 777 609 813 593 813
388 424 408 424 408 460 388 460
254 423 278 423 278 459 254 459
520 379 548 379 548 415 520 415
453 302 486 302 486 338 453 338
719 412 752 412 752 448 719 448
256 690 289 690 289 726 256 726
662 1085 678 1085 678 1122 662 1122
657 382 676 382 676 419 657 419
521 415 550 415 550 452 521 452
53 1116 88 1116 88 1153 53 1153
455 1184 491 1184 491 1221 455 1221
197 1116 211 1116 211 1153 197 1153
652 596 681 596 681 633 652 633
73 1033 105 1033 105 1070 73 1070
454 1314 487 1314 487 1351 454 1351
388 1231 421 1231 421 1268 388 1268
253 583 288 583 288 620 253 620
251 1116 297 1116 297 1153 251 1153
188 399 227 399 227 436 188 436
781 1237 824 1237 824 1274 781 1274
390 1062 425 1062 425 1100 390 1100
386 878 423 878 423 916 386 916
57 1316 95 1316 95 1354 57 1354
455 1256 494 1256 494 1294 455 1294
186 934 221 934 221 972 186 972
204 1231 214 1231 214 1269 204 1269
456 375 478 375 478 413 456 413
124 1126 147 1126 147 1164 124 1164
786 1199 816 1199 816 1237 786 1237
588 367 623 367 623 405 588 405
453 241 488 241 488 279 453 279
188 743 223 743 223 781 188 781
588 631 624 631 624 669 588 669
520 857 556 857 556 895 520 895
449 497 491 497 491 535 449 535
585 303 620 303 620 342 585 342
781 1125 819 1125 819 1164 781 1164
52 590 92 590 92 629 52 629
383 957 428 957 428 996 383 996
260 544 290 544 290 583 260 583
585 1025 622 1025 622 1064 585 1064
186 974 221 974 221 1014 186 1014
781 813 821 813 821 853 781 853
48 1077 90 1077 90 1117 48 1117
119 769 158 769 158 809 119 809
252 502 293 502 293 542 252 542
133 1310 139 1310 139 1350 133 1350
194 298 207 298 207 338 194 338
782 569 810 569 810 610 782 610
466 333 477 333 477 374 466 374
126 826 145 826 145 867 126 867
191 797 212 797 212 838 191 838
658 1144 679 1144 679 1185 658 1185
252 1019 290 1019 290 1060 252 1060
120 632 158 632 158 673 120 673
452 415 492 415 492 456 452 456
381 458 421 458 421 499 381 499
450 456 493 456 493 497 450 497
389 1190 424 1190 424 1231 389 1231
118 1160 161 1160 161 1201 118 1201
132 531 145 531 145 573 132 573
784 1158 822 1158 822 1200 784 1200
657 551 677 551 677 593 657 593
323 373 345 373 345 415 323 415
190 517 225 517 225 559 190 559
253 1149 288 1149 288 1191 253 1191
584 546 624 546 624 588 584 588
55 701 80 701 80 744 55 744
56 550 86 550 86 593 56 593
588 590 629 590 629 633 588 633
386 537 428 537 428 580 386 580
119 908 162 908 162 951 119 951
780 719 830 719 830 762 780 762
391 694 415 694 415 737 391 737
653 832 691 832 691 875 653 875
650 1286 694 1286 694 1329 650 1329
650 708 685 708 685 751 650 751
253 457 291 457 291 500 253 500
252 833 292 833 292 876 252 876
654 1241 687 1241 687 1285 654 1285
512 696 564 696 564 740 512 740
75 963 102 963 102 1007 75 1007
651 889 687 889 687 934 651 934
515 338 553 338 553 383 515 383
582 1057 626 1057 626 1102 582 1102
515 739 560 739 560 784 515 784
116 866 161 866 161 911 116 911
651 663 682 663 682 708 651 708
451 530 490 530 490 575 451 575
646 512 687 512 687 557 646 557
185 830 225 830 225 876 185 876
388 832 419 832 419 878 388 878
453 804 488 804 488 850 453 850
183 619 224 619 224 665 183 665
450 1063 493 1063 493 1109 450 1109
382 494 431 494 431 540 382 540
189 1268 221 1268 221 1316 189 1316
185 475 226 475 226 523 185 523
384 788 431 788 431 836 384 836
780 763 819 763 819 811 780 811
181 576 228 576 228 624 181 624
455 957 478 957 478 1005 455 1005
320 402 357 402 357 450 320 450
119 721 153 721 153 770 119 770
386 907 426 907 426 956 386 956
331 332 345 332 345 382 331 382
184 434 219 434 219 485 184 485
57 473 86 473 86 525 57 525
784 609 810 609 810 664 784 664
