763 997 777 997 777 1005 763 1005
794 1206 813 1206 813 1216 794 1216
847 1129 856 1129 856 1139 847 1139
829 1358 857 1358 857 1369 829 1369
801 1092 810 1092 810 1103 801 1103
793 722 813 722 813 735 793 735
824 734 845 734 845 747 824 747
830 1267 853 1267 853 1280 830 1280
625 1323 639 1323 639 1337 625 1337
670 778 689 778 689 792 670 792
793 1137 815 1137 815 1151 793 1151
462 1207 490 1207 490 1221 462 1221
250 700 269 700 269 715 250 715
244 772 264 772 264 787 244 787
755 735 780 735 780 750 755 750
757 608 778 608 778 623 757 623
838 1136 847 1136 847 1151 838 1151
621 1094 635 1094 635 1109 621 1109
535 678 551 678 551 693 535 693
601 702 620 702 620 717 601 717
794 945 814 945 814 960 794 960
583 1251 605 1251 605 1266 583 1266
310 1388 335 1388 335 1403 310 1403
525 767 568 767 568 782 525 782
531 995 551 995 551 1011 531 1011
272 751 294 751 294 767 272 767
785 401 809 401 809 417 785 417
753 860 778 860 778 876 753 876
110 361 141 361 141 377 110 377
837 1202 850 1202 850 1219 837 1219
342 704 362 704 362 721 342 721
603 432 623 432 623 449 603 449
189 1129 211 1129 211 1146 189 1146
268 317 291 317 291 334 268 334
799 630 808 630 808 647 799 647
738 1100 758 1100 758 1117 738 1117
463 296 484 296 484 313 463 313
322 528 344 528 344 545 322 545
241 793 267 793 267 810 241 810
318 701 329 701 329 719 318 719
725 435 740 435 740 453 725 453
796 843 812 843 812 861 796 861
326 1221 348 1221 348 1239 326 1239
311 1352 333 1352 333 1370 311 1370
618 1113 642 1113 642 1131 618 1131
722 458 746 458 746 476 722 476
749 880 777 880 777 898 749 898
458 649 488 649 488 667 458 667
588 1232 603 1232 603 1251 588 1251
833 1222 849 1222 849 1241 833 1241
796 818 815 818 815 837 796 837
671 1164 690 1164 690 1183 671 1183
827 801 840 801 840 820 827 820
342 795 357 795 357 814 342 814
591 1089 608 1089 608 1108 591 1108
671 598 693 598 693 617 671 617
796 1013 820 1013 820 1032 796 1032
789 486 816 486 816 505 789 505
249 604 277 604 277 623 249 623
666 365 695 365 695 384 666 384
603 456 619 456 619 475 603 475
791 354 813 354 813 373 791 373
336 810 372 810 372 829 336 829
247 749 260 749 260 769 247 769
669 384 690 384 690 404 669 404
792 673 816 673 816 693 792 693
789 608 815 608 815 628 789 628
789 960 820 960 820 980 789 980
525 744 562 744 562 764 525 764
657 1190 697 1190 697 1210 657 1210
594 297 635 297 635 317 594 317
622 1131 636 1131 636 1151 622 1151
824 300 839 300 839 320 824 320
670 1357 686 1357 686 1377 670 1377
271 296 288 296 288 316 271 316
315 759 333 759 333 779 315 779
272 916 293 916 293 936 272 936
585 922 607 922 607 942 585 942
584 1270 610 1270 610 1290 584 1290
794 1354 821 1354 821 1374 794 1374
792 1278 820 1278 820 1298 792 1298
824 935 852 935 852 955 824 955
192 425 222 425 222 445 192 445
753 899 790 899 790 919 753 919
833 1015 844 1015 844 1036 833 1036
760 684 776 684 776 705 760 705
795 923 812 923 812 944 795 944
793 649 811 649 811 670 793 670
830 1109 849 1109 849 1130 830 1130
188 702 207 702 207 723 188 723
279 728 298 728 298 749 279 749
274 943 293 943 293 964 274 964
791 698 813 698 813 719 791 719
721 534 745 534 745 555 721 555
112 1002 148 1002 148 1023 112 1023
593 1143 604 1143 604 1164 593 1164
471 849 488 849 488 870 471 870
311 1369 332 1369 332 1390 311 1390
254 488 277 488 277 509 254 509
51 702 74 702 74 723 51 723
791 767 816 767 816 788 791 788
825 1036 854 1036 854 1057 825 1057
662 1215 694 1215 694 1236 662 1236
111 748 146 748 146 769 111 769
276 800 290 800 290 821 276 821
724 375 741 375 741 396 724 396
327 639 346 639 346 660 327 660
618 1156 637 1156 637 1177 618 1177
756 660 777 660 777 681 756 681
820 355 845 355 845 376 820 376
260 334 296 334 296 355 260 355
523 380 563 380 563 401 523 401
755 424 771 424 771 446 755 446
833 1244 853 1244 853 1266 833 1266
796 895 817 895 817 917 796 917
324 347 352 347 352 369 324 369
461 1346 495 1346 495 1368 461 1368
248 627 283 627 283 649 248 649
758 558 771 558 771 580 758 580
825 575 846 575 846 597 825 597
616 1071 642 1071 642 1093 616 1093
790 1153 817 1153 817 1175 790 1175
832 1086 846 1086 846 1109 832 1109
327 1284 344 1284 344 1307 327 1307
831 1153 849 1153 849 1176 831 1176
823 685 847 685 847 708 823 708
619 1266 643 1266 643 1289 619 1289
173 299 218 299 218 322 173 322
799 1035 816 1035 816 1058 799 1058
758 707 776 707 776 730 758 730
731 1125 765 1125 765 1148 731 1148
315 781 334 781 334 804 315 804
604 817 623 817 623 840 604 840
187 1289 207 1289 207 1312 187 1312
617 1013 639 1013 639 1036 617 1036
585 1064 609 1064 609 1087 585 1087
821 507 848 507 848 530 821 530
822 774 849 774 849 797 822 797
582 977 614 977 614 1000 582 1000
669 655 690 655 690 679 669 679
116 1106 137 1106 137 1130 116 1130
620 1241 641 1241 641 1265 620 1265
343 1347 365 1347 365 1371 343 1371
738 1148 761 1148 761 1172 738 1172
270 853 298 853 298 877 270 877
184 1312 214 1312 214 1336 184 1336
113 1128 143 1128 143 1152 113 1152
110 1153 150 1153 150 1177 110 1177
671 933 690 933 690 957 671 957
275 824 297 824 297 848 275 848
791 743 813 743 813 767 791 767
586 1166 611 1166 611 1190 586 1190
583 1037 610 1037 610 1061 583 1061
753 632 780 632 780 656 753 656
789 1302 823 1302 823 1326 789 1326
314 1104 352 1104 352 1128 314 1128
730 1352 770 1352 770 1376 730 1376
826 875 846 875 846 900 826 900
256 579 277 579 277 604 256 604
615 990 641 990 641 1015 615 1015
755 335 782 335 782 360 755 360
753 832 783 832 783 857 753 857
459 905 498 905 498 930 459 930
525 1045 569 1045 569 1070 525 1070
536 620 555 620 555 645 536 645
827 984 850 984 850 1009 827 1009
750 396 779 396 779 421 750 421
314 551 355 551 355 576 314 576
796 792 812 792 812 817 796 817
536 1207 553 1207 553 1232 536 1232
826 847 846 847 846 872 826 872
824 628 844 628 844 653 824 653
789 325 814 325 814 350 789 350
793 579 819 579 819 604 793 604
792 1176 819 1176 819 1201 792 1201
458 1037 498 1037 498 1062 458 1062
256 552 283 552 283 578 256 578
787 423 814 423 814 449 787 449
383 411 425 411 425 437 383 437
795 375 808 375 808 401 795 401
186 834 208 834 208 860 186 860
466 1068 488 1068 488 1094 466 1094
753 579 779 579 779 605 753 605
381 339 414 339 414 365 381 365
730 1046 765 1046 765 1072 730 1072
41 864 78 864 78 890 41 890
796 984 813 984 813 1011 796 1011
797 1328 816 1328 816 1355 797 1355
823 379 843 379 843 406 823 406
116 720 138 720 138 747 116 747
273 769 296 769 296 796 273 796
823 602 847 602 847 629 823 629
588 1115 613 1115 613 1142 588 1142
819 324 845 324 845 351 819 351
793 1250 820 1250 820 1277 793 1277
787 300 815 300 815 327 787 327
460 1087 493 1087 493 1114 460 1114
339 1376 373 1376 373 1403 339 1403
663 1328 699 1328 699 1355 663 1355
38 300 74 300 74 327 38 327
740 1275 760 1275 760 1302 740 1302
830 1175 855 1175 855 1202 830 1202
665 435 691 435 691 462 665 462
750 364 777 364 777 391 750 391
752 800 783 800 783 827 752 827
675 574 711 574 711 601 675 601
455 1113 493 1113 493 1140 455 1140
828 707 841 707 841 734 828 734
539 777 554 777 554 804 539 804
603 785 619 785 619 812 603 812
274 696 291 696 291 723 274 723
797 1062 817 1062 817 1089 797 1089
735 1299 758 1299 758 1326 735 1326
528 1017 555 1017 555 1044 528 1044
463 1371 496 1371 496 1398 463 1398
529 1235 562 1235 562 1262 529 1262
795 867 811 867 811 895 795 895
758 927 775 927 775 955 758 955
467 449 485 449 485 477 467 477
272 668 297 668 297 696 272 696
736 1071 764 1071 764 1099 736 1099
42 531 76 531 76 559 42 559
110 512 147 512 147 540 110 540
659 410 699 410 699 438 659 438
670 749 710 749 710 777 670 777
106 615 149 615 149 643 106 643
319 577 363 577 363 605 319 605
243 717 268 717 268 745 243 745
668 1375 699 1375 699 1403 668 1403
734 1325 770 1325 770 1353 734 1353
251 667 266 667 266 695 251 695
53 604 70 604 70 632 53 632
535 1101 552 1101 552 1129 535 1129
672 829 691 829 691 857 672 857
585 941 609 941 609 969 585 969
820 408 845 408 845 436 820 436
617 1178 644 1178 644 1206 617 1206
822 440 850 440 850 468 822 468
47 834 75 834 75 862 47 862
594 474 627 474 627 502 594 502
465 380 498 380 498 408 465 408
174 728 220 728 220 756 174 756
322 1306 347 1306 347 1335 322 1335
752 526 779 526 779 555 752 555
320 661 350 661 350 690 320 690
466 975 497 975 497 1004 466 1004
179 1064 213 1064 213 1093 179 1093
180 1380 218 1380 218 1409 180 1409
840 1370 854 1370 854 1399 840 1399
460 1175 490 1175 490 1204 460 1204
179 639 214 639 214 668 179 668
664 1105 699 1105 699 1134 664 1134
318 1039 356 1039 356 1068 318 1068
389 439 429 439 429 468 389 468
831 1058 846 1058 846 1088 831 1088
669 958 691 958 691 988 669 988
527 1371 558 1371 558 1401 527 1401
318 1190 351 1190 351 1220 318 1220
526 965 560 965 560 995 526 995
731 1204 768 1204 768 1234 731 1234
595 756 637 756 637 786 595 786
800 1107 813 1107 813 1137 800 1137
667 1239 687 1239 687 1269 667 1269
622 1209 643 1209 643 1239 622 1239
184 1221 205 1221 205 1251 184 1251
530 1338 560 1338 560 1368 530 1368
530 804 564 804 564 834 530 834
589 888 604 888 604 918 589 918
53 804 74 804 74 834 53 834
825 954 850 954 850 984 825 984
617 959 643 959 643 989 617 989
599 369 628 369 628 399 599 399
595 842 624 842 624 872 595 872
594 556 624 556 624 586 594 586
662 986 692 986 692 1016 662 1016
248 426 279 426 279 456 248 456
250 458 281 458 281 488 250 488
316 464 352 464 352 494 316 494
524 935 563 935 563 965 524 965
660 1261 702 1261 702 1291 660 1291
314 1128 361 1128 361 1158 314 1158
831 902 844 902 844 933 831 933
118 295 135 295 135 326 118 326
621 1040 640 1040 640 1071 621 1071
587 1194 609 1194 609 1225 587 1225
790 509 817 509 817 540 790 540
341 764 368 764 368 795 341 795
664 797 693 797 693 828 664 828
665 299 701 299 701 330 665 330
660 1294 701 1294 701 1325 660 1325
793 454 816 454 816 485 793 485
339 729 364 729 364 760 339 760
460 611 487 611 487 642 460 642
616 929 644 929 644 960 616 960
598 670 628 670 628 701 598 701
464 871 496 871 496 902 464 902
330 609 343 609 343 641 330 641
828 822 842 822 842 854 828 854
316 492 352 492 352 524 316 524
755 448 771 448 771 480 755 480
621 1290 637 1290 637 1322 621 1322
346 831 364 831 364 863 346 863
822 654 843 654 843 686 822 686
466 1007 489 1007 489 1039 466 1039
668 333 694 333 694 365 668 365
793 1219 822 1219 822 1251 793 1251
789 541 819 541 819 573 789 573
752 297 782 297 782 329 752 329
580 1002 610 1002 610 1034 580 1034
109 327 140 327 140 359 109 359
318 1160 350 1160 350 1192 318 1192
457 317 489 317 489 349 457 349
734 1172 766 1172 766 1204 734 1204
671 715 688 715 688 747 671 747
667 620 692 620 692 652 667 652
51 771 83 771 83 803 51 803
464 764 497 764 497 796 464 796
529 646 563 646 563 678 529 678
183 861 217 861 217 893 183 893
822 746 848 746 848 779 822 779
596 398 626 398 626 431 596 431
660 464 692 464 692 497 660 497
531 1136 565 1136 565 1169 531 1169
245 357 285 357 285 390 245 390
795 1371 822 1371 822 1404 795 1404
754 956 784 956 784 989 754 989
114 964 147 964 147 997 114 997
39 416 81 416 81 449 39 449
195 484 223 484 223 518 195 518
460 579 494 579 494 613 460 613
456 513 494 513 494 547 456 547
660 492 700 492 700 526 660 526
174 1151 219 1151 219 1185 174 1185
467 1313 482 1313 482 1347 467 1347
195 451 216 451 216 485 195 485
834 1323 857 1323 857 1357 834 1357
825 471 850 471 850 505 825 505
737 1234 765 1234 765 1268 737 1268
725 398 742 398 742 432 725 432
274 880 296 880 296 914 274 914
118 929 145 929 145 963 118 963
715 339 747 339 747 373 715 373
594 641 628 641 628 675 594 675
456 348 493 348 493 382 456 382
109 575 151 575 151 609 109 609
176 604 222 604 222 638 176 638
459 477 488 477 488 512 459 512
181 1092 214 1092 214 1127 181 1127
119 1024 138 1024 138 1059 119 1059
118 638 139 638 139 673 118 673
664 1132 693 1132 693 1167 664 1167
527 1263 562 1263 562 1298 527 1298
318 900 354 900 354 935 318 935
176 670 216 670 216 705 176 705
531 1067 556 1067 556 1103 531 1103
313 718 339 718 339 754 313 754
179 1251 209 1251 209 1287 179 1287
730 1368 760 1368 760 1404 730 1404
103 898 142 898 142 934 103 934
660 863 709 863 709 899 660 899
823 536 855 536 855 572 823 572
524 585 569 585 569 621 524 621
186 754 207 754 207 790 186 790
317 1067 351 1067 351 1103 317 1103
113 471 148 471 148 507 113 507
315 971 355 971 355 1007 315 1007
459 1278 500 1278 500 1314 459 1314
49 326 68 326 68 363 49 363
52 634 73 634 73 671 52 671
180 1185 212 1185 212 1222 180 1222
319 933 353 933 353 970 319 970
524 300 558 300 558 337 524 337
525 1173 560 1173 560 1210 525 1210
388 370 415 370 415 407 388 407
720 555 750 555 750 592 720 592
834 1283 851 1283 851 1321 834 1321
530 545 563 545 563 583 530 583
590 726 628 726 628 764 590 764
177 567 219 567 219 605 177 605
174 895 220 895 220 933 174 933
387 297 414 297 414 335 387 335
112 861 148 861 148 899 112 899
315 1244 355 1244 355 1282 315 1282
683 895 696 895 696 933 683 933
118 535 146 535 146 573 118 573
616 889 639 889 639 928 616 928
525 702 564 702 564 741 525 741
38 450 84 450 84 489 38 489
466 1138 489 1138 489 1177 466 1177
665 1066 702 1066 702 1105 665 1105
43 727 84 727 84 766 43 766
314 1002 354 1002 354 1042 314 1042
42 491 78 491 78 531 42 531
182 932 219 932 219 972 182 972
458 717 499 717 499 757 458 757
46 662 87 662 87 703 46 703
116 1062 143 1062 143 1103 116 1103
753 483 774 483 774 525 753 525
665 527 699 527 699 569 665 569
315 301 351 301 351 343 315 343
519 407 565 407 565 449 519 449
664 673 710 673 710 715 664 715
523 1298 571 1298 571 1340 523 1340
111 771 148 771 148 813 111 813
44 558 81 558 81 600 44 600
178 1022 216 1022 216 1064 178 1064
524 507 566 507 566 549 524 549
311 371 357 371 357 413 311 413
177 521 223 521 223 563 177 563
524 839 572 839 572 881 524 881
464 405 481 405 481 448 464 448
249 516 283 516 283 559 249 559
593 323 631 323 631 366 593 366
663 1021 705 1021 705 1064 663 1064
731 999 765 999 765 1042 731 1042
463 929 489 929 489 973 463 973
38 365 87 365 87 409 38 409
182 324 203 324 203 369 182 369
103 422 145 422 145 467 103 467
251 384 273 384 273 429 251 429
527 338 554 338 554 383 527 383
111 375 143 375 143 420 111 420
114 673 139 673 139 719 114 719
457 541 482 541 482 587 457 587
184 786 209 786 209 833 184 833
529 456 559 456 559 503 529 503
321 854 357 854 357 901 321 901
596 504 636 504 636 551 596 551
313 415 354 415 354 463 313 463
176 1336 218 1336 218 1385 176 1385
180 973 212 973 212 1025 180 1025
721 475 746 475 746 527 721 527
591 589 637 589 637 642 591 642
527 878 564 878 564 933 527 933
174 359 211 359 211 416 174 416
108 814 156 814 156 873 108 873
