527 1007 562 1007 562 1015 527 1015
833 1343 840 1343 840 1352 833 1352
684 462 702 462 702 473 684 473
344 1261 361 1261 361 1274 344 1274
738 1103 768 1103 768 1118 738 1118
679 415 706 415 706 431 679 431
803 864 835 864 835 880 803 880
806 1030 826 1030 826 1047 806 1047
118 1293 146 1293 146 1310 118 1310
529 1146 560 1146 560 1163 529 1163
733 1165 768 1165 768 1183 733 1183
658 361 677 361 677 379 658 379
608 1123 629 1123 629 1141 608 1141
322 1374 356 1374 356 1393 322 1393
385 952 431 952 431 971 385 971
597 1264 634 1264 634 1284 597 1284
685 322 700 322 700 342 685 342
110 422 144 422 144 442 110 442
603 668 625 668 625 689 603 689
802 327 823 327 823 348 802 348
800 352 824 352 824 373 800 373
388 929 425 929 425 950 388 950
734 950 771 950 771 971 734 971
49 744 74 744 74 766 49 766
595 522 636 522 636 544 595 544
804 479 826 479 826 501 804 501
606 200 642 200 642 222 606 222
804 1191 841 1191 841 1213 804 1213
729 466 770 466 770 488 729 488
741 1045 761 1045 761 1067 741 1067
735 413 759 413 759 435 735 435
825 1320 841 1320 841 1343 825 1343
797 1262 816 1262 816 1285 797 1285
259 875 279 875 279 898 259 898
797 502 827 502 827 525 797 525
177 461 210 461 210 484 177 484
740 976 774 976 774 999 740 999
244 603 286 603 286 626 244 626
689 431 700 431 700 455 689 455
193 1057 211 1057 211 1081 193 1081
255 405 283 405 283 429 255 429
112 947 152 947 152 971 112 971
528 1335 561 1335 561 1359 528 1359
798 628 835 628 835 652 798 652
822 1263 846 1263 846 1287 822 1287
110 972 151 972 151 996 110 996
53 939 71 939 71 964 53 964
737 488 759 488 759 513 737 513
392 359 415 359 415 384 392 384
454 602 491 602 491 627 454 627
723 554 743 554 743 579 723 579
187 636 211 636 211 661 187 661
736 832 760 832 760 857 736 857
393 874 419 874 419 899 393 899
390 1252 432 1252 432 1277 390 1277
462 368 478 368 478 394 462 394
188 951 207 951 207 977 188 977
804 413 824 413 824 439 804 439
602 863 624 863 624 889 602 889
524 407 561 407 561 433 524 433
460 1286 500 1286 500 1312 460 1312
245 697 287 697 287 723 245 723
793 527 833 527 833 553 793 553
532 429 556 429 556 455 532 455
394 901 420 901 420 927 394 927
601 1324 635 1324 635 1350 601 1350
253 729 280 729 280 756 253 756
458 810 492 810 492 837 458 837
253 1295 288 1295 288 1322 253 1322
458 1020 495 1020 495 1047 458 1047
385 637 426 637 426 664 385 664
458 1047 501 1047 501 1074 458 1074
800 1289 814 1289 814 1316 800 1316
396 799 417 799 417 826 396 826
534 892 558 892 558 919 534 919
108 837 146 837 146 864 108 864
116 395 134 395 134 422 116 422
329 1344 347 1344 347 1371 329 1371
737 775 757 775 757 802 737 802
602 693 624 693 624 720 602 720
738 1328 767 1328 767 1355 738 1355
595 724 626 724 626 751 595 751
794 728 840 728 840 755 794 755
831 1290 844 1290 844 1318 831 1318
391 328 415 328 415 356 391 356
108 478 144 478 144 506 108 506
180 694 224 694 224 722 180 722
452 930 499 930 499 958 452 958
655 411 674 411 674 439 655 439
53 534 75 534 75 562 53 562
187 725 210 725 210 753 187 753
327 322 356 322 356 350 327 350
246 464 281 464 281 492 246 492
458 428 497 428 497 456 458 456
179 1254 219 1254 219 1282 179 1282
308 352 350 352 350 380 308 380
245 430 283 430 283 459 245 459
45 1274 87 1274 87 1303 45 1303
522 331 568 331 568 360 522 360
40 828 93 828 93 857 40 857
255 663 282 663 282 692 255 692
249 497 282 497 282 526 249 526
806 799 826 799 826 828 806 828
44 397 73 397 73 426 44 426
606 1150 639 1150 639 1179 606 1179
115 674 151 674 151 703 115 703
115 1106 152 1106 152 1135 115 1135
671 535 713 535 713 564 671 564
474 1173 490 1173 490 1203 474 1203
320 1014 357 1014 357 1044 320 1044
249 1230 287 1230 287 1260 249 1260
171 362 219 362 219 392 171 392
381 602 430 602 430 632 381 632
263 904 279 904 279 934 263 934
736 437 758 437 758 467 736 467
187 661 208 661 208 692 187 692
732 704 759 704 759 735 732 735
649 382 678 382 678 413 649 413
252 1259 287 1259 287 1290 252 1290
250 846 287 846 287 877 250 877
103 363 150 363 150 394 103 394
390 1220 419 1220 419 1251 390 1251
597 1051 631 1051 631 1082 597 1082
317 1314 355 1314 355 1345 317 1345
538 489 545 489 545 520 538 520
252 627 275 627 275 658 252 658
681 380 707 380 707 411 681 411
601 795 637 795 637 826 601 826
725 630 762 630 762 661 725 661
252 1360 291 1360 291 1391 252 1391
386 1321 426 1321 426 1352 386 1352
727 1356 771 1356 771 1387 727 1387
521 862 567 862 567 893 521 893
106 1075 159 1075 159 1106 106 1106
388 670 423 670 423 702 388 702
597 890 632 890 632 922 597 922
386 1146 432 1146 432 1178 386 1178
592 404 641 404 641 436 592 436
102 446 151 446 151 478 102 478
398 1274 420 1274 420 1306 398 1306
190 1083 213 1083 213 1115 190 1115
597 438 633 438 633 470 597 470
321 1222 359 1222 359 1254 321 1254
807 1125 827 1125 827 1158 807 1158
46 460 75 460 75 493 46 493
256 527 273 527 273 560 256 560
744 594 777 594 777 627 744 627
178 323 211 323 211 356 178 356
121 1361 154 1361 154 1394 121 1394
321 1278 355 1278 355 1311 321 1311
252 1187 288 1187 288 1220 252 1220
542 1209 558 1209 558 1242 542 1242
608 1291 626 1291 626 1324 608 1324
528 457 553 457 553 490 528 490
806 826 834 826 834 859 806 859
797 595 833 595 833 628 797 628
110 1257 148 1257 148 1290 110 1290
791 378 830 378 830 411 791 411
588 331 637 331 637 364 588 364
189 976 214 976 214 1010 189 1010
734 1067 770 1067 770 1101 734 1101
730 376 767 376 767 410 730 410
458 1203 498 1203 498 1237 458 1237
41 365 87 365 87 399 41 399
61 1165 79 1165 79 1199 61 1199
746 553 774 553 774 587 746 587
733 513 763 513 763 547 733 547
732 802 769 802 769 836 732 836
799 993 841 993 841 1027 799 1027
128 998 144 998 144 1033 128 1033
54 964 78 964 78 999 54 999
800 655 834 655 834 690 800 690
389 1113 430 1113 430 1148 389 1148
525 514 567 514 567 549 525 549
114 909 157 909 157 944 114 944
313 488 357 488 357 523 313 523
540 919 555 919 555 954 540 954
185 758 220 758 220 793 185 793
528 779 563 779 563 814 528 814
592 629 632 629 632 664 592 664
598 298 633 298 633 333 598 333
799 1052 834 1052 834 1087 799 1087
458 504 495 504 495 539 458 539
110 601 146 601 146 637 110 637
116 1184 154 1184 154 1220 116 1220
725 581 740 581 740 617 725 617
816 1153 832 1153 832 1189 816 1189
796 440 824 440 824 476 796 476
324 1087 357 1087 357 1123 324 1123
595 1350 633 1350 633 1386 595 1386
251 924 299 924 299 960 251 960
254 323 274 323 274 360 254 360
810 1083 832 1083 832 1120 810 1120
182 1166 215 1166 215 1203 182 1203
47 1127 80 1127 80 1164 47 1164
253 1322 287 1322 287 1359 253 1359
528 1065 566 1065 566 1102 528 1102
593 824 631 824 631 861 593 861
103 327 148 327 148 364 103 364
59 426 82 426 82 463 59 463
112 703 151 703 151 740 112 740
451 393 491 393 491 430 451 430
589 1013 635 1013 635 1050 589 1050
123 1220 139 1220 139 1257 123 1257
654 322 681 322 681 359 654 359
184 905 221 905 221 942 184 942
41 495 81 495 81 532 41 532
469 889 488 889 488 927 469 927
595 1082 629 1082 629 1120 595 1120
462 1080 498 1080 498 1118 462 1118
524 1356 567 1356 567 1394 524 1394
317 1126 365 1126 365 1164 317 1164
186 425 202 425 202 463 186 463
404 524 429 524 429 562 404 562
51 1353 79 1353 79 1391 51 1391
387 559 422 559 422 597 387 597
458 676 494 676 494 714 458 714
318 1049 361 1049 361 1087 318 1087
254 563 278 563 278 601 254 601
248 365 280 365 280 403 248 403
595 1182 638 1182 638 1220 595 1220
729 737 774 737 774 775 729 775
321 821 367 821 367 859 321 859
387 704 438 704 438 742 387 742
56 1237 71 1237 71 1276 56 1276
49 662 75 662 75 701 49 701
123 632 154 632 154 671 123 671
798 557 833 557 833 596 798 596
595 594 632 594 632 633 595 633
564 200 602 200 602 239 564 239
403 1026 441 1026 441 1065 403 1065
180 858 222 858 222 897 180 897
255 1148 282 1148 282 1187 255 1187
525 677 562 677 562 716 525 716
452 327 503 327 503 366 452 366
605 753 631 753 631 793 605 793
609 233 644 233 644 273 609 273
734 1284 776 1284 776 1324 734 1324
523 1242 568 1242 568 1282 523 1282
799 1349 854 1349 854 1389 799 1389
50 702 74 702 74 742 50 742
119 1317 148 1317 148 1357 119 1357
251 999 288 999 288 1039 251 1039
388 484 428 484 428 524 388 524
401 1066 443 1066 443 1106 401 1106
594 925 642 925 642 965 594 965
38 897 87 897 87 937 38 937
265 759 273 759 273 800 265 800
116 1031 153 1031 153 1072 116 1072
321 734 359 734 359 775 321 775
456 1354 504 1354 504 1395 456 1395
252 958 294 958 294 999 252 999
594 476 638 476 638 517 594 517
459 1314 506 1314 506 1355 459 1355
517 364 568 364 568 405 517 405
686 344 700 344 700 386 686 386
657 442 673 442 673 484 657 484
48 325 69 325 69 367 48 367
394 972 422 972 422 1014 394 1014
525 589 561 589 561 631 525 631
731 1003 768 1003 768 1045 731 1045
804 1216 843 1216 843 1258 804 1258
393 385 414 385 414 427 393 427
50 1197 88 1197 88 1239 50 1239
458 634 499 634 499 676 458 676
391 1352 428 1352 428 1394 391 1394
519 548 566 548 566 590 519 590
725 664 778 664 778 706 725 706
603 1220 627 1220 627 1263 603 1263
676 483 706 483 706 526 676 526
733 906 775 906 775 949 733 949
392 828 422 828 422 871 392 871
316 382 360 382 360 425 316 425
452 717 497 717 497 760 452 760
321 778 361 778 361 822 321 822
520 817 568 817 568 861 520 861
111 1138 164 1138 164 1182 111 1182
328 910 355 910 355 954 328 954
43 852 80 852 80 896 43 896
179 540 219 540 219 584 179 584
179 1287 220 1287 220 1331 179 1331
108 863 152 863 152 907 108 907
104 503 151 503 151 547 104 547
533 956 560 956 560 1001 533 1001
729 1120 772 1120 772 1165 729 1165
589 964 636 964 636 1009 589 1009
535 1163 561 1163 561 1208 535 1208
464 1236 496 1236 496 1281 464 1281
254 802 278 802 278 848 254 848
396 1175 423 1175 423 1221 396 1221
185 1012 219 1012 219 1058 185 1058
314 686 365 686 365 732 314 732
596 362 621 362 621 408 596 408
318 1171 360 1171 360 1217 318 1217
795 759 838 759 838 805 795 805
520 632 564 632 564 678 520 678
727 1235 781 1235 781 1281 727 1281
190 1116 209 1116 209 1162 190 1162
181 489 208 489 208 535 181 535
266 1040 285 1040 285 1087 266 1087
795 884 832 884 832 931 795 931
822 688 841 688 841 735 822 735
523 1021 569 1021 569 1068 523 1068
528 1281 559 1281 559 1329 528 1329
727 325 769 325 769 373 727 373
44 1079 91 1079 91 1127 44 1127
108 790 159 790 159 838 108 838
188 792 209 792 209 840 188 840
529 1092 567 1092 567 1140 529 1140
175 390 223 390 223 438 175 438
456 758 491 758 491 807 456 807
185 1204 214 1204 214 1253 185 1253
385 747 435 747 435 796 385 796
593 549 636 549 636 598 593 598
311 578 363 578 363 627 311 627
312 523 364 523 364 573 312 573
114 741 149 741 149 792 114 792
319 961 359 961 359 1012 319 1012
40 612 93 612 93 663 40 663
48 563 75 563 75 614 48 614
733 1184 766 1184 766 1235 733 1235
458 838 495 838 495 889 458 889
47 1301 90 1301 90 1352 47 1352
741 860 760 860 760 912 741 912
794 936 838 936 838 988 794 988
453 453 498 453 498 505 453 505
177 583 215 583 215 635 177 635
317 859 369 859 369 911 317 911
183 1335 226 1335 226 1388 183 1388
452 544 498 544 498 598 452 598
318 627 358 627 358 682 318 682
107 545 146 545 146 600 107 600
387 427 431 427 431 483 387 483
528 720 564 720 564 778 528 778
455 959 500 959 500 1018 455 1018
258 1085 283 1085 283 1146 258 1146
313 427 354 427 354 489 313 489
43 766 81 766 81 829 43 829
