845 1266 857 1266 857 1275 845 1275
748 1265 774 1265 774 1278 748 1278
750 338 778 338 778 351 750 351
401 1244 413 1244 413 1258 401 1258
183 385 222 385 222 399 183 399
407 747 419 747 419 761 407 761
333 450 346 450 346 464 333 464
766 956 780 956 780 970 766 970
620 572 634 572 634 586 620 586
613 882 627 882 627 896 613 896
193 850 207 850 207 864 193 864
894 736 910 736 910 750 894 750
543 738 559 738 559 753 543 753
467 523 494 523 494 539 467 539
324 1221 354 1221 354 1237 324 1237
899 1255 913 1255 913 1271 899 1271
687 1215 702 1215 702 1231 687 1231
474 440 485 440 485 457 474 457
684 805 699 805 699 822 684 822
334 714 349 714 349 731 334 731
817 1135 862 1135 862 1153 817 1153
188 469 213 469 213 487 188 487
127 420 148 420 148 439 127 439
392 764 426 764 426 783 392 783
404 514 416 514 416 533 404 533
117 539 152 539 152 559 117 559
689 991 698 991 698 1011 689 1011
827 1352 843 1352 843 1372 827 1372
455 747 504 747 504 767 455 767
539 839 556 839 556 859 539 859
395 1361 426 1361 426 1381 395 1381
472 838 488 838 488 859 472 859
615 593 635 593 635 614 615 614
404 1339 422 1339 422 1360 404 1360
189 488 219 488 219 509 189 509
758 725 771 725 771 747 758 747
325 563 353 563 353 585 325 585
752 1203 768 1203 768 1225 752 1225
194 934 216 934 216 956 194 956
470 592 483 592 483 615 470 615
333 537 349 537 349 560 333 560
186 1015 212 1015 212 1038 186 1038
462 772 496 772 496 795 462 795
408 576 422 576 422 599 408 599
183 914 219 914 219 937 183 937
193 990 209 990 209 1013 193 1013
674 505 701 505 701 528 674 528
531 855 566 855 566 879 531 879
548 877 558 877 558 901 548 901
621 678 632 678 632 702 621 702
261 625 277 625 277 649 261 649
395 808 421 808 421 832 395 832
472 863 501 863 501 887 472 887
326 1284 357 1284 357 1308 326 1308
611 942 645 942 645 966 611 966
179 1038 216 1038 216 1062 179 1062
404 783 415 783 415 808 404 808
825 1024 837 1024 837 1049 825 1049
337 656 349 656 349 681 337 681
257 1043 278 1043 278 1068 257 1068
254 946 281 946 281 971 254 971
322 947 349 947 349 972 322 972
255 498 295 498 295 523 255 523
334 1192 347 1192 347 1217 334 1217
328 1307 346 1307 346 1332 328 1332
318 973 355 973 355 998 318 998
675 1350 715 1350 715 1375 675 1375
385 1382 431 1382 431 1407 385 1407
691 1379 703 1379 703 1404 691 1404
461 457 497 457 497 482 461 482
119 393 156 393 156 418 119 418
460 1100 498 1100 498 1125 460 1125
280 1208 290 1208 290 1234 280 1234
400 397 416 397 416 423 400 423
465 959 495 959 495 985 465 985
322 1100 357 1100 357 1126 322 1126
335 390 348 390 348 416 335 416
546 427 561 427 561 453 546 453
612 825 630 825 630 851 612 851
894 1190 914 1190 914 1216 894 1216
399 367 430 367 430 393 399 393
749 428 778 428 778 455 749 455
675 964 710 964 710 991 675 991
389 832 425 832 425 859 389 859
255 686 297 686 297 713 255 713
673 907 716 907 716 934 673 934
756 581 770 581 770 608 756 608
687 1155 701 1155 701 1182 687 1182
320 583 357 583 357 610 320 610
127 1138 141 1138 141 1165 127 1165
191 599 212 599 212 626 191 626
613 343 635 343 635 370 613 370
677 936 701 936 701 963 677 963
112 664 148 664 148 691 112 691
617 511 630 511 630 539 617 539
193 714 217 714 217 742 193 742
118 561 148 561 148 589 118 589
120 506 151 506 151 534 120 534
894 912 908 912 908 940 894 940
547 678 562 678 562 706 547 706
610 703 636 703 636 731 610 731
256 1340 284 1340 284 1368 256 1368
818 700 855 700 855 728 818 728
617 1088 629 1088 629 1117 617 1117
195 786 209 786 209 815 195 815
753 1125 773 1125 773 1154 753 1154
250 787 287 787 287 816 250 816
411 923 423 923 423 952 411 952
893 674 908 674 908 703 893 703
259 978 277 978 277 1007 259 1007
257 885 277 885 277 914 257 914
537 901 563 901 563 930 537 930
819 779 851 779 851 808 819 808
675 775 711 775 711 804 675 804
119 1033 155 1033 155 1062 119 1062
605 650 643 650 643 679 605 679
828 335 840 335 840 364 828 364
398 1178 420 1178 420 1207 398 1207
825 623 848 623 848 652 825 652
465 991 493 991 493 1020 465 1020
324 416 356 416 356 445 324 445
824 589 839 589 839 619 824 619
122 471 141 471 141 501 122 501
327 808 348 808 348 838 327 838
891 483 912 483 912 513 891 513
819 1051 843 1051 843 1081 819 1081
120 1210 145 1210 145 1240 120 1240
119 744 149 744 149 774 119 774
604 849 639 849 639 879 604 879
616 620 630 620 630 650 616 650
613 1022 631 1022 631 1052 613 1052
609 539 638 539 638 569 609 569
320 919 349 919 349 949 320 949
890 1316 920 1316 920 1346 890 1346
116 589 150 589 150 619 116 619
333 839 350 839 350 870 333 870
123 363 148 363 148 394 123 394
463 484 497 484 497 515 463 515
265 1138 277 1138 277 1169 265 1169
196 439 209 439 209 470 196 470
686 476 700 476 700 507 686 507
393 420 421 420 421 451 393 451
752 609 780 609 780 640 752 640
326 504 367 504 367 535 326 535
751 836 768 836 768 867 751 867
887 943 915 943 915 974 887 974
900 1377 931 1377 931 1408 900 1408
326 681 359 681 359 712 326 712
189 815 214 815 214 847 189 847
749 1008 778 1008 778 1040 749 1040
607 1120 638 1120 638 1152 607 1152
392 860 426 860 426 892 392 892
389 1207 424 1207 424 1239 389 1239
676 1180 713 1180 713 1212 676 1212
815 912 854 912 854 944 815 944
320 1327 367 1327 367 1359 320 1359
684 746 701 746 701 778 684 778
125 770 144 770 144 802 125 802
551 802 572 802 572 834 551 834
540 969 563 969 563 1001 540 1001
822 1375 850 1375 850 1407 822 1407
324 775 354 775 354 807 324 807
395 455 428 455 428 487 395 487
815 505 851 505 851 537 815 537
740 1225 779 1225 779 1257 740 1257
667 529 709 529 709 561 667 561
417 952 424 952 424 985 417 985
123 803 137 803 137 836 123 836
897 1277 913 1277 913 1310 897 1310
257 815 275 815 275 848 257 848
258 1273 277 1273 277 1306 258 1306
536 704 566 704 566 737 536 737
324 1129 355 1129 355 1162 324 1162
257 1105 290 1105 290 1138 257 1138
326 332 361 332 361 365 326 365
818 654 855 654 855 687 818 687
674 1236 712 1236 712 1269 674 1269
324 1160 365 1160 365 1193 324 1193
532 933 565 933 565 966 532 966
389 1094 426 1094 426 1127 389 1127
252 652 290 652 290 685 252 685
461 887 501 887 501 920 461 920
884 513 928 513 928 546 884 546
261 369 282 369 282 402 261 402
753 1329 775 1329 775 1362 753 1362
400 599 426 599 426 632 400 632
328 470 357 470 357 503 328 503
535 453 566 453 566 486 535 486
392 332 430 332 430 365 392 365
263 713 279 713 279 747 263 747
827 835 848 835 848 869 827 869
608 447 632 447 632 481 608 481
607 374 632 374 632 408 607 408
821 875 846 875 846 909 821 909
396 1265 429 1265 429 1299 396 1299
121 880 140 880 140 914 121 914
467 542 496 542 496 576 467 576
673 441 708 441 708 475 673 475
882 639 924 639 924 673 882 673
411 709 427 709 427 744 411 744
118 915 155 915 155 950 118 950
400 674 427 674 427 709 400 709
394 1057 421 1057 421 1092 394 1092
123 950 153 950 153 985 123 985
535 1065 567 1065 567 1100 535 1100
677 1011 711 1011 711 1046 677 1046
259 1007 276 1007 276 1042 259 1042
613 1053 631 1053 631 1088 613 1088
816 365 845 365 845 400 816 400
882 796 913 796 913 831 882 831
468 365 499 365 499 400 468 400
251 1068 292 1068 292 1103 251 1103
183 627 227 627 227 662 183 662
269 914 275 914 275 950 269 950
826 553 844 553 844 589 826 589
823 740 844 740 844 776 823 776
253 846 284 846 284 882 253 882
465 402 499 402 499 438 465 438
882 698 917 698 917 734 882 734
883 1150 927 1150 927 1186 883 1186
486 569 504 569 504 605 486 605
755 747 776 747 776 783 755 783
889 1216 921 1216 921 1252 889 1252
188 558 226 558 226 594 188 594
536 389 577 389 577 425 536 425
396 535 437 535 437 571 396 571
467 920 485 920 485 957 467 957
747 684 781 684 781 721 747 721
817 1314 852 1314 852 1351 817 1351
885 1021 922 1021 922 1058 885 1058
466 1024 503 1024 503 1061 466 1061
463 797 503 797 503 834 463 834
809 1266 854 1266 854 1303 809 1303
827 807 839 807 839 844 827 844
747 357 775 357 775 394 747 394
392 1023 426 1023 426 1060 392 1060
115 1100 155 1100 155 1137 115 1137
900 1346 912 1346 912 1383 900 1383
127 1322 142 1322 142 1359 127 1359
327 365 352 365 352 402 327 402
121 1063 151 1063 151 1100 121 1100
743 392 776 392 776 429 743 429
404 633 421 633 421 671 404 671
123 1280 153 1280 153 1318 123 1318
250 576 283 576 283 614 250 614
675 619 716 619 716 657 675 657
390 989 432 989 432 1027 390 1027
603 735 647 735 647 773 603 773
601 408 647 408 647 446 601 446
680 1308 710 1308 710 1346 680 1346
746 495 781 495 781 533 746 533
737 967 787 967 787 1005 737 1005
388 1299 441 1299 441 1337 388 1337
259 330 279 330 279 369 259 369
744 916 777 916 777 955 744 955
251 405 284 405 284 444 251 444
320 1242 355 1242 355 1281 320 1281
743 644 781 644 781 683 743 683
417 486 431 486 431 525 417 525
683 1269 710 1269 710 1308 683 1308
465 1061 493 1061 493 1100 465 1100
749 1084 778 1084 778 1123 749 1123
535 645 566 645 566 684 535 684
884 835 921 835 921 874 884 874
809 990 858 990 858 1029 809 1029
758 1363 773 1363 773 1402 758 1402
126 1240 153 1240 153 1279 126 1279
673 348 707 348 707 387 673 387
886 547 922 547 922 586 886 586
253 1172 294 1172 294 1211 253 1211
468 1180 490 1180 490 1220 468 1220
183 953 218 953 218 993 183 993
673 828 720 828 720 868 673 868
129 623 137 623 137 663 129 663
539 761 570 761 570 801 539 801
672 718 705 718 705 758 672 758
324 735 357 735 357 775 324 775
114 434 153 434 153 474 114 474
880 298 921 298 921 338 880 338
249 1308 290 1308 290 1348 249 1348
812 949 854 949 854 989 812 989
536 549 579 549 579 589 536 589
266 1369 283 1369 283 1410 266 1410
890 755 915 755 915 796 890 796
188 742 219 742 219 783 188 783
127 1166 144 1166 144 1207 127 1207
260 747 281 747 281 788 260 788
185 873 214 873 214 914 185 914
462 616 499 616 499 657 462 657
673 298 714 298 714 339 673 339
616 904 629 904 629 945 616 945
888 1058 923 1058 923 1099 888 1099
815 1213 850 1213 850 1254 815 1254
182 300 223 300 223 341 182 341
886 441 919 441 919 483 886 483
538 346 573 346 573 388 538 388
815 1170 850 1170 850 1212 815 1212
600 471 646 471 646 513 600 513
257 534 288 534 288 576 257 576
254 1227 286 1227 286 1269 254 1269
533 298 575 298 575 340 533 340
392 890 430 890 430 933 392 933
687 864 702 864 702 908 687 908
887 976 922 976 922 1020 887 1020
755 1154 774 1154 774 1198 755 1198
464 659 497 659 497 703 464 703
747 1040 780 1040 780 1084 747 1084
132 986 139 986 139 1031 132 1031
753 457 774 457 774 502 753 502
463 706 495 706 495 751 463 751
761 868 767 868 767 913 761 913
318 873 357 873 357 918 318 918
823 1086 848 1086 848 1132 823 1132
880 875 928 875 928 922 880 922
120 695 153 695 153 742 120 742
331 1357 358 1357 358 1404 331 1404
889 393 920 393 920 440 889 440
394 1129 423 1129 423 1177 394 1177
255 447 287 447 287 495 255 495
324 608 360 608 360 656 324 656
880 342 923 342 923 390 880 390
806 454 852 454 852 503 806 503
887 587 921 587 921 636 887 636
678 391 715 391 715 440 678 440
316 1049 355 1049 355 1098 316 1098
467 1221 506 1221 506 1270 467 1270
671 1105 719 1105 719 1154 671 1154
190 663 216 663 216 713 190 713
887 1098 922 1098 922 1149 887 1149
747 1282 784 1282 784 1333 747 1333
472 1126 491 1126 491 1178 472 1178
188 509 218 509 218 561 188 561
603 768 645 768 645 821 603 821
743 781 780 781 780 836 743 836
673 1050 714 1050 714 1105 673 1105
603 967 638 967 638 1022 603 1022
538 589 577 589 577 644 538 644
671 660 715 660 715 718 671 718
123 820 148 820 148 879 123 879
748 525 783 525 783 585 748 585
536 486 572 486 572 549 536 549
526 1002 567 1002 567 1065 526 1065
674 553 714 553 714 620 674 620
