422 807 456 807 456 816 422 816
77 384 115 384 115 394 77 394
166 1364 178 1364 178 1376 166 1376
349 1261 377 1261 377 1273 349 1273
354 337 385 337 385 350 354 350
769 494 797 494 797 508 769 508
683 423 699 423 699 440 683 440
421 498 450 498 450 515 421 515
751 802 780 802 780 819 751 819
362 646 381 646 381 663 362 663
214 304 251 304 251 322 214 322
761 1192 780 1192 780 1211 761 1211
713 492 735 492 735 511 713 511
627 591 649 591 649 610 627 610
682 350 705 350 705 369 682 369
552 1356 585 1356 585 1375 552 1375
224 774 246 774 246 793 224 793
560 1337 576 1337 576 1356 560 1356
157 488 176 488 176 507 157 507
711 355 731 355 731 374 711 374
559 740 579 740 579 759 559 759
558 1227 580 1227 580 1246 558 1246
495 639 514 639 514 659 495 659
490 1005 510 1005 510 1025 490 1025
491 1087 514 1087 514 1107 491 1107
759 740 783 740 783 760 759 760
352 1141 379 1141 379 1161 352 1161
675 397 700 397 700 417 675 417
239 553 255 553 255 574 239 574
358 1005 377 1005 377 1026 358 1026
626 942 646 942 646 963 626 963
704 561 734 561 734 582 704 582
346 307 386 307 386 328 346 328
220 1224 239 1224 239 1245 220 1245
282 675 320 675 320 696 282 696
490 373 511 373 511 394 490 394
81 926 113 926 113 947 81 947
483 1064 521 1064 521 1085 483 1085
711 513 730 513 730 535 711 535
822 451 848 451 848 473 822 473
570 1067 599 1067 599 1089 570 1089
345 1332 381 1332 381 1354 345 1354
358 1353 372 1353 372 1375 358 1375
486 348 517 348 517 370 486 370
678 328 700 328 700 350 678 350
564 408 582 408 582 431 564 431
222 874 241 874 241 897 222 897
85 721 111 721 111 744 85 744
280 302 318 302 318 325 280 325
812 405 858 405 858 428 812 428
149 508 182 508 182 532 149 532
829 426 846 426 846 450 829 450
215 1352 240 1352 240 1376 215 1376
216 367 251 367 251 391 216 391
354 1065 376 1065 376 1089 354 1089
677 374 700 374 700 398 677 398
708 299 732 299 732 323 708 323
709 537 731 537 731 562 709 562
678 301 704 301 704 326 678 326
361 804 380 804 380 829 361 829
358 1115 379 1115 379 1140 358 1140
710 378 734 378 734 403 710 403
422 350 438 350 438 376 422 376
223 1002 244 1002 244 1028 223 1028
90 901 111 901 111 927 90 927
358 708 380 708 380 734 358 734
707 326 738 326 738 352 707 352
150 298 181 298 181 324 150 324
552 337 587 337 587 363 552 363
342 1091 391 1091 391 1117 342 1117
240 506 256 506 256 532 240 532
564 867 582 867 582 893 564 893
360 943 378 943 378 969 360 969
420 1205 450 1205 450 1231 420 1231
350 867 385 867 385 893 350 893
347 734 395 734 395 760 347 760
625 1075 641 1075 641 1101 625 1101
427 1179 444 1179 444 1205 427 1205
628 746 647 746 647 772 628 772
486 1110 526 1110 526 1136 486 1136
147 572 187 572 187 598 147 598
763 864 780 864 780 891 763 891
491 727 518 727 518 754 491 754
827 301 859 301 859 328 827 328
749 1344 785 1344 785 1371 749 1371
348 1161 385 1161 385 1188 348 1188
545 306 589 306 589 333 545 333
681 439 701 439 701 466 681 466
291 553 311 553 311 580 291 580
277 578 326 578 326 605 277 605
496 794 510 794 510 822 496 822
233 529 264 529 264 557 233 557
815 473 852 473 852 501 815 501
759 680 778 680 778 708 759 708
485 254 512 254 512 282 485 282
562 677 580 677 580 705 562 705
619 650 655 650 655 678 619 678
345 1273 381 1273 381 1301 345 1301
219 256 257 256 257 284 219 284
142 326 183 326 183 354 142 354
413 379 457 379 457 407 413 407
157 420 175 420 175 449 157 449
291 648 309 648 309 677 291 677
763 302 786 302 786 331 763 331
568 1038 594 1038 594 1067 568 1067
354 831 383 831 383 860 354 860
768 462 800 462 800 491 768 491
211 1318 243 1318 243 1347 211 1347
548 431 583 431 583 460 548 460
550 762 591 762 591 791 550 791
491 1209 513 1209 513 1238 491 1238
419 1040 449 1040 449 1069 419 1069
213 896 249 896 249 925 213 925
760 1314 775 1314 775 1343 760 1343
621 884 640 884 640 913 621 913
238 441 255 441 255 471 238 471
566 1005 598 1005 598 1035 566 1035
351 353 394 353 394 383 351 383
155 1263 168 1263 168 1293 155 1293
226 923 246 923 246 953 226 953
145 1340 174 1340 174 1370 145 1370
280 372 313 372 313 402 280 402
756 378 789 378 789 408 756 408
550 1249 585 1249 585 1279 550 1279
756 1251 777 1251 777 1282 756 1282
550 894 585 894 585 925 550 925
416 549 452 549 452 580 416 580
222 1159 238 1159 238 1190 222 1190
415 739 457 739 457 770 415 770
495 941 509 941 509 972 495 972
494 573 511 573 511 604 494 604
553 216 587 216 587 247 553 247
751 707 791 707 791 738 751 738
423 770 465 770 465 801 423 801
77 1017 119 1017 119 1048 77 1048
225 706 241 706 241 738 225 738
761 1130 778 1130 778 1162 761 1162
622 774 652 774 652 806 622 806
622 256 660 256 660 288 622 288
214 846 255 846 255 878 214 878
772 508 790 508 790 540 772 540
99 1136 118 1136 118 1168 99 1168
489 1239 519 1239 519 1271 489 1271
620 523 651 523 651 555 620 555
351 970 386 970 386 1002 351 1002
754 215 791 215 791 247 754 247
361 580 378 580 378 613 361 613
219 1028 250 1028 250 1061 219 1061
76 1339 110 1339 110 1372 76 1372
484 394 528 394 528 427 484 427
560 1161 576 1161 576 1194 560 1194
93 525 110 525 110 558 93 558
490 820 517 820 517 853 490 853
710 454 740 454 740 487 710 487
554 462 587 462 587 495 554 495
417 1237 451 1237 451 1270 417 1270
552 705 591 705 591 738 552 738
155 645 176 645 176 678 155 678
628 907 657 907 657 940 628 940
284 479 317 479 317 512 284 512
354 610 389 610 389 643 354 643
753 891 788 891 788 924 753 924
81 438 118 438 118 471 81 471
549 248 594 248 594 281 549 281
547 1276 596 1276 596 1309 547 1309
491 1132 515 1132 515 1166 491 1166
85 640 111 640 111 674 85 674
556 924 586 924 586 958 556 958
619 1103 651 1103 651 1137 619 1137
755 248 795 248 795 282 755 282
427 516 446 516 446 550 427 550
554 1191 584 1191 584 1225 554 1225
150 748 183 748 183 782 150 782
418 960 456 960 456 994 418 994
418 625 460 625 460 659 418 659
613 807 658 807 658 841 613 841
157 713 174 713 174 748 157 748
291 733 316 733 316 768 291 768
553 1304 583 1304 583 1339 553 1339
485 602 521 602 521 637 485 637
749 1157 787 1157 787 1192 749 1192
485 698 526 698 526 733 485 733
628 676 645 676 645 711 628 711
237 473 261 473 261 508 237 508
343 1301 375 1301 375 1336 343 1336
419 408 452 408 452 443 419 443
81 603 116 603 116 638 81 638
150 971 188 971 188 1006 150 1006
210 1191 250 1191 250 1226 210 1226
753 1280 788 1280 788 1315 753 1315
348 248 386 248 386 283 348 283
291 403 304 403 304 439 291 439
154 386 173 386 173 422 154 422
486 1027 526 1027 526 1063 486 1063
219 1281 236 1281 236 1317 219 1317
555 1088 579 1088 579 1124 555 1124
616 614 660 614 660 650 616 650
575 493 584 493 584 529 575 529
146 356 184 356 184 392 146 392
619 554 658 554 658 590 619 590
358 1029 380 1029 380 1066 358 1066
217 327 244 327 244 364 217 364
758 927 786 927 786 964 758 964
214 1250 244 1250 244 1287 214 1287
149 449 182 449 182 486 149 486
483 969 519 969 519 1006 483 1006
78 1264 119 1264 119 1301 78 1301
214 736 256 736 256 773 214 773
240 573 254 573 254 610 240 610
775 541 791 541 791 578 775 578
488 305 525 305 525 342 488 342
551 834 596 834 596 871 551 871
552 586 597 586 597 623 552 623
220 393 245 393 245 431 220 431
85 827 119 827 119 865 85 865
548 1124 584 1124 584 1162 548 1162
751 764 789 764 789 802 751 802
617 341 661 341 661 379 617 379
576 957 584 957 584 995 576 995
756 1215 778 1215 778 1253 756 1253
485 505 523 505 523 543 485 543
830 327 846 327 846 365 830 365
426 995 444 995 444 1033 426 1033
289 512 308 512 308 550 289 550
152 535 182 535 182 573 152 573
486 662 519 662 519 700 486 700
81 1103 117 1103 117 1141 81 1141
624 303 660 303 660 341 624 341
824 369 851 369 851 408 824 408
152 1109 171 1109 171 1148 152 1148
484 859 524 859 524 898 484 898
412 701 461 701 461 740 412 740
488 752 521 752 521 792 488 792
285 695 319 695 319 735 285 735
142 929 196 929 196 969 142 969
487 419 519 419 519 459 487 459
78 396 119 396 119 436 78 436
89 1169 104 1169 104 1209 89 1209
154 677 171 677 171 717 154 717
417 919 442 919 442 959 417 959
560 793 588 793 588 833 560 833
351 392 380 392 380 432 351 432
620 712 656 712 656 752 620 752
550 537 595 537 595 577 550 577
102 941 111 941 111 982 102 982
357 667 380 667 380 708 357 708
77 750 120 750 120 791 77 791
93 862 108 862 108 903 93 903
619 214 661 214 661 255 619 255
749 585 796 585 796 626 749 626
426 658 447 658 447 700 426 700
358 758 385 758 385 800 358 800
218 212 252 212 252 254 218 254
494 1168 509 1168 509 1210 494 1210
157 601 173 601 173 643 157 643
213 610 255 610 255 652 213 652
616 422 661 422 661 464 616 464
750 820 797 820 797 863 750 863
413 1072 458 1072 458 1115 413 1115
480 460 526 460 526 503 480 503
84 971 110 971 110 1014 84 1014
350 437 392 437 392 480 350 480
279 329 322 329 322 372 279 372
86 675 104 675 104 719 86 719
285 439 316 439 316 483 285 483
146 1069 188 1069 188 1113 146 1113
550 366 597 366 597 410 550 410
774 407 784 407 784 451 774 451
617 840 656 840 656 885 617 885
491 1272 513 1272 513 1317 491 1317
755 332 790 332 790 377 755 377
88 782 114 782 114 827 88 827
76 1302 118 1302 118 1348 76 1348
415 820 460 820 460 866 415 866
224 953 240 953 240 999 224 999
708 405 736 405 736 451 708 451
749 1026 790 1026 790 1072 749 1072
488 537 514 537 514 584 488 584
421 579 455 579 455 626 421 626
344 1213 385 1213 385 1260 344 1260
80 557 118 557 118 604 80 604
216 1111 253 1111 253 1159 216 1159
288 599 313 599 313 647 288 647
750 629 790 629 790 677 750 677
284 758 324 758 324 806 284 806
217 799 257 799 257 847 217 847
351 490 397 490 397 538 351 538
615 1021 652 1021 652 1070 615 1070
618 469 655 469 655 518 618 518
483 894 522 894 522 943 483 943
342 894 384 894 384 943 342 943
631 370 652 370 652 420 631 420
76 332 116 332 116 382 76 382
145 879 195 879 195 930 145 930
214 656 250 656 250 708 214 708
216 1063 259 1063 259 1115 216 1115
356 533 389 533 389 585 356 585
417 444 453 444 453 496 417 496
76 1211 115 1211 115 1264 76 1264
80 1052 116 1052 116 1106 80 1106
147 1011 186 1011 186 1065 147 1065
139 1294 181 1294 181 1349 139 1349
144 1149 185 1149 185 1204 144 1204
550 622 593 622 593 677 550 677
487 1318 521 1318 521 1374 487 1374
79 470 119 470 119 526 79 526
617 965 658 965 658 1021 617 1021
414 1271 457 1271 457 1327 414 1327
755 1073 786 1073 786 1131 755 1131
142 1206 180 1206 180 1264 142 1264
416 1114 454 1114 454 1174 416 1174
746 962 793 962 793 1023 746 1023
