544 806 582 806 582 812 544 812
685 1075 720 1075 720 1083 685 1083
411 929 438 929 438 943 411 943
553 882 582 882 582 896 553 896
59 1111 94 1111 94 1126 59 1126
337 1100 365 1100 365 1116 337 1116
759 738 785 738 785 754 759 754
476 1146 505 1146 505 1163 476 1163
548 1190 577 1190 577 1207 548 1207
196 1244 231 1244 231 1262 196 1262
49 352 101 352 101 370 49 370
760 306 780 306 780 324 760 324
689 716 718 716 718 734 689 734
399 882 450 882 450 900 399 900
201 483 232 483 232 501 201 501
405 1354 438 1354 438 1373 405 1373
409 1031 438 1031 438 1050 409 1050
482 878 502 878 502 898 482 898
484 1309 505 1309 505 1329 484 1329
623 1020 644 1020 644 1040 623 1040
826 427 848 427 848 447 826 447
621 882 641 882 641 902 621 902
761 760 782 760 782 780 761 780
617 1353 647 1353 647 1373 617 1373
403 714 438 714 438 734 403 734
481 480 518 480 518 501 481 501
344 982 359 982 359 1003 344 1003
407 858 439 858 439 879 407 879
356 770 378 770 378 792 356 792
556 1163 574 1163 574 1185 556 1185
481 695 504 695 504 717 481 717
545 1314 582 1314 582 1336 545 1336
687 690 726 690 726 712 687 712
56 328 89 328 89 350 56 350
417 1223 431 1223 431 1246 417 1246
352 798 387 798 387 821 352 821
753 786 791 786 791 809 753 809
419 634 431 634 431 657 419 657
764 397 779 397 779 420 764 420
764 423 781 423 781 446 764 446
411 561 443 561 443 584 411 584
334 433 373 433 373 456 334 456
679 1021 731 1021 731 1044 679 1044
562 1338 574 1338 574 1362 562 1362
752 332 791 332 791 356 752 356
136 1326 154 1326 154 1350 136 1350
49 1394 85 1394 85 1418 49 1418
837 1316 848 1316 848 1340 837 1340
410 417 441 417 441 441 410 441
751 850 790 850 790 875 751 875
345 1273 363 1273 363 1298 345 1298
205 500 237 500 237 525 205 525
546 636 587 636 587 661 546 661
263 1332 305 1332 305 1357 263 1357
206 653 226 653 226 679 206 679
205 979 225 979 225 1005 205 1005
686 995 719 995 719 1021 686 1021
265 1277 305 1277 305 1303 265 1303
337 1249 377 1249 377 1275 337 1275
342 669 362 669 362 695 342 695
64 701 84 701 84 727 64 727
694 354 718 354 718 380 694 380
273 668 305 668 305 694 273 694
545 930 584 930 584 956 545 956
51 836 94 836 94 862 51 862
624 608 641 608 641 634 624 634
417 388 435 388 435 414 417 414
412 830 431 830 431 856 412 856
202 415 228 415 228 441 202 441
419 689 448 689 448 715 419 715
687 1293 720 1293 720 1319 687 1319
616 1200 650 1200 650 1226 616 1226
191 948 235 948 235 975 191 975
402 659 453 659 453 686 402 686
65 301 85 301 85 328 65 328
208 1214 230 1214 230 1241 208 1241
618 1044 653 1044 653 1071 618 1071
694 1265 712 1265 712 1293 694 1293
490 1274 519 1274 519 1302 490 1302
818 944 849 944 849 972 818 972
129 304 162 304 162 332 129 332
767 873 781 873 781 901 767 901
348 1072 363 1072 363 1100 348 1100
555 898 573 898 573 926 555 926
694 1039 720 1039 720 1067 694 1067
60 589 89 589 89 617 60 617
546 998 579 998 579 1026 546 1026
53 995 91 995 91 1023 53 1023
484 569 498 569 498 597 484 597
275 608 290 608 290 636 275 636
695 965 710 965 710 993 695 993
554 1098 574 1098 574 1126 554 1126
195 388 230 388 230 416 195 416
684 1239 727 1239 727 1267 684 1267
761 673 780 673 780 702 761 702
414 899 433 899 433 928 414 928
270 1067 292 1067 292 1096 270 1096
626 1170 648 1170 648 1199 626 1199
757 905 787 905 787 934 757 934
548 1062 578 1062 578 1091 548 1091
493 846 524 846 524 875 493 875
335 493 369 493 369 522 335 522
136 1119 155 1119 155 1149 136 1149
408 995 443 995 443 1025 408 1025
611 1227 649 1227 649 1257 611 1257
48 933 92 933 92 963 48 963
539 1250 590 1250 590 1280 539 1280
696 607 717 607 717 638 696 638
59 523 88 523 88 554 59 554
341 1345 376 1345 376 1376 341 1376
197 678 232 678 232 709 197 709
476 762 513 762 513 793 476 793
827 358 845 358 845 389 827 389
134 773 155 773 155 804 134 804
126 1084 155 1084 155 1115 126 1115
682 851 713 851 713 882 682 882
266 473 302 473 302 504 266 504
548 466 586 466 586 497 548 497
338 733 365 733 365 764 338 764
193 1138 233 1138 233 1169 193 1169
49 761 93 761 93 792 49 792
65 1214 79 1214 79 1246 65 1246
697 447 713 447 713 479 697 479
696 415 714 415 714 447 696 447
482 1163 508 1163 508 1195 482 1195
554 533 583 533 583 565 554 565
401 440 448 440 448 472 401 472
405 959 444 959 444 991 405 991
193 1265 236 1265 236 1297 193 1297
261 1299 305 1299 305 1331 261 1331
340 1377 373 1377 373 1410 340 1410
681 821 718 821 718 854 681 854
548 392 587 392 587 425 548 425
543 1027 583 1027 583 1060 543 1060
616 671 659 671 659 704 616 704
123 1352 176 1352 176 1385 123 1385
489 537 503 537 503 570 489 570
480 1377 503 1377 503 1410 480 1410
823 388 851 388 851 421 823 421
200 747 231 747 231 780 200 780
620 703 655 703 655 736 620 736
408 1148 445 1148 445 1181 408 1181
682 883 721 883 721 916 682 916
755 1054 794 1054 794 1087 755 1087
756 1024 797 1024 797 1057 756 1057
193 1300 234 1300 234 1333 193 1333
622 909 642 909 642 942 622 942
61 964 83 964 83 997 61 997
479 1201 506 1201 506 1234 479 1234
824 1373 859 1373 859 1406 824 1406
683 787 722 787 722 820 683 820
758 448 788 448 788 482 758 482
342 400 373 400 373 434 342 434
267 906 298 906 298 940 267 940
271 937 305 937 305 971 271 971
405 354 446 354 446 388 405 388
615 1133 660 1133 660 1167 615 1167
545 1129 578 1129 578 1163 545 1163
54 727 90 727 90 761 54 761
544 1279 582 1279 582 1313 544 1313
407 1314 438 1314 438 1349 407 1349
616 982 657 982 657 1017 616 1017
544 603 587 603 587 638 544 638
409 1247 434 1247 434 1282 409 1282
479 405 510 405 510 440 479 440
267 632 302 632 302 667 267 667
823 1339 859 1339 859 1374 823 1374
347 458 361 458 361 493 347 493
61 619 81 619 81 654 61 654
482 944 511 944 511 979 482 979
470 1235 510 1235 510 1270 470 1270
124 1241 164 1241 164 1276 124 1276
543 717 590 717 590 752 543 752
206 845 222 845 222 881 206 881
132 742 150 742 150 778 132 778
817 765 858 765 858 801 817 801
757 699 786 699 786 735 757 735
547 565 576 565 576 601 547 601
140 458 172 458 172 494 140 494
128 423 163 423 163 459 128 459
407 1105 442 1105 442 1141 407 1141
55 1249 94 1249 94 1285 55 1285
192 1331 232 1331 232 1367 192 1367
484 1027 500 1027 500 1064 484 1064
277 695 293 695 293 732 277 732
624 946 641 946 641 983 624 983
268 1179 302 1179 302 1216 268 1216
688 478 723 478 723 515 688 515
822 506 857 506 857 543 822 543
196 776 236 776 236 813 196 813
259 303 300 303 300 340 259 340
61 406 83 406 83 443 61 443
474 500 511 500 511 537 474 537
52 896 91 896 91 933 52 933
54 1129 94 1129 94 1166 54 1166
818 1277 863 1277 863 1314 818 1314
47 1023 95 1023 95 1060 47 1060
411 1184 444 1184 444 1221 411 1221
128 537 162 537 162 574 128 574
820 630 860 630 860 667 820 667
49 441 102 441 102 478 49 478
556 429 573 429 573 467 556 467
206 529 225 529 225 567 206 567
125 664 164 664 164 702 125 702
752 984 796 984 796 1022 752 1022
834 586 852 586 852 624 834 624
134 1380 157 1380 157 1418 134 1418
123 852 160 852 160 890 123 890
615 305 652 305 652 343 615 343
473 1057 516 1057 516 1095 473 1095
220 710 228 710 228 749 220 749
414 310 431 310 431 349 414 349
824 1016 850 1016 850 1055 824 1055
269 1141 302 1141 302 1180 269 1180
475 359 510 359 510 398 475 398
617 344 654 344 654 383 617 383
474 597 510 597 510 636 474 636
681 1342 723 1342 723 1381 681 1381
340 940 365 940 365 979 340 979
552 957 583 957 583 996 552 996
128 620 162 620 162 659 128 659
335 1210 375 1210 375 1249 335 1249
131 942 172 942 172 981 131 981
814 976 863 976 863 1015 814 1015
551 1210 573 1210 573 1250 551 1250
59 367 87 367 87 407 59 407
686 379 728 379 728 419 686 419
264 819 308 819 308 859 264 859
771 354 777 354 777 394 771 394
336 360 365 360 365 400 336 400
546 350 587 350 587 390 546 390
122 1195 164 1195 164 1235 122 1235
616 1311 665 1311 665 1351 616 1351
483 793 499 793 499 834 483 834
827 1195 848 1195 848 1236 827 1236
686 1371 712 1371 712 1412 686 1412
753 1085 792 1085 792 1126 753 1126
51 793 96 793 96 834 51 834
55 479 101 479 101 520 55 520
613 634 660 634 660 675 613 675
67 856 83 856 83 897 67 897
691 742 717 742 717 783 691 783
751 1181 792 1181 792 1222 751 1222
333 873 379 873 379 914 333 914
565 1360 571 1360 571 1401 565 1401
334 1119 369 1119 369 1160 334 1160
333 699 370 699 370 740 333 740
193 1052 237 1052 237 1093 193 1093
266 729 311 729 311 770 266 770
471 440 519 440 519 481 471 481
49 1062 104 1062 104 1103 49 1103
134 807 158 807 158 849 134 849
128 1152 160 1152 160 1194 128 1194
684 1198 717 1198 717 1240 684 1240
337 1003 373 1003 373 1045 337 1045
752 581 794 581 794 623 752 623
543 497 586 497 586 539 543 539
194 443 243 443 243 485 194 485
819 543 857 543 857 585 819 585
613 492 652 492 652 534 613 534
475 901 518 901 518 943 475 943
200 561 238 561 238 604 200 604
338 832 376 832 376 875 338 875
551 833 591 833 591 876 551 876
753 533 794 533 794 576 753 576
686 514 728 514 728 557 686 557
612 1374 654 1374 654 1417 612 1417
421 1366 427 1366 427 1409 421 1409
485 982 499 982 499 1025 485 1025
540 1367 563 1367 563 1410 540 1410
269 974 298 974 298 1017 269 1017
129 333 162 333 162 376 129 376
410 519 448 519 448 562 410 562
126 494 165 494 165 537 126 537
616 738 658 738 658 781 616 781
413 472 440 472 440 515 413 515
198 344 233 344 233 387 198 387
278 860 286 860 286 904 278 904
340 1032 375 1032 375 1076 340 1076
818 720 856 720 856 764 818 764
192 1008 236 1008 236 1052 192 1052
812 902 857 902 857 946 812 946
818 1233 863 1233 863 1277 818 1277
341 1299 369 1299 369 1343 341 1343
685 919 714 919 714 963 685 963
767 1314 776 1314 776 1359 767 1359
53 653 93 653 93 698 53 698
191 1098 243 1098 243 1143 191 1143
404 777 440 777 440 822 404 822
615 1264 652 1264 652 1309 615 1309
683 305 728 305 728 350 683 350
265 1098 304 1098 304 1143 265 1143
49 553 103 553 103 598 49 598
622 441 646 441 646 487 622 487
620 781 648 781 648 827 620 827
684 1092 721 1092 721 1138 684 1138
474 1097 513 1097 513 1143 474 1143
820 1054 860 1054 860 1100 820 1100
818 1102 861 1102 861 1148 818 1148
263 773 306 773 306 819 263 819
489 1329 497 1329 497 1376 489 1376
349 621 358 621 358 668 349 668
694 556 718 556 718 603 694 603
548 755 586 755 586 802 548 802
125 575 171 575 171 622 125 622
472 718 513 718 513 765 472 765
818 672 862 672 862 719 818 719
201 1368 232 1368 232 1415 201 1415
263 506 303 506 303 553 263 553
813 854 858 854 858 901 813 901
334 574 377 574 377 622 334 622
193 300 238 300 238 348 193 348
746 939 798 939 798 987 746 987
705 637 717 637 717 686 705 686
420 727 428 727 428 776 420 776
824 454 849 454 849 503 824 503
269 340 306 340 306 389 269 389
264 1014 302 1014 302 1063 264 1063
749 1272 787 1272 787 1321 749 1321
407 1277 444 1277 444 1326 407 1326
126 373 164 373 164 422 126 422
767 803 785 803 785 853 767 853
757 1357 780 1357 780 1407 757 1407
264 557 301 557 301 607 264 607
342 1160 379 1160 379 1210 342 1210
750 484 797 484 797 534 750 534
118 1041 165 1041 165 1091 118 1091
421 581 439 581 439 632 421 632
821 309 856 309 856 360 821 360
824 801 850 801 850 852 824 852
752 1126 795 1126 795 1177 752 1177
118 1276 164 1276 164 1327 118 1327
192 605 241 605 241 656 192 656
48 1168 99 1168 99 1219 48 1219
753 1218 795 1218 795 1270 753 1270
191 1167 241 1167 241 1219 191 1219
546 667 583 667 583 719 546 719
617 1076 655 1076 655 1128 617 1128
224 819 233 819 233 872 224 872
478 306 509 306 509 359 478 359
257 1360 301 1360 301 1413 257 1413
628 821 638 821 638 875 628 875
59 1284 89 1284 89 1339 59 1339
821 1143 860 1143 860 1198 821 1198
118 984 171 984 171 1039 118 1039
130 890 169 890 169 945 130 945
682 1140 723 1140 723 1196 682 1196
616 382 650 382 650 440 616 440
332 304 370 304 370 362 332 362
754 618 799 618 799 679 754 679
195 885 236 885 236 946 195 946
471 630 512 630 512 692 471 692
261 1214 305 1214 305 1278 261 1278
