662 647 682 647 682 657 662 657
660 553 696 553 696 567 660 567
354 1096 390 1096 390 1110 354 1110
365 1333 391 1333 391 1348 365 1348
851 1381 868 1381 868 1397 851 1397
429 470 460 470 460 487 429 487
780 887 799 887 799 905 780 905
847 996 866 996 866 1014 847 1014
224 1067 247 1067 247 1085 224 1085
435 401 452 401 452 419 435 419
657 616 687 616 687 634 657 634
647 960 667 960 667 978 647 978
156 896 175 896 175 915 156 915
642 1388 661 1388 661 1407 642 1407
655 462 689 462 689 481 655 481
76 441 115 441 115 460 76 460
229 1143 241 1143 241 1163 229 1163
158 366 178 366 178 386 158 386
782 1289 802 1289 802 1309 782 1309
224 660 244 660 244 680 224 680
848 301 868 301 868 321 848 321
70 937 122 937 122 957 70 957
364 678 378 678 378 699 364 699
629 462 645 462 645 483 629 483
854 624 874 624 874 645 854 645
221 1203 251 1203 251 1224 221 1224
147 631 180 631 180 653 147 653
842 689 881 689 881 711 842 711
224 366 237 366 237 388 224 388
440 628 453 628 453 650 440 650
841 842 877 842 877 864 841 864
626 494 648 494 648 516 626 516
440 1125 463 1125 463 1147 440 1147
770 298 811 298 811 321 770 321
641 1165 663 1165 663 1189 641 1189
642 1334 659 1334 659 1358 642 1358
155 604 176 604 176 628 155 628
843 1074 878 1074 878 1098 843 1098
711 301 731 301 731 326 711 326
363 1068 379 1068 379 1093 363 1093
155 1011 175 1011 175 1037 155 1037
83 413 104 413 104 439 83 439
85 910 107 910 107 936 85 936
226 803 244 803 244 829 226 829
425 370 460 370 460 396 425 396
776 964 815 964 815 990 776 990
775 323 818 323 818 349 775 349
656 486 682 486 682 512 656 512
356 608 389 608 389 634 356 634
572 390 592 390 592 417 572 417
146 1043 180 1043 180 1070 146 1070
432 1269 454 1269 454 1296 432 1296
635 1030 666 1030 666 1057 635 1057
490 449 523 449 523 476 490 476
354 1039 389 1039 389 1066 354 1066
427 849 464 849 464 876 427 876
635 301 674 301 674 328 635 328
702 329 735 329 735 357 702 357
425 1208 463 1208 463 1236 425 1236
665 567 683 567 683 595 665 595
839 378 878 378 878 406 839 406
211 1306 256 1306 256 1334 211 1334
361 736 377 736 377 764 361 764
86 839 106 839 106 867 86 867
76 661 111 661 111 689 76 689
282 332 319 332 319 360 282 360
139 658 184 658 184 686 139 686
85 1339 104 1339 104 1368 85 1368
217 829 252 829 252 858 217 858
632 331 673 331 673 360 632 360
777 1320 800 1320 800 1349 777 1349
215 994 251 994 251 1023 215 1023
570 420 588 420 588 450 570 450
780 807 800 807 800 837 780 837
426 691 464 691 464 721 426 721
351 920 389 920 389 950 351 950
495 524 535 524 535 554 495 554
639 883 658 883 658 914 639 914
845 1348 871 1348 871 1379 845 1379
224 1227 244 1227 244 1258 224 1258
359 485 380 485 380 516 359 516
355 337 384 337 384 368 355 368
218 1165 253 1165 253 1196 218 1196
774 1260 804 1260 804 1292 774 1292
144 295 180 295 180 327 144 327
213 1334 255 1334 255 1366 213 1366
142 1071 187 1071 187 1103 142 1103
672 518 679 518 679 550 672 550
435 336 458 336 458 368 435 368
428 544 462 544 462 576 428 576
363 1197 385 1197 385 1230 363 1230
624 521 651 521 651 554 624 554
353 526 394 526 394 559 353 559
223 331 244 331 244 364 223 364
428 937 459 937 459 970 428 970
638 1222 670 1222 670 1255 638 1255
213 1368 258 1368 258 1401 213 1401
225 584 243 584 243 617 225 617
212 856 260 856 260 889 212 889
642 1189 662 1189 662 1223 642 1223
848 921 869 921 869 955 848 955
659 663 686 663 686 697 659 697
77 511 112 511 112 545 77 545
702 357 737 357 737 391 702 391
83 1120 122 1120 122 1154 83 1154
557 451 604 451 604 485 557 485
352 954 392 954 392 988 352 988
631 1302 671 1302 671 1336 631 1336
436 720 454 720 454 755 436 755
496 693 532 693 532 728 496 728
418 652 463 652 463 687 418 687
628 651 652 651 652 686 628 686
633 1358 673 1358 673 1393 633 1393
667 696 681 696 681 731 667 731
360 697 386 697 386 732 360 732
843 545 880 545 880 580 843 580
148 326 179 326 179 362 148 362
79 1371 113 1371 113 1407 79 1407
354 1114 394 1114 394 1150 354 1150
354 396 395 396 395 432 354 432
146 817 189 817 189 853 146 853
83 618 106 618 106 654 83 654
81 869 114 869 114 905 81 905
151 856 182 856 182 893 151 893
843 716 877 716 877 753 843 753
842 1290 883 1290 883 1327 842 1327
489 408 530 408 530 445 489 445
773 487 816 487 816 524 773 524
215 244 260 244 260 281 215 281
627 610 653 610 653 647 627 647
218 1023 250 1023 250 1060 218 1060
773 1227 810 1227 810 1264 773 1264
81 373 101 373 101 411 81 411
75 473 112 473 112 511 75 511
770 994 807 994 807 1032 770 1032
216 295 257 295 257 333 216 333
837 506 884 506 884 544 837 544
780 393 800 393 800 432 780 432
838 954 872 954 872 993 838 993
492 475 529 475 529 514 492 514
76 1235 123 1235 123 1274 76 1274
286 430 318 430 318 469 286 469
774 525 817 525 817 564 774 564
436 1233 454 1233 454 1272 436 1272
151 970 178 970 178 1009 151 1009
80 1154 126 1154 126 1193 80 1193
786 353 800 353 800 393 786 393
560 297 606 297 606 337 560 337
167 534 175 534 175 575 167 575
155 923 174 923 174 964 155 964
844 650 882 650 882 691 844 691
639 360 662 360 662 401 639 401
360 876 384 876 384 917 360 917
497 730 528 730 528 771 497 771
498 652 531 652 531 693 498 693
83 331 103 331 103 372 83 372
214 613 248 613 248 655 214 655
149 484 191 484 191 526 149 526
425 756 471 756 471 798 425 798
288 475 315 475 315 518 288 518
358 562 385 562 385 605 358 605
81 1021 114 1021 114 1064 81 1064
75 1194 122 1194 122 1237 75 1237
850 1102 870 1102 870 1145 850 1145
356 1152 387 1152 387 1195 356 1195
633 913 665 913 665 956 633 956
845 577 878 577 878 620 845 620
842 462 876 462 876 505 842 505
216 949 254 949 254 992 216 992
356 763 395 763 395 806 356 806
771 611 812 611 812 654 771 654
86 795 104 795 104 838 86 838
635 736 679 736 679 779 635 779
773 839 804 839 804 883 773 883
844 794 875 794 875 838 844 838
214 434 257 434 257 478 214 478
218 384 266 384 266 428 218 428
355 832 385 832 385 877 355 877
843 1192 874 1192 874 1237 843 1237
845 1147 865 1147 865 1192 845 1192
149 559 175 559 175 604 149 604
777 437 810 437 810 482 777 482
631 1257 669 1257 669 1302 631 1302
630 985 688 985 688 1030 630 1030
155 442 184 442 184 487 155 487
637 402 670 402 670 447 637 447
428 580 469 580 469 625 428 625
846 747 870 747 870 793 846 793
774 657 811 657 811 703 774 703
492 555 529 555 529 601 492 601
433 799 460 799 460 845 433 845
632 840 673 840 673 886 632 886
773 710 814 710 814 756 773 756
360 435 382 435 382 482 360 482
372 634 380 634 380 681 372 681
433 1079 453 1079 453 1126 433 1126
771 1179 805 1179 805 1226 771 1226
631 1062 675 1062 675 1109 631 1109
849 410 873 410 873 457 849 457
218 541 253 541 253 588 218 588
150 394 179 394 179 442 150 442
838 1024 879 1024 879 1072 838 1072
425 972 470 972 470 1020 425 1020
212 1257 257 1257 257 1305 212 1305
72 694 118 694 118 742 72 742
776 565 812 565 812 613 776 613
777 1030 795 1030 795 1079 777 1079
428 1305 461 1305 461 1354 428 1354
495 602 528 602 528 651 495 651
423 417 464 417 464 466 423 466
772 755 811 755 811 804 772 804
358 991 394 991 394 1041 358 1041
772 912 807 912 807 962 772 962
841 869 883 869 883 919 841 919
848 326 867 326 867 377 848 377
223 1091 248 1091 248 1142 223 1142
768 1127 811 1127 811 1178 768 1178
94 746 105 746 105 798 94 798
490 355 534 355 534 407 490 407
82 564 104 564 104 616 82 616
361 1232 389 1232 389 1284 361 1284
563 335 604 335 604 388 563 388
839 1240 881 1240 881 1293 839 1293
772 1078 805 1078 805 1131 772 1131
770 1351 811 1351 811 1405 770 1405
355 1287 398 1287 398 1341 355 1341
71 1277 121 1277 121 1331 71 1331
430 1021 455 1021 455 1076 430 1076
214 685 258 685 258 740 214 740
354 1347 400 1347 400 1402 354 1402
637 1106 665 1106 665 1163 637 1163
215 893 254 893 254 951 215 951
636 782 677 782 677 840 636 840
376 788 385 788 385 846 376 846
637 548 644 548 644 607 637 607
438 1151 449 1151 449 1210 438 1210
420 880 467 880 467 939 420 939
140 757 185 757 185 816 140 816
217 482 260 482 260 541 217 541
143 691 184 691 184 753 143 753
91 948 101 948 101 1011 91 1011
74 1059 119 1059 119 1123 74 1123
283 358 320 358 320 437 283 437
