638 507 663 507 663 513 638 513
278 778 305 778 305 786 278 786
159 442 185 442 185 450 159 450
372 924 383 924 383 933 372 933
364 425 381 425 381 435 364 435
347 1134 372 1134 372 1148 347 1148
554 437 580 437 580 453 554 453
491 864 504 864 504 880 491 880
289 614 305 614 305 631 289 631
346 701 375 701 375 718 346 718
406 844 456 844 456 861 406 861
149 798 170 798 170 815 149 815
156 1003 183 1003 183 1020 156 1020
683 698 726 698 726 715 683 715
884 1226 931 1226 931 1243 884 1243
829 775 842 775 842 792 829 792
761 902 782 902 782 920 761 920
422 824 439 824 439 842 422 842
625 853 644 853 644 871 625 871
554 1323 574 1323 574 1341 554 1341
693 676 714 676 714 695 693 695
415 547 444 547 444 566 415 566
487 651 503 651 503 670 487 670
414 1218 441 1218 441 1237 414 1237
476 629 519 629 519 648 476 648
424 497 442 497 442 516 424 516
614 1318 644 1318 644 1337 614 1337
343 616 381 616 381 635 343 635
894 1096 909 1096 909 1116 894 1116
896 883 915 883 915 903 896 903
622 929 646 929 646 949 622 949
692 291 717 291 717 311 692 311
480 812 511 812 511 832 480 832
144 1022 176 1022 176 1042 144 1042
491 344 506 344 506 364 491 364
684 426 712 426 712 446 684 446
133 1192 155 1192 155 1213 133 1213
686 880 715 880 715 901 686 901
693 405 713 405 713 426 693 426
696 808 722 808 722 829 696 829
757 1060 785 1060 785 1081 757 1081
272 477 304 477 304 498 272 498
357 639 370 639 370 661 357 661
756 1328 781 1328 781 1350 756 1350
417 1340 443 1340 443 1362 417 1362
620 905 657 905 657 927 620 927
826 719 848 719 848 741 826 741
133 1133 159 1133 159 1155 133 1155
413 639 452 639 452 661 413 661
412 475 456 475 456 497 412 497
640 618 657 618 657 641 640 641
822 578 844 578 844 601 822 601
150 339 180 339 180 362 150 362
492 958 502 958 502 981 492 981
217 745 231 745 231 768 217 768
555 762 581 762 581 785 555 785
157 525 186 525 186 548 157 548
819 662 855 662 855 685 819 685
143 888 180 888 180 911 143 911
825 552 856 552 856 576 825 576
548 483 590 483 590 507 548 507
164 1198 190 1198 190 1222 164 1222
164 1343 191 1343 191 1367 164 1367
889 648 921 648 921 672 889 672
355 511 373 511 373 535 355 535
623 1009 644 1009 644 1033 623 1033
638 588 666 588 666 612 638 612
167 1256 196 1256 196 1280 167 1280
130 1343 159 1343 159 1367 130 1367
617 441 651 441 651 465 617 465
886 333 923 333 923 357 886 357
353 1302 367 1302 367 1327 353 1327
151 914 177 914 177 939 151 939
164 947 190 947 190 972 164 972
169 1286 196 1286 196 1311 169 1311
159 498 189 498 189 523 159 523
279 993 310 993 310 1018 279 1018
133 1315 166 1315 166 1340 133 1340
818 327 852 327 852 352 818 352
883 986 923 986 923 1011 883 1011
697 855 710 855 710 880 697 880
835 745 856 745 856 770 835 770
758 332 782 332 782 357 758 357
688 784 712 784 712 809 688 809
414 451 447 451 447 476 414 476
549 1344 585 1344 585 1369 549 1369
550 313 588 313 588 338 550 338
547 454 592 454 592 479 547 479
167 203 187 203 187 229 167 229
692 378 713 378 713 404 692 404
151 1041 173 1041 173 1067 151 1067
274 413 308 413 308 439 274 439
821 428 856 428 856 454 821 454
405 567 449 567 449 593 405 593
426 518 438 518 438 544 426 544
166 551 186 551 186 577 166 577
165 1313 194 1313 194 1339 165 1339
544 1104 581 1104 581 1130 544 1130
545 1216 583 1216 583 1242 545 1242
342 718 382 718 382 744 342 744
681 900 725 900 725 926 681 926
691 617 707 617 707 644 691 644
481 434 511 434 511 461 481 461
549 1268 580 1268 580 1295 549 1295
619 790 651 790 651 817 619 817
683 587 716 587 716 614 683 614
476 1204 509 1204 509 1231 476 1231
620 1034 653 1034 653 1061 620 1061
475 317 518 317 518 344 475 344
425 347 439 347 439 374 425 374
828 637 843 637 843 664 828 664
894 565 910 565 910 592 894 592
634 561 661 561 661 588 634 588
623 948 651 948 651 975 623 975
207 910 242 910 242 937 207 937
563 408 579 408 579 436 563 436
154 734 170 734 170 762 154 762
891 304 922 304 922 332 891 332
888 1068 920 1068 920 1096 888 1096
887 1040 922 1040 922 1068 887 1068
679 447 720 447 720 475 679 475
811 687 853 687 853 715 811 715
883 855 926 855 926 883 883 883
166 580 182 580 182 608 166 608
421 320 447 320 447 348 421 348
886 675 920 675 920 703 886 703
543 1297 585 1297 585 1325 543 1325
685 350 732 350 732 378 685 378
836 484 845 484 845 512 836 512
550 620 584 620 584 648 550 648
479 833 514 833 514 861 479 861
410 1239 446 1239 446 1267 410 1267
142 971 182 971 182 999 142 999
765 1113 776 1113 776 1142 765 1142
762 839 776 839 776 868 762 868
635 638 657 638 657 667 635 667
475 1338 507 1338 507 1367 475 1367
629 242 663 242 663 271 629 271
889 822 925 822 925 851 889 851
425 1185 441 1185 441 1214 425 1214
131 1216 152 1216 152 1245 131 1245
486 535 509 535 509 564 486 564
755 961 785 961 785 990 755 990
617 821 648 821 648 850 617 850
477 1264 508 1264 508 1293 477 1293
752 1256 785 1256 785 1285 752 1285
276 580 310 580 310 609 276 609
683 643 719 643 719 672 683 672
779 247 799 247 799 276 779 276
153 367 180 367 180 396 153 396
416 417 447 417 447 446 416 446
599 203 631 203 631 232 599 232
753 1142 786 1142 786 1171 753 1171
482 599 517 599 517 628 482 628
480 979 516 979 516 1008 480 1008
617 1205 655 1205 655 1234 617 1234
141 762 179 762 179 791 141 791
610 1172 657 1172 657 1201 610 1201
895 1009 914 1009 914 1039 895 1039
891 616 920 616 920 646 891 646
167 1166 196 1166 196 1196 167 1196
130 1247 163 1247 163 1277 130 1277
414 986 449 986 449 1016 414 1016
750 990 785 990 785 1020 750 1020
884 587 925 587 925 617 884 617
827 454 847 454 847 484 827 484
280 962 309 962 309 992 280 992
161 1224 195 1224 195 1254 161 1254
888 1150 923 1150 923 1180 888 1180
752 599 788 599 788 629 752 629
480 499 517 499 517 529 480 529
414 908 451 908 451 938 414 938
285 710 301 710 301 741 285 741
161 462 185 462 185 493 161 493
552 687 580 687 580 718 552 718
548 1073 577 1073 577 1104 548 1104
554 332 585 332 585 363 554 363
621 874 652 874 652 905 621 905
341 1240 373 1240 373 1271 341 1271
477 1098 511 1098 511 1129 477 1129
548 1237 582 1237 582 1268 548 1268
819 391 857 391 857 422 819 422
491 365 503 365 503 396 491 396
488 674 510 674 510 705 488 705
209 674 240 674 240 705 209 705
611 1338 647 1338 647 1369 611 1369
622 1282 646 1282 646 1313 622 1313
738 202 768 202 768 233 738 233
630 520 661 520 661 551 630 551
282 503 304 503 304 535 282 535
484 565 513 565 513 597 484 597
823 354 859 354 859 386 823 386
545 657 585 657 585 689 545 689
750 358 793 358 793 390 750 390
485 743 512 743 512 776 485 776
552 876 582 876 582 909 552 909
479 1165 509 1165 509 1198 479 1198
276 741 308 741 308 774 276 774
211 588 248 588 248 621 211 621
683 479 725 479 725 512 683 512
133 1280 160 1280 160 1313 133 1313
823 291 851 291 851 324 823 324
623 365 655 365 655 398 623 398
276 876 312 876 312 909 276 909
750 1286 789 1286 789 1319 750 1319
623 291 647 291 647 324 623 324
887 948 919 948 919 981 887 981
346 477 379 477 379 510 346 510
476 1230 511 1230 511 1263 476 1263
276 629 312 629 312 662 276 662
881 1114 923 1114 923 1147 881 1147
619 468 643 468 643 502 619 502
416 788 444 788 444 822 416 822
887 391 921 391 921 425 887 425
145 399 180 399 180 433 145 433
160 239 196 239 196 273 160 273
346 884 384 884 384 918 346 918
684 718 722 718 722 752 684 752
477 401 517 401 517 435 477 435
154 819 170 819 170 853 154 853
419 664 444 664 444 698 419 698
821 606 854 606 854 640 821 640
206 826 242 826 242 860 206 860
142 701 184 701 184 735 142 735
555 584 580 584 580 619 555 619
897 1239 922 1239 922 1274 897 1274
490 775 516 775 516 810 490 810
619 326 655 326 655 361 619 361
887 358 924 358 924 393 887 393
166 1128 192 1128 192 1163 166 1163
130 201 157 201 157 236 130 236
483 1129 512 1129 512 1164 483 1164
555 952 571 952 571 987 555 987
349 441 379 441 379 476 349 476
414 1064 450 1064 450 1099 414 1099
759 680 781 680 781 716 759 716
558 509 581 509 581 545 558 545
346 978 380 978 380 1014 346 1014
275 836 310 836 310 872 275 872
753 865 789 865 789 901 753 901
688 829 726 829 726 865 688 865
475 463 518 463 518 499 475 499
345 325 388 325 388 361 345 361
612 976 659 976 659 1012 612 1012
354 535 371 535 371 571 354 571
688 749 719 749 719 785 688 785
275 440 308 440 308 476 275 476
883 704 921 704 921 740 883 740
354 660 375 660 375 696 354 696
886 487 919 487 919 523 886 523
345 1054 386 1054 386 1090 345 1090
278 540 307 540 307 577 278 577
145 849 179 849 179 886 145 886
885 523 922 523 922 560 885 560
342 574 382 574 382 611 342 611
750 294 792 294 792 331 750 331
880 1277 922 1277 922 1314 880 1314
481 705 514 705 514 742 481 742
753 563 793 563 793 600 753 600
340 1271 380 1271 380 1308 340 1308
341 1329 381 1329 381 1366 341 1366
560 786 567 786 567 824 560 824
419 1147 443 1147 443 1185 419 1185
348 803 382 803 382 841 348 841
683 513 720 513 720 551 683 551
344 1091 384 1091 384 1129 344 1129
433 696 451 696 451 734 433 734
755 391 787 391 787 429 755 429
550 1030 583 1030 583 1068 550 1068
752 924 787 924 787 962 752 962
343 1150 384 1150 384 1188 343 1188
213 511 244 511 244 549 213 549
209 940 240 940 240 978 209 978
346 842 381 842 381 880 346 880
749 1081 789 1081 789 1119 749 1119
420 592 442 592 442 631 420 631
554 910 580 910 580 949 554 949
544 1173 584 1173 584 1212 544 1212
477 1296 518 1296 518 1335 477 1335
821 510 849 510 849 549 821 549
210 549 240 549 240 588 210 588
479 924 516 924 516 963 479 963
691 316 711 316 711 356 691 356
213 705 240 705 240 745 213 745
618 397 647 397 647 437 618 437
889 781 921 781 921 821 889 821
278 666 313 666 313 706 278 706
751 762 793 762 793 802 751 802
894 908 913 908 913 948 894 948
885 440 920 440 920 480 885 480
754 1214 792 1214 792 1254 754 1254
273 369 313 369 313 409 273 409
751 475 794 475 794 515 751 515
138 607 183 607 183 647 138 647
883 1325 891 1325 891 1365 883 1365
208 865 244 865 244 905 208 905
426 859 435 859 435 900 426 900
545 720 583 720 583 761 545 761
884 742 924 742 924 783 884 783
685 543 726 543 726 584 685 584
613 669 656 669 656 710 613 710
758 1018 781 1018 781 1059 758 1059
886 1185 921 1185 921 1226 886 1226
412 375 453 375 453 416 412 416
611 748 656 748 656 789 611 789
612 1132 660 1132 660 1173 612 1173
346 760 382 760 382 801 346 801
480 882 527 882 527 923 480 923
412 1103 448 1103 448 1145 412 1145
891 1313 927 1313 927 1355 891 1355
550 988 593 988 593 1030 550 1030
148 294 178 294 178 336 148 336
753 715 785 715 785 757 753 757
612 710 655 710 655 752 612 752
747 432 792 432 792 474 747 474
750 798 795 798 795 840 750 840
617 1236 652 1236 652 1279 617 1279
277 794 317 794 317 837 277 837
210 465 254 465 254 508 210 508
545 1133 582 1133 582 1177 545 1177
750 1174 795 1174 795 1218 750 1218
476 1009 517 1009 517 1053 476 1053
550 829 586 829 586 875 550 875
141 652 177 652 177 699 141 699
275 914 310 914 310 961 275 961
156 1067 172 1067 172 1115 156 1115
750 632 790 632 790 680 750 680
755 516 788 516 788 564 755 564
209 622 242 622 242 670 209 670
206 772 244 772 244 820 206 820
341 934 386 934 386 983 341 983
273 323 322 323 322 372 273 372
415 738 444 738 444 787 415 787
412 1015 450 1015 450 1065 412 1065
342 1186 380 1186 380 1237 342 1237
206 977 252 977 252 1037 206 1037
413 1270 446 1270 446 1331 413 1331
