537 1069 548 1069 548 1079 537 1079
230 622 240 622 240 633 230 633
228 747 240 747 240 758 228 758
254 962 270 962 270 973 254 973
653 501 676 501 676 513 653 513
40 368 61 368 61 381 40 381
249 772 271 772 271 785 249 785
31 1248 57 1248 57 1261 31 1261
233 674 238 674 238 688 233 688
530 685 543 685 543 699 530 699
173 631 188 631 188 646 173 646
451 476 466 476 466 491 451 491
587 605 603 605 603 620 587 620
516 841 532 841 532 856 516 856
313 583 330 583 330 598 313 598
448 814 465 814 465 829 448 829
582 1317 591 1317 591 1333 582 1333
655 516 670 516 670 532 655 532
381 747 398 747 398 763 381 763
582 1265 597 1265 597 1281 582 1281
582 908 599 908 599 924 582 924
310 1236 327 1236 327 1252 310 1252
26 579 67 579 67 595 26 595
377 1298 393 1298 393 1315 377 1315
723 765 739 765 739 782 723 782
654 873 670 873 670 890 654 890
32 624 62 624 62 641 32 641
170 329 187 329 187 346 170 346
309 938 328 938 328 955 309 955
228 836 240 836 240 853 228 853
297 1300 332 1300 332 1317 297 1317
166 441 193 441 193 459 166 459
734 499 762 499 762 517 734 517
721 1237 731 1237 731 1255 721 1255
242 451 259 451 259 469 242 469
235 1114 252 1114 252 1132 235 1132
512 1228 529 1228 529 1246 512 1246
379 1033 397 1033 397 1051 379 1051
250 786 275 786 275 804 250 804
567 1336 609 1336 609 1354 567 1354
584 955 596 955 596 974 584 974
372 1363 404 1363 404 1382 372 1382
256 729 267 729 267 748 256 748
655 1033 668 1033 668 1052 655 1052
718 1135 737 1135 737 1154 718 1154
717 794 749 794 749 813 717 813
713 1158 745 1158 745 1177 713 1177
522 967 533 967 533 986 522 986
225 887 238 887 238 906 225 906
299 1342 325 1342 325 1361 299 1361
251 915 279 915 279 934 251 934
230 1170 265 1170 265 1189 230 1189
90 1329 130 1329 130 1348 90 1348
91 1087 134 1087 134 1106 91 1106
239 331 258 331 258 351 239 351
37 884 56 884 56 904 37 904
175 420 189 420 189 440 175 440
98 711 129 711 129 731 98 731
240 394 252 394 252 414 240 414
790 421 815 421 815 441 790 441
96 1066 124 1066 124 1086 96 1086
739 579 754 579 754 600 739 600
652 814 669 814 669 835 652 835
249 812 279 812 279 833 249 833
164 346 199 346 199 367 164 367
645 537 680 537 680 558 645 558
793 869 809 869 809 890 793 890
241 1192 257 1192 257 1213 241 1213
446 583 472 583 472 604 446 604
510 359 540 359 540 380 510 380
719 340 752 340 752 361 719 361
781 1004 816 1004 816 1025 781 1025
101 511 120 511 120 533 101 533
235 511 267 511 267 533 235 533
255 892 270 892 270 914 255 914
237 557 264 557 264 579 237 579
786 1325 815 1325 815 1347 786 1347
581 1211 596 1211 596 1233 581 1233
255 748 272 748 272 770 255 770
101 1308 119 1308 119 1330 101 1330
253 868 273 868 273 890 253 890
39 1192 52 1192 52 1215 39 1215
379 840 396 840 396 863 379 863
102 1043 120 1043 120 1066 102 1066
706 495 726 495 726 518 706 518
226 767 249 767 249 790 226 790
32 554 58 554 58 577 32 577
648 892 680 892 680 915 648 915
31 1135 65 1135 65 1158 31 1158
708 1309 742 1309 742 1332 708 1332
231 690 239 690 239 713 231 713
584 1089 597 1089 597 1112 584 1112
737 555 760 555 760 578 737 578
720 908 755 908 755 931 720 931
109 460 120 460 120 484 109 484
42 503 54 503 54 527 42 527
519 338 534 338 534 362 519 362
309 337 329 337 329 361 309 361
578 671 609 671 609 695 578 695
381 687 394 687 394 711 381 711
741 601 756 601 756 625 741 625
41 1072 57 1072 57 1096 41 1096
585 409 605 409 605 433 585 433
221 934 243 934 243 958 221 958
712 1174 742 1174 742 1198 712 1198
441 503 476 503 476 527 441 527
716 631 755 631 755 655 716 655
450 421 462 421 462 445 450 445
449 757 462 757 462 781 449 781
380 1113 395 1113 395 1137 380 1137
585 693 604 693 604 717 585 717
442 1006 469 1006 469 1030 442 1030
228 854 242 854 242 879 228 879
40 595 58 595 58 620 40 620
448 609 467 609 467 634 448 634
306 1029 325 1029 325 1054 306 1054
708 555 731 555 731 580 708 580
164 691 197 691 197 716 164 716
709 1256 748 1256 748 1281 709 1281
316 522 328 522 328 547 316 547
228 714 241 714 241 739 228 739
174 571 189 571 189 596 174 596
580 852 597 852 597 877 580 877
654 551 676 551 676 576 654 576
249 620 277 620 277 645 249 645
370 1269 400 1269 400 1294 370 1294
26 1264 60 1264 60 1289 26 1289
311 1317 324 1317 324 1343 311 1343
309 1001 323 1001 323 1027 309 1027
39 717 54 717 54 743 39 743
520 782 535 782 535 808 520 808
104 1100 119 1100 119 1126 104 1126
716 1365 733 1365 733 1391 716 1391
374 976 392 976 392 1002 374 1002
251 936 275 936 275 962 251 962
646 1079 672 1079 672 1105 646 1105
723 362 749 362 749 388 723 388
581 383 612 383 612 409 581 409
783 841 819 841 819 867 783 867
590 718 596 718 596 744 590 744
309 1177 325 1177 325 1203 309 1203
445 911 463 911 463 937 445 937
38 905 57 905 57 931 38 931
651 971 670 971 670 997 651 997
781 505 811 505 811 531 781 531
513 906 543 906 543 932 513 932
577 928 609 928 609 954 577 954
296 1361 331 1361 331 1387 296 1387
225 908 238 908 238 934 225 934
654 446 667 446 667 472 654 472
238 1328 252 1328 252 1354 238 1354
102 732 120 732 120 758 102 758
309 729 328 729 328 755 309 755
100 1126 120 1126 120 1152 100 1152
780 578 813 578 813 604 780 604
508 381 543 381 543 407 508 407
232 580 267 580 267 606 232 606
572 1355 609 1355 609 1381 572 1381
515 1332 531 1332 531 1359 515 1359
244 530 260 530 260 557 244 557
725 934 741 934 741 961 725 961
786 742 803 742 803 769 786 769
651 334 677 334 677 361 651 361
249 652 275 652 275 679 249 679
648 470 676 470 676 497 648 497
91 484 127 484 127 511 91 511
368 813 405 813 405 840 368 840
379 1243 391 1243 391 1270 379 1270
586 746 601 746 601 773 586 773
32 1215 58 1215 58 1242 32 1242
374 435 403 435 403 462 374 462
163 461 197 461 197 488 163 488
653 1054 667 1054 667 1082 653 1082
723 814 738 814 738 842 723 842
447 978 462 978 462 1006 447 1006
104 534 120 534 120 562 104 562
718 1076 735 1076 735 1104 718 1104
706 519 725 519 725 547 706 547
442 524 470 524 470 552 442 552
784 645 817 645 817 673 784 673
783 1291 817 1291 817 1319 783 1319
511 513 546 513 546 541 511 541
517 1168 532 1168 532 1196 517 1196
102 816 121 816 121 844 102 844
443 446 473 446 473 474 443 474
439 881 469 881 469 909 439 909
712 1280 746 1280 746 1308 712 1308
720 416 755 416 755 444 720 444
313 877 328 877 328 905 313 905
36 958 58 958 58 986 36 986
37 1290 63 1290 63 1318 37 1318
513 592 540 592 540 620 513 620
636 1105 676 1105 676 1133 636 1133
507 656 554 656 554 684 507 684
39 525 52 525 52 554 39 554
175 716 190 716 190 745 175 745
721 702 740 702 740 731 721 731
645 907 673 907 673 936 645 936
372 368 402 368 402 397 372 397
28 1354 60 1354 60 1383 28 1383
569 1183 616 1183 616 1212 569 1212
585 542 600 542 600 571 585 571
239 1057 254 1057 254 1086 239 1086
648 694 677 694 677 723 648 723
780 443 810 443 810 472 780 472
30 857 68 857 68 886 30 886
115 793 122 793 122 823 115 823
735 520 763 520 763 550 735 550
508 1358 538 1358 538 1388 508 1388
306 644 336 644 336 674 306 674
578 878 608 878 608 908 578 908
716 961 747 961 747 991 716 991
370 1138 402 1138 402 1168 370 1168
373 513 413 513 413 543 373 543
451 553 466 553 466 583 451 583
37 774 61 774 61 804 37 804
250 835 277 835 277 865 250 865
785 475 815 475 815 505 785 505
97 908 133 908 133 938 97 938
511 623 547 623 547 653 511 653
369 338 407 338 407 368 369 368
91 562 129 562 129 592 91 592
658 664 671 664 671 694 658 694
98 1278 122 1278 122 1308 98 1308
306 361 333 361 333 391 306 391
647 576 679 576 679 606 647 606
368 1085 402 1085 402 1115 368 1115
227 1135 262 1135 262 1165 227 1165
572 1235 608 1235 608 1265 572 1265
103 939 117 939 117 970 103 970
579 773 609 773 609 804 579 804
231 1083 262 1083 262 1114 231 1114
576 1114 608 1114 608 1145 576 1145
718 1333 731 1333 731 1364 718 1364
521 932 535 932 535 963 521 963
793 1020 812 1020 812 1051 793 1051
168 745 196 745 196 776 168 776
232 1213 262 1213 262 1244 232 1244
27 927 61 927 61 958 27 958
377 1053 393 1053 393 1085 377 1085
35 1319 52 1319 52 1351 35 1351
785 1165 809 1165 809 1197 785 1197
307 548 332 548 332 580 307 580
581 572 610 572 610 604 581 604
233 414 265 414 265 446 233 446
505 1196 539 1196 539 1228 505 1228
301 1204 336 1204 336 1236 301 1236
570 1286 607 1286 607 1318 570 1318
373 864 400 864 400 896 373 896
513 808 541 808 541 840 513 840
780 351 812 351 812 383 780 383
440 780 472 780 472 812 440 812
711 1100 743 1100 743 1132 711 1132
232 1354 264 1354 264 1386 232 1386
716 388 750 388 750 420 716 420
793 673 813 673 813 705 793 705
787 926 808 926 808 958 787 958
444 635 471 635 471 667 444 667
101 674 132 674 132 706 101 706
513 985 544 985 544 1017 513 1017
96 383 130 383 130 415 96 415
649 603 683 603 683 635 649 635
511 407 547 407 547 439 511 439
370 709 407 709 407 741 370 741
301 1054 332 1054 332 1087 301 1087
509 440 542 440 542 473 509 473
28 683 67 683 67 716 28 716
306 755 332 755 332 788 306 788
785 388 813 388 813 421 785 421
96 875 129 875 129 908 96 908
782 1085 817 1085 817 1118 782 1118
574 1149 609 1149 609 1182 574 1182
32 1097 68 1097 68 1130 32 1130
784 1349 823 1349 823 1382 784 1382
504 1083 548 1083 548 1116 504 1116
512 700 539 700 539 733 512 733
372 1001 405 1001 405 1034 372 1034
95 1007 134 1007 134 1040 95 1040
713 879 752 879 752 912 713 912
645 728 687 728 687 761 645 761
574 1055 616 1055 616 1088 574 1088
660 997 677 997 677 1031 660 1031
229 639 248 639 248 673 229 673
305 443 339 443 339 477 305 477
721 449 756 449 756 483 721 483
368 1216 404 1216 404 1250 368 1250
711 996 752 996 752 1030 711 1030
786 1200 806 1200 806 1234 786 1234
580 478 613 478 613 512 580 512
368 399 403 399 403 433 368 433
304 904 339 904 339 938 304 938
232 356 269 356 269 390 232 390
297 1094 346 1094 346 1128 297 1128
167 594 199 594 199 629 167 629
31 465 66 465 66 500 31 500
231 472 268 472 268 507 231 507
795 1054 806 1054 806 1089 795 1089
307 605 334 605 334 640 307 640
647 836 676 836 676 871 647 871
30 425 62 425 62 460 30 460
109 843 115 843 115 878 109 878
301 1260 330 1260 330 1295 301 1295
34 740 63 740 63 775 34 775
510 473 542 473 542 508 510 508
33 1038 65 1038 65 1073 33 1073
89 1197 128 1197 128 1232 89 1232
578 974 598 974 598 1010 578 1010
646 366 685 366 685 402 646 402
640 936 683 936 683 972 640 972
166 654 194 654 194 690 166 690
720 732 748 732 748 768 720 768
580 510 605 510 605 547 580 547
784 604 812 604 812 641 784 641
783 706 814 706 814 743 783 743
29 1160 64 1160 64 1197 29 1197
435 384 478 384 478 421 435 421
374 648 407 648 407 685 374 685
592 434 599 434 599 472 592 472
785 891 811 891 811 929 785 929
101 594 127 594 127 632 101 632
781 959 813 959 813 997 781 997
781 769 816 769 816 807 781 807
165 488 202 488 202 526 165 526
709 1198 749 1198 749 1236 709 1236
650 627 691 627 691 665 650 665
717 841 741 841 741 879 717 879
303 960 336 960 336 998 303 998
789 804 806 804 806 843 789 843
89 1158 130 1158 130 1197 89 1197
370 938 405 938 405 977 370 977
28 644 65 644 65 683 28 683
372 546 409 546 409 585 372 585
94 633 133 633 133 672 94 672
371 291 411 291 411 330 371 330
96 760 131 760 131 800 96 800
575 292 615 292 615 332 575 332
225 1287 266 1287 266 1327 225 1327
365 1321 408 1321 408 1361 365 1361
444 938 468 938 468 978 444 978
372 771 404 771 404 811 372 811
576 1012 612 1012 612 1052 576 1052
706 1034 750 1034 750 1074 706 1074
714 292 753 292 753 333 714 333
27 326 58 326 58 367 27 367
578 626 616 626 616 667 578 667
301 849 331 849 331 891 301 891
370 1172 402 1172 402 1214 370 1214
647 403 684 403 684 445 647 445
375 896 405 896 405 938 375 938
441 673 475 673 475 716 441 716
228 1020 270 1020 270 1063 228 1063
374 604 406 604 406 647 374 647
91 969 127 969 127 1012 91 1012
26 992 66 992 66 1035 26 1035
91 1235 131 1235 131 1278 91 1278
791 1121 808 1121 808 1164 791 1164
781 533 818 533 818 576 781 576
581 338 619 338 619 381 581 381
227 1253 270 1253 270 1296 227 1296
303 398 335 398 335 442 303 442
439 835 475 835 475 879 439 879
576 808 613 808 613 852 576 852
375 463 403 463 403 508 375 508
510 858 545 858 545 903 510 903
29 384 62 384 62 429 29 429
501 1248 542 1248 542 1293 501 1293
439 716 476 716 476 761 439 761
717 656 748 656 748 702 717 702
97 414 133 414 133 460 97 460
507 1023 542 1023 542 1070 507 1070
506 734 554 734 554 782 506 782
223 790 242 790 242 838 223 838
515 1293 543 1293 543 1341 515 1341
230 983 269 983 269 1031 230 1031
300 1126 338 1126 338 1174 300 1174
168 523 198 523 198 573 168 573
102 1338 112 1338 112 1388 102 1388
306 472 332 472 332 522 306 522
435 333 476 333 476 383 435 383
93 330 131 330 131 381 93 381
508 538 538 538 538 589 508 589
649 758 686 758 686 809 649 809
251 679 273 679 273 731 251 731
506 1113 547 1113 547 1165 506 1165
301 788 337 788 337 847 301 847
305 670 333 670 333 733 305 733
166 364 194 364 194 433 166 433
