416 522 453 522 453 529 416 529
284 473 312 473 312 483 284 483
753 528 792 528 792 541 753 541
286 532 313 532 313 547 286 547
831 1210 859 1210 859 1226 831 1226
425 580 454 580 454 596 425 596
212 543 230 543 230 560 212 560
825 670 857 670 857 687 825 687
759 1312 786 1312 786 1331 759 1331
687 1144 728 1144 728 1163 687 1163
900 385 921 385 921 404 900 404
484 905 505 905 505 924 484 924
690 913 711 913 711 933 690 933
270 815 293 815 293 835 270 835
915 979 947 979 947 999 915 999
124 1016 161 1016 161 1036 124 1036
345 634 366 634 366 654 345 654
345 446 367 446 367 466 345 466
899 999 922 999 922 1019 899 1019
197 568 238 568 238 588 197 588
264 1328 308 1328 308 1348 264 1348
413 816 434 816 434 837 413 837
135 768 158 768 158 789 135 789
696 644 718 644 718 665 696 665
203 852 225 852 225 873 203 873
135 491 158 491 158 512 135 512
420 1322 433 1322 433 1343 420 1343
210 490 224 490 224 511 210 511
437 601 451 601 451 622 437 622
203 1324 225 1324 225 1345 203 1345
901 1390 935 1390 935 1411 901 1411
827 1093 862 1093 862 1114 827 1114
129 511 168 511 168 532 129 532
682 829 722 829 722 850 682 850
777 504 785 504 785 526 777 526
902 571 922 571 922 593 902 593
691 764 711 764 711 786 691 786
431 625 454 625 454 647 431 647
125 1305 156 1305 156 1327 125 1327
276 1346 295 1346 295 1368 276 1368
833 391 853 391 853 413 833 413
273 1260 296 1260 296 1282 273 1282
414 1201 438 1201 438 1223 414 1223
553 792 578 792 578 814 553 814
630 412 649 412 649 435 630 435
553 1171 576 1171 576 1194 553 1194
620 435 650 435 650 458 620 458
757 453 796 453 796 476 757 476
559 730 574 730 574 753 559 753
833 1114 852 1114 852 1137 833 1137
834 796 856 796 856 819 834 819
627 637 651 637 651 660 627 660
622 1383 646 1383 646 1406 622 1406
625 307 650 307 650 330 625 330
481 467 506 467 506 490 481 490
265 314 305 314 305 337 265 337
822 1389 868 1389 868 1412 822 1412
897 783 924 783 924 807 897 807
704 743 737 743 737 767 704 767
286 586 319 586 319 610 286 610
689 968 727 968 727 992 689 992
346 610 385 610 385 634 346 634
621 1026 647 1026 647 1050 621 1050
202 1120 229 1120 229 1144 202 1144
198 1352 234 1352 234 1376 198 1376
701 893 738 893 738 917 701 917
893 1366 931 1366 931 1390 893 1390
889 1276 932 1276 932 1300 889 1300
350 383 364 383 364 408 350 408
756 1159 793 1159 793 1184 756 1184
196 876 233 876 233 901 196 901
127 792 168 792 168 817 127 817
822 537 864 537 864 562 822 562
483 1080 504 1080 504 1105 483 1105
263 842 302 842 302 867 263 867
540 859 586 859 586 884 540 884
558 959 575 959 575 984 558 984
412 1134 431 1134 431 1160 412 1160
211 1010 241 1010 241 1036 211 1036
896 311 933 311 933 337 896 337
825 947 862 947 862 973 825 973
771 394 786 394 786 420 771 420
485 547 505 547 505 573 485 573
900 1340 921 1340 921 1366 900 1366
902 1132 926 1132 926 1158 902 1158
757 475 789 475 789 501 757 501
261 943 302 943 302 969 261 969
405 1265 448 1265 448 1291 405 1291
891 1070 936 1070 936 1096 891 1096
139 1034 155 1034 155 1061 139 1061
489 692 506 692 506 719 489 719
698 1193 719 1193 719 1220 698 1220
406 309 437 309 437 336 406 336
339 473 373 473 373 500 339 500
336 660 370 660 370 687 336 687
485 399 499 399 499 426 485 426
209 627 223 627 223 654 209 654
555 1111 571 1111 571 1138 555 1138
832 1067 851 1067 851 1094 832 1094
554 466 578 466 578 493 554 493
265 969 298 969 298 996 265 996
827 1358 861 1358 861 1385 827 1385
906 1205 945 1205 945 1232 906 1232
194 1051 235 1051 235 1078 194 1078
213 1266 226 1266 226 1294 213 1294
207 795 222 795 222 823 207 823
630 961 646 961 646 989 630 989
291 554 318 554 318 582 291 582
623 773 652 773 652 801 623 801
691 1164 721 1164 721 1192 691 1192
825 457 860 457 860 485 825 485
901 722 919 722 919 751 901 751
291 612 310 612 310 641 291 641
825 1279 860 1279 860 1308 825 1308
400 1373 446 1373 446 1402 400 1402
685 671 734 671 734 700 685 700
696 1349 712 1349 712 1378 696 1378
631 803 653 803 653 832 631 832
764 712 789 712 789 741 764 741
475 1047 505 1047 505 1076 475 1076
630 1156 649 1156 649 1185 630 1185
346 307 372 307 372 336 346 336
697 1110 728 1110 728 1139 697 1139
761 682 793 682 793 711 761 711
424 542 457 542 457 571 424 571
123 1375 169 1375 169 1404 123 1404
139 714 157 714 157 744 139 744
205 593 226 593 226 623 205 623
129 923 158 923 158 953 129 953
268 1228 304 1228 304 1258 268 1258
545 436 583 436 583 466 545 466
619 710 658 710 658 740 619 740
192 943 232 943 232 973 192 973
121 1266 167 1266 167 1296 121 1296
557 1341 572 1341 572 1371 557 1371
132 986 155 986 155 1016 132 1016
410 258 441 258 441 288 410 288
410 1343 441 1343 441 1373 410 1373
128 430 163 430 163 460 128 460
629 567 645 567 645 598 629 598
346 793 366 793 366 824 346 824
770 1086 790 1086 790 1117 770 1117
553 1200 576 1200 576 1231 553 1231
279 493 308 493 308 524 279 524
266 782 304 782 304 813 266 813
415 746 434 746 434 777 415 777
833 912 854 912 854 943 833 943
407 1161 444 1161 444 1192 407 1192
839 636 851 636 851 667 839 667
773 649 788 649 788 680 773 680
763 968 779 968 779 999 763 999
417 1000 436 1000 436 1031 417 1031
764 579 787 579 787 610 764 610
895 749 931 749 931 780 895 780
759 613 797 613 797 644 759 644
613 457 654 457 654 488 613 488
900 457 915 457 915 489 900 489
553 496 580 496 580 528 553 528
690 1264 719 1264 719 1296 690 1296
342 410 373 410 373 442 342 442
406 1032 439 1032 439 1064 406 1064
127 309 161 309 161 341 127 341
836 1178 846 1178 846 1210 836 1210
620 1188 653 1188 653 1220 620 1220
472 615 511 615 511 647 472 647
682 935 726 935 726 967 682 967
270 1371 300 1371 300 1404 270 1404
476 720 509 720 509 753 476 753
545 987 579 987 579 1020 545 1020
135 818 158 818 158 851 135 851
135 566 159 566 159 599 135 599
205 509 237 509 237 542 205 542
408 682 451 682 451 715 408 715
559 402 593 402 593 435 559 435
475 864 510 864 510 897 475 897
894 592 931 592 931 625 894 625
268 691 307 691 307 724 268 724
683 1373 727 1373 727 1406 683 1406
145 600 151 600 151 634 145 634
694 572 711 572 711 606 694 606
623 736 650 736 650 770 623 770
131 1061 160 1061 160 1095 131 1095
201 819 234 819 234 853 201 853
689 1221 723 1221 723 1255 689 1255
406 773 445 773 445 807 406 807
265 752 306 752 306 786 265 786
334 728 378 728 378 762 334 762
420 1286 437 1286 437 1320 420 1320
553 820 575 820 575 854 553 854
759 419 789 419 789 453 759 453
547 1132 586 1132 586 1166 547 1166
548 752 588 752 588 786 548 786
477 309 517 309 517 343 477 343
478 580 519 580 519 614 478 614
134 536 178 536 178 570 134 570
134 953 149 953 149 988 134 988
833 685 856 685 856 720 833 720
477 1106 508 1106 508 1141 477 1141
342 503 379 503 379 538 342 538
759 741 782 741 782 776 759 776
412 880 435 880 435 915 412 915
828 721 854 721 854 756 828 756
340 691 377 691 377 726 340 726
435 649 450 649 450 684 435 684
481 426 512 426 512 461 481 461
690 602 724 602 724 637 690 637
902 1027 939 1027 939 1062 902 1062
894 1159 932 1159 932 1194 894 1194
755 1331 806 1331 806 1366 755 1366
271 338 295 338 295 374 271 374
132 851 156 851 156 887 132 887
903 938 929 938 929 974 903 974
830 307 856 307 856 343 830 343
691 850 718 850 718 886 691 886
898 810 925 810 925 846 898 846
484 1009 517 1009 517 1045 484 1045
619 832 657 832 657 868 619 868
618 1345 657 1345 657 1381 618 1381
128 459 169 459 169 495 128 495
618 1050 670 1050 670 1086 618 1086
135 890 156 890 156 926 135 926
275 1287 297 1287 297 1323 275 1323
620 1082 648 1082 648 1118 620 1118
206 1291 236 1291 236 1327 206 1327
199 972 230 972 230 1008 199 1008
549 1373 580 1373 580 1409 549 1409
825 758 862 758 862 794 825 794
264 1117 303 1117 303 1153 264 1153
197 1372 240 1372 240 1408 197 1408
558 1233 573 1233 573 1270 558 1270
625 376 647 376 647 413 625 413
270 866 293 866 293 903 270 903
270 718 293 718 293 755 270 755
337 824 369 824 369 861 337 861
619 598 653 598 653 635 619 635
621 987 657 987 657 1024 621 1024
197 706 239 706 239 743 197 743
133 634 177 634 177 671 133 671
888 685 935 685 935 722 888 722
835 563 851 563 851 600 835 600
692 787 720 787 720 824 692 824
894 857 926 857 926 894 894 894
478 831 513 831 513 868 478 868
270 1081 292 1081 292 1118 270 1118
690 351 726 351 726 388 690 388
546 918 588 918 588 955 546 955
124 1114 167 1114 167 1151 124 1151
821 598 865 598 865 635 821 635
412 380 430 380 430 418 412 418
692 538 715 538 715 576 692 576
481 970 518 970 518 1008 481 1008
476 754 503 754 503 792 476 792
133 736 172 736 172 774 133 774
196 1145 236 1145 236 1183 196 1183
765 351 783 351 783 390 765 390
266 1198 305 1198 305 1237 266 1237
685 505 726 505 726 544 685 544
682 1037 729 1037 729 1076 682 1076
834 821 854 821 854 860 834 860
621 1114 649 1114 649 1153 621 1153
403 963 438 963 438 1002 403 1002
618 1313 653 1313 653 1352 618 1352
120 1333 161 1333 161 1372 120 1372
823 1137 866 1137 866 1176 823 1176
402 841 452 841 452 880 402 880
543 635 593 635 593 674 543 674
267 1048 306 1048 306 1087 267 1087
557 1304 574 1304 574 1344 557 1344
765 309 786 309 786 349 765 349
347 533 369 533 369 573 347 573
901 1095 929 1095 929 1135 901 1135
408 339 442 339 442 379 408 379
196 306 237 306 237 346 196 346
757 1121 798 1121 798 1161 757 1161
550 876 575 876 575 917 550 917
270 902 302 902 302 943 270 943
688 311 725 311 725 352 688 352
124 387 168 387 168 428 124 428
402 1105 446 1105 446 1146 402 1146
898 527 924 527 924 568 898 568
898 1296 932 1296 932 1337 898 1337
200 659 236 659 236 700 200 700
620 670 658 670 658 711 620 711
411 1064 449 1064 449 1105 411 1105
829 494 866 494 866 535 829 535
338 575 380 575 380 616 338 616
613 923 659 923 659 964 613 964
204 1077 244 1077 244 1119 204 1119
477 931 518 931 518 973 477 973
336 339 378 339 378 381 336 381
201 901 245 901 245 943 201 943
265 374 297 374 297 416 265 416
691 703 725 703 725 745 691 745
827 1025 862 1025 862 1067 827 1067
752 772 801 772 801 814 752 814
618 335 662 335 662 377 618 377
265 645 310 645 310 687 265 687
549 1260 595 1260 595 1302 549 1302
763 833 785 833 785 876 763 876
896 410 922 410 922 453 896 453
756 542 793 542 793 585 756 585
685 453 727 453 727 496 685 496
406 419 450 419 450 462 406 462
615 490 660 490 660 533 615 533
217 337 225 337 225 381 217 381
763 1041 793 1041 793 1085 763 1085
900 1231 929 1231 929 1275 900 1275
406 913 449 913 449 957 406 957
407 463 451 463 451 507 407 507
759 1268 782 1268 782 1312 759 1312
414 708 439 708 439 752 414 752
899 482 933 482 933 526 899 526
354 748 363 748 363 793 354 793
778 800 788 800 788 845 778 845
828 975 858 975 858 1020 828 1020
201 1229 238 1229 238 1274 201 1274
131 668 170 668 170 713 131 713
549 584 593 584 593 629 549 629
405 1229 447 1229 447 1274 405 1274
274 421 290 421 290 467 274 467
832 343 853 343 853 389 832 389
124 1218 167 1218 167 1264 124 1264
195 389 244 389 244 435 195 435
269 997 287 997 287 1043 269 1043
615 530 658 530 658 576 615 576
896 343 933 343 933 389 896 389
615 1264 657 1264 657 1310 615 1310
693 995 712 995 712 1042 693 1042
761 921 785 921 785 968 761 968
544 309 592 309 592 356 544 356
775 1235 782 1235 782 1282 775 1282
821 409 865 409 865 456 821 456
825 1230 869 1230 869 1277 825 1277
191 742 240 742 240 789 191 789
470 788 525 788 525 835 470 835
475 644 510 644 510 692 475 692
540 1022 589 1022 589 1070 540 1070
477 497 512 497 512 545 477 545
551 353 594 353 594 402 551 402
823 862 870 862 870 911 823 911
475 344 510 344 510 394 475 394
542 1066 592 1066 592 1116 542 1116
204 1180 239 1180 239 1230 204 1230
611 1223 661 1223 661 1274 611 1274
126 341 165 341 165 392 126 392
823 1308 864 1308 864 1359 823 1359
261 1148 308 1148 308 1200 261 1200
701 1061 716 1061 716 1113 701 1113
611 870 662 870 662 922 611 922
901 886 930 886 930 939 901 939
129 1152 163 1152 163 1205 129 1205
750 878 795 878 795 932 750 932
769 985 794 985 794 1039 769 1039
547 530 585 530 585 585 547 585
196 433 242 433 242 489 196 489
889 625 930 625 930 683 889 683
544 667 593 667 593 725 544 725
685 1300 732 1300 732 1360 685 1360
693 384 716 384 716 447 693 447
756 1180 800 1180 800 1243 756 1243
