612 1345 632 1345 632 1353 612 1353
61 1272 77 1272 77 1286 61 1286
184 1109 216 1109 216 1124 184 1124
242 769 272 769 272 784 242 784
106 791 140 791 140 807 106 807
659 600 680 600 680 616 659 616
384 744 404 744 404 761 384 761
586 1386 633 1386 633 1403 586 1403
36 1038 63 1038 63 1055 36 1055
316 637 334 637 334 654 316 654
722 297 742 297 742 314 722 314
597 668 618 668 618 685 597 685
458 1056 477 1056 477 1074 458 1074
527 891 548 891 548 909 527 909
595 464 616 464 616 482 595 482
665 1187 696 1187 696 1205 665 1205
620 1218 635 1218 635 1237 620 1237
316 303 334 303 334 322 316 322
317 837 338 837 338 856 317 856
389 1080 407 1080 407 1099 389 1099
242 716 270 716 270 735 242 735
38 1324 69 1324 69 1343 38 1343
544 519 554 519 554 538 544 538
720 322 739 322 739 341 720 341
652 297 671 297 671 316 652 316
598 895 618 895 618 915 598 915
541 599 571 599 571 619 541 619
453 691 477 691 477 711 453 711
381 892 411 892 411 912 381 912
397 457 414 457 414 478 397 478
676 1348 694 1348 694 1369 676 1369
36 626 65 626 65 647 36 647
102 515 134 515 134 536 102 536
517 916 563 916 563 937 517 937
395 1350 411 1350 411 1371 395 1371
726 619 745 619 745 640 726 640
528 1378 550 1378 550 1399 528 1399
668 950 695 950 695 971 668 971
30 547 68 547 68 568 30 568
43 606 57 606 57 627 43 627
317 748 338 748 338 769 317 769
656 893 695 893 695 914 656 914
713 402 753 402 753 423 713 423
177 511 195 511 195 533 177 533
38 784 67 784 67 806 38 806
310 659 341 659 341 681 310 681
108 908 141 908 141 930 108 930
601 1290 618 1290 618 1313 601 1313
117 965 137 965 137 988 117 988
544 575 566 575 566 598 544 598
446 465 476 465 476 488 446 488
792 1243 833 1243 833 1266 792 1266
248 694 264 694 264 717 248 717
316 451 332 451 332 474 316 474
391 1208 409 1208 409 1231 391 1231
313 508 341 508 341 531 313 531
451 1237 480 1237 480 1260 451 1260
173 889 214 889 214 912 173 912
180 759 201 759 201 782 180 782
455 1215 476 1215 476 1238 455 1238
178 1126 209 1126 209 1149 178 1149
725 1103 764 1103 764 1126 725 1126
303 324 337 324 337 348 303 348
30 646 73 646 73 670 30 670
510 549 526 549 526 573 510 573
181 1332 201 1332 201 1356 181 1356
670 973 691 973 691 997 670 997
727 1151 757 1151 757 1175 727 1175
643 354 677 354 677 378 643 378
241 945 277 945 277 969 241 969
35 449 51 449 51 474 35 474
392 866 410 866 410 891 392 891
457 997 477 997 477 1022 457 1022
374 767 412 767 412 792 374 792
248 1238 266 1238 266 1263 248 1263
669 1092 693 1092 693 1117 669 1117
722 423 751 423 751 448 722 448
375 1001 421 1001 421 1026 375 1026
588 1115 634 1115 634 1140 588 1140
388 1024 403 1024 403 1049 388 1049
388 1140 408 1140 408 1165 388 1165
714 449 752 449 752 474 714 474
447 1081 492 1081 492 1106 447 1106
104 691 144 691 144 717 104 717
734 1125 755 1125 755 1151 734 1151
170 941 207 941 207 967 170 967
722 1054 759 1054 759 1080 722 1080
512 307 553 307 553 333 512 333
368 301 410 301 410 327 368 327
120 1350 133 1350 133 1377 120 1377
100 660 133 660 133 687 100 687
791 1215 832 1215 832 1242 791 1242
713 745 759 745 759 772 713 772
250 622 266 622 266 649 250 649
118 1017 135 1017 135 1044 118 1044
599 984 620 984 620 1011 599 1011
800 1157 822 1157 822 1184 800 1184
719 891 756 891 756 918 719 918
658 536 674 536 674 563 658 563
724 559 740 559 740 586 724 586
597 1012 622 1012 622 1039 597 1039
242 594 275 594 275 621 242 621
583 519 619 519 619 546 583 546
729 991 766 991 766 1018 729 1018
324 994 337 994 337 1022 324 1022
527 829 544 829 544 857 527 857
527 1023 547 1023 547 1051 527 1051
716 344 740 344 740 372 716 372
395 517 424 517 424 545 395 545
719 645 753 645 753 673 719 673
521 1052 555 1052 555 1080 521 1080
247 532 261 532 261 560 247 560
658 706 676 706 676 734 658 734
31 845 63 845 63 873 31 873
650 769 682 769 682 797 650 797
660 1031 698 1031 698 1059 660 1059
791 1103 830 1103 830 1131 791 1131
654 621 678 621 678 649 654 649
177 1276 207 1276 207 1304 177 1304
586 430 626 430 626 458 586 458
114 1234 134 1234 134 1263 114 1263
454 380 475 380 475 409 454 409
723 1076 759 1076 759 1105 723 1105
173 1218 217 1218 217 1247 173 1247
248 1263 268 1263 268 1292 248 1292
170 561 202 561 202 590 170 590
731 828 763 828 763 857 731 857
111 489 148 489 148 518 111 518
33 1146 71 1146 71 1175 33 1175
446 713 486 713 486 742 446 742
377 911 417 911 417 940 377 940
586 917 629 917 629 946 586 946
455 412 470 412 470 442 455 442
185 967 200 967 200 997 185 997
452 627 469 627 469 657 452 657
313 575 330 575 330 605 313 605
728 764 755 764 755 794 728 794
505 516 533 516 533 546 505 546
30 976 68 976 68 1006 30 1006
40 1379 78 1379 78 1409 40 1409
721 1175 763 1175 763 1205 721 1205
392 425 420 425 420 455 392 455
241 790 277 790 277 820 241 820
782 301 819 301 819 331 782 331
240 1367 279 1367 279 1397 240 1397
236 738 276 738 276 768 236 768
779 892 819 892 819 922 779 922
447 1258 492 1258 492 1288 447 1288
715 795 762 795 762 825 715 825
664 677 679 677 679 707 664 707
250 819 268 819 268 849 250 849
791 921 822 921 822 951 791 951
108 1079 141 1079 141 1109 108 1109
803 1328 819 1328 819 1359 803 1359
119 881 137 881 137 912 119 912
109 536 128 536 128 567 109 567
36 1004 65 1004 65 1035 36 1035
109 1316 139 1316 139 1347 109 1347
174 1302 208 1302 208 1333 174 1333
172 819 208 819 208 850 172 850
109 989 146 989 146 1020 109 1020
169 592 209 592 209 623 169 623
649 321 667 321 667 352 649 352
453 437 472 437 472 468 453 468
789 824 819 824 819 855 789 855
308 857 344 857 344 888 308 888
721 919 759 919 759 950 721 950
175 992 213 992 213 1023 175 1023
34 1174 73 1174 73 1205 34 1205
438 489 478 489 478 520 438 520
546 541 558 541 558 573 546 573
727 856 744 856 744 888 727 888
671 1060 690 1060 690 1092 671 1092
784 469 816 469 816 501 784 501
592 1038 625 1038 625 1070 592 1070
726 1333 759 1333 759 1365 726 1365
109 1141 144 1141 144 1173 109 1173
712 715 751 715 751 747 712 747
778 573 823 573 823 605 778 605
648 649 694 649 694 681 648 681
99 719 145 719 145 751 99 751
99 1214 147 1214 147 1246 99 1246
30 1293 78 1293 78 1325 30 1325
787 542 805 542 805 574 787 574
307 602 337 602 337 634 307 634
382 1048 415 1048 415 1080 382 1080
728 1302 761 1302 761 1334 728 1334
169 343 204 343 204 375 169 375
108 1106 143 1106 143 1138 108 1138
27 873 70 873 70 905 27 905
369 650 416 650 416 682 369 682
597 720 622 720 622 752 597 752
385 1231 415 1231 415 1263 385 1263
451 1020 486 1020 486 1052 451 1052
646 378 682 378 682 410 646 410
107 1174 144 1174 144 1206 107 1206
101 852 139 852 139 884 101 884
32 710 72 710 72 742 32 742
447 850 488 850 488 882 447 882
509 221 553 221 553 253 509 253
243 559 271 559 271 592 243 592
242 1333 270 1333 270 1366 242 1366
522 1270 553 1270 553 1303 522 1303
520 1340 552 1340 552 1373 520 1373
711 371 746 371 746 404 711 404
310 806 345 806 345 839 310 839
311 681 341 681 341 714 311 714
40 1200 71 1200 71 1233 40 1233
585 685 625 685 625 718 585 718
383 681 400 681 400 715 383 715
794 1356 827 1356 827 1390 794 1390
313 771 347 771 347 805 313 805
168 478 209 478 209 512 168 512
167 442 208 442 208 476 167 476
791 1185 835 1185 835 1219 791 1219
171 1249 216 1249 216 1283 171 1283
180 529 199 529 199 563 180 563
507 575 532 575 532 609 507 609
803 1025 831 1025 831 1059 803 1059
246 970 276 970 276 1004 246 1004
519 856 553 856 553 890 519 890
664 1117 698 1117 698 1151 664 1151
664 1320 700 1320 700 1354 664 1354
236 502 276 502 276 536 236 536
24 335 65 335 65 369 24 369
656 915 698 915 698 949 656 949
518 1166 561 1166 561 1200 518 1200
259 1117 266 1117 266 1151 259 1151
317 960 339 960 339 994 317 994
168 411 198 411 198 445 168 445
518 1307 554 1307 554 1341 518 1341
514 1201 566 1201 566 1235 514 1235
449 310 472 310 472 345 449 345
648 561 679 561 679 596 648 596
319 1019 350 1019 350 1054 319 1054
308 472 340 472 340 507 308 507
309 375 343 375 343 410 309 410
243 1161 285 1161 285 1196 243 1196
241 1004 290 1004 290 1039 241 1039
44 943 61 943 61 978 44 978
240 420 275 420 275 455 240 455
238 1039 275 1039 275 1074 238 1074
36 1340 73 1340 73 1375 36 1375
782 393 821 393 821 428 782 428
595 1313 617 1313 617 1349 595 1349
731 1362 756 1362 756 1398 731 1398
114 1041 144 1041 144 1077 114 1077
447 817 481 817 481 853 447 853
174 850 208 850 208 886 174 886
174 1182 208 1182 208 1218 174 1218
663 1286 699 1286 699 1322 663 1322
648 456 685 456 685 492 648 492
305 348 343 348 343 384 305 384
377 790 416 790 416 826 377 826
588 592 629 592 629 628 588 628
585 1354 628 1354 628 1390 585 1390
110 1368 156 1368 156 1404 110 1404
230 386 281 386 281 422 230 422
796 857 811 857 811 893 796 893
186 672 201 672 201 708 186 708
43 570 62 570 62 606 43 606
593 484 613 484 613 520 593 520
793 1123 827 1123 827 1159 793 1159
374 218 409 218 409 254 374 254
789 1061 824 1061 824 1097 789 1097
717 583 753 583 753 619 717 619
376 712 413 712 413 748 376 748
37 1237 74 1237 74 1273 37 1273
725 1261 763 1261 763 1297 725 1297
448 884 486 884 486 920 448 920
176 373 198 373 198 409 176 409
514 422 543 422 543 458 514 458
31 474 65 474 65 510 31 510
385 1367 421 1367 421 1403 385 1403
669 996 690 996 690 1033 669 1033
724 1020 753 1020 753 1057 724 1057
590 948 630 948 630 985 590 985
584 1225 626 1225 626 1262 584 1262
657 733 680 733 680 770 657 770
783 609 823 609 823 646 783 646
789 991 821 991 821 1029 789 1029
312 885 346 885 346 923 312 923
442 652 481 652 481 690 442 690
580 345 622 345 622 383 580 383
590 625 632 625 632 663 590 663
172 785 214 785 214 823 172 823
451 776 474 776 474 814 451 814
247 1078 279 1078 279 1116 247 1116
383 1103 416 1103 416 1141 383 1141
177 1150 210 1150 210 1188 177 1188
722 674 749 674 749 712 722 712
27 412 61 412 61 450 27 450
658 1362 706 1362 706 1400 658 1400
400 478 415 478 415 517 400 517
454 740 477 740 477 779 454 779
108 620 135 620 135 659 108 659
32 908 65 908 65 947 32 947
518 788 559 788 559 827 518 827
452 1102 493 1102 493 1141 452 1141
516 1234 557 1234 557 1273 516 1273
585 854 631 854 631 893 585 893
455 1136 485 1136 485 1175 455 1175
312 710 349 710 349 749 312 749
101 749 142 749 142 788 101 788
515 1126 562 1126 562 1165 515 1165
245 1293 268 1293 268 1333 245 1333
584 548 624 548 624 588 584 588
442 343 483 343 483 383 442 383
660 1152 702 1152 702 1192 660 1192
382 1268 426 1268 426 1308 382 1308
514 618 559 618 559 658 514 658
520 379 541 379 541 419 520 419
381 825 419 825 419 865 381 865
657 803 698 803 698 843 657 843
713 475 757 475 757 515 713 515
448 921 495 921 495 961 448 961
39 508 55 508 55 548 39 548
176 904 195 904 195 944 176 944
789 951 819 951 819 992 789 992
102 812 146 812 146 853 102 853
387 1168 406 1168 406 1209 387 1209
518 340 542 340 542 381 518 381
596 1182 621 1182 621 1223 596 1223
38 663 70 663 70 704 38 704
35 740 73 740 73 781 35 781
28 806 72 806 72 847 28 847
512 663 559 663 559 704 512 704
518 933 551 933 551 975 518 975
177 1066 213 1066 213 1108 177 1108
660 1207 702 1207 702 1249 660 1249
372 545 416 545 416 587 372 587
33 1102 77 1102 77 1144 33 1144
577 303 624 303 624 345 577 345
250 649 265 649 265 691 250 691
249 851 267 851 267 893 249 893
806 778 832 778 832 820 806 820
110 924 139 924 139 966 110 966
312 924 354 924 354 966 312 966
587 1257 631 1257 631 1299 587 1299
463 1172 471 1172 471 1215 463 1215
787 691 828 691 828 734 787 734
379 1304 422 1304 422 1347 379 1347
592 1141 635 1141 635 1184 592 1184
374 331 410 331 410 375 374 375
39 1059 60 1059 60 1103 39 1103
715 511 755 511 755 555 715 555
103 341 130 341 130 385 103 385
231 342 276 342 276 386 231 386
301 530 350 530 350 574 301 574
309 405 343 405 343 450 309 450
781 653 825 653 825 698 781 698
586 1075 629 1075 629 1120 586 1120
653 848 697 848 697 893 653 893
445 953 492 953 492 998 445 998
728 946 747 946 747 991 728 991
588 806 632 806 632 852 588 852
520 1084 566 1084 566 1130 520 1130
644 486 691 486 691 532 644 532
243 892 273 892 273 938 243 938
235 455 275 455 275 502 235 502
245 1193 286 1193 286 1240 245 1240
660 1238 702 1238 702 1285 660 1285
516 743 564 743 564 790 516 790
110 569 130 569 130 616 110 616
785 734 820 734 820 781 785 781
374 373 411 373 411 420 374 420
173 709 205 709 205 756 173 756
582 382 622 382 622 430 582 430
172 1025 216 1025 216 1073 172 1073
794 1275 830 1275 830 1324 794 1324
176 1357 213 1357 213 1406 176 1406
513 700 566 700 566 749 513 749
651 405 670 405 670 454 651 454
445 577 483 577 483 627 445 627
586 755 628 755 628 805 586 805
101 432 132 432 132 482 101 482
26 362 61 362 61 412 26 412
779 502 828 502 828 552 779 552
516 455 556 455 556 506 516 506
440 525 489 525 489 577 440 577
375 941 415 941 415 993 375 993
723 1207 765 1207 765 1259 723 1259
111 1263 136 1263 136 1316 111 1316
529 969 563 969 563 1022 529 1022
780 339 820 339 820 394 780 394
374 589 413 589 413 650 374 650
