705 1185 718 1185 718 1191 705 1191
224 923 236 923 236 930 224 930
196 1307 215 1307 215 1318 196 1318
613 775 640 775 640 786 613 786
221 964 239 964 239 975 221 975
492 684 511 684 511 695 492 695
693 1256 700 1256 700 1268 693 1268
533 1049 540 1049 540 1061 533 1061
528 980 544 980 544 993 528 993
336 678 364 678 364 691 336 691
822 1107 846 1107 846 1121 822 1121
467 791 479 791 479 805 467 805
271 1043 288 1043 288 1058 271 1058
265 831 291 831 291 846 265 846
468 773 481 773 481 788 468 788
685 866 702 866 702 881 685 881
504 630 522 630 522 645 504 645
129 467 157 467 157 482 129 482
547 735 564 735 564 750 547 750
897 1257 913 1257 913 1273 897 1273
747 742 773 742 773 758 747 758
546 1304 563 1304 563 1320 546 1320
823 737 840 737 840 754 823 754
687 518 704 518 704 535 687 535
897 969 914 969 914 986 897 986
610 908 636 908 636 925 610 925
743 514 785 514 785 531 743 531
753 1290 770 1290 770 1307 753 1307
891 715 908 715 908 732 891 732
467 706 477 706 477 724 467 724
563 1051 576 1051 576 1069 563 1069
267 1384 295 1384 295 1402 267 1402
325 997 362 997 362 1015 325 1015
479 541 488 541 488 559 479 559
892 441 909 441 909 459 892 459
260 811 296 811 296 829 260 829
892 803 902 803 902 822 892 822
340 1162 353 1162 353 1181 340 1181
548 679 563 679 563 698 548 698
615 497 637 497 637 516 615 516
888 1385 916 1385 916 1404 888 1404
127 890 162 890 162 909 127 909
898 1366 911 1366 911 1385 898 1385
685 980 700 980 700 999 685 999
885 462 911 462 911 481 885 481
740 1067 785 1067 785 1086 740 1086
546 876 561 876 561 896 546 896
463 724 481 724 481 744 463 744
883 1070 913 1070 913 1090 883 1090
894 1313 921 1313 921 1333 894 1333
260 1363 293 1363 293 1383 260 1383
495 731 506 731 506 751 495 751
469 625 478 625 478 646 469 646
550 453 565 453 565 474 550 474
271 986 286 986 286 1007 271 1007
622 542 640 542 640 563 622 563
554 982 579 982 579 1003 554 1003
817 1238 845 1238 845 1259 817 1259
825 457 840 457 840 478 825 478
751 342 769 342 769 363 751 363
825 937 846 937 846 958 825 958
282 1341 306 1341 306 1362 282 1362
540 919 566 919 566 940 540 940
541 477 569 477 569 498 541 498
491 703 519 703 519 724 491 724
610 364 640 364 640 385 610 385
890 856 908 856 908 878 890 878
345 802 367 802 367 824 345 824
472 365 499 365 499 387 472 387
489 608 518 608 518 630 489 630
133 834 149 834 149 856 133 856
498 779 515 779 515 801 498 801
465 491 500 491 500 513 465 513
879 1090 918 1090 918 1112 879 1112
810 818 855 818 855 840 810 840
620 1084 632 1084 632 1106 620 1106
619 884 635 884 635 906 619 906
756 1345 773 1345 773 1367 756 1367
201 1056 219 1056 219 1078 201 1078
132 485 154 485 154 507 132 507
463 602 485 602 485 624 463 624
679 1300 702 1300 702 1322 679 1322
264 690 290 690 290 712 264 712
895 1014 908 1014 908 1037 895 1037
135 1233 149 1233 149 1256 135 1256
265 1118 284 1118 284 1141 265 1141
526 1021 548 1021 548 1044 526 1044
192 414 228 414 228 437 192 437
532 1353 569 1353 569 1376 532 1376
328 860 368 860 368 883 328 883
687 460 701 460 701 483 687 483
478 339 495 339 495 362 478 362
544 851 562 851 562 874 544 874
755 955 774 955 774 978 755 978
889 989 910 989 910 1012 889 1012
468 1071 494 1071 494 1094 468 1094
262 1063 288 1063 288 1086 262 1086
816 1337 842 1337 842 1360 816 1360
757 1043 771 1043 771 1067 757 1067
408 586 424 586 424 610 408 610
524 993 547 993 547 1017 524 1017
677 656 705 656 705 680 677 680
535 1324 571 1324 571 1348 535 1348
682 804 699 804 699 828 682 828
822 879 839 879 839 903 822 903
682 883 704 883 704 907 682 907
482 424 510 424 510 448 482 448
396 493 424 493 424 517 396 517
191 1189 222 1189 222 1213 191 1213
273 1285 287 1285 287 1309 273 1309
204 441 222 441 222 465 204 465
267 669 290 669 290 693 267 693
335 400 359 400 359 424 335 424
331 429 359 429 359 453 331 453
831 342 864 342 864 366 831 366
142 1094 150 1094 150 1119 142 1119
134 951 150 951 150 976 134 976
545 893 562 893 562 918 545 918
686 337 705 337 705 362 686 362
473 1249 494 1249 494 1275 473 1275
613 707 641 707 641 733 613 733
264 782 292 782 292 808 264 808
883 826 920 826 920 852 883 852
530 941 575 941 575 967 530 967
344 648 356 648 356 674 344 674
208 671 221 671 221 697 208 697
755 1230 770 1230 770 1256 755 1256
752 831 768 831 768 857 752 857
823 756 843 756 843 782 823 782
132 1123 152 1123 152 1149 132 1149
402 559 428 559 428 585 402 585
899 913 927 913 927 939 899 939
673 1229 706 1229 706 1255 673 1255
872 482 917 482 917 508 872 508
749 403 768 403 768 429 749 429
818 1209 846 1209 846 1235 818 1235
329 1097 359 1097 359 1123 329 1123
540 618 576 618 576 644 540 644
814 428 851 428 851 454 814 454
126 1209 165 1209 165 1235 126 1235
478 510 489 510 489 537 478 537
548 1376 561 1376 561 1403 548 1403
824 676 838 676 838 703 824 703
808 647 841 647 841 674 808 674
136 372 151 372 151 399 136 399
616 565 632 565 632 592 616 592
825 1078 842 1078 842 1105 825 1105
465 646 482 646 482 673 465 673
885 878 912 878 912 905 885 905
260 1251 294 1251 294 1278 260 1278
609 820 644 820 644 847 609 847
535 789 571 789 571 816 535 816
743 1313 782 1313 782 1340 743 1340
405 433 425 433 425 461 405 461
269 639 290 639 290 667 269 667
680 603 702 603 702 631 680 631
467 560 499 560 499 588 467 588
673 1270 709 1270 709 1298 673 1298
533 1128 570 1128 570 1156 533 1156
608 516 649 516 649 544 608 544
281 449 285 449 285 477 281 477
409 463 419 463 419 491 409 491
269 1190 283 1190 283 1218 269 1218
462 745 484 745 484 773 462 773
491 752 513 752 513 780 491 780
266 1309 292 1309 292 1337 266 1337
886 685 916 685 916 713 886 713
815 1308 849 1308 849 1336 815 1336
271 422 287 422 287 450 271 450
134 432 153 432 153 460 134 460
492 650 511 650 511 678 492 678
676 363 711 363 711 391 676 391
884 774 919 774 919 802 884 802
812 394 856 394 856 422 812 422
686 630 699 630 699 659 686 659
271 847 284 847 284 876 271 876
894 1199 910 1199 910 1228 894 1228
884 1337 922 1337 922 1366 884 1366
752 1085 773 1085 773 1114 752 1114
125 1179 160 1179 160 1208 125 1208
676 1365 713 1365 713 1394 676 1394
886 408 924 408 924 437 886 437
195 847 234 847 234 876 195 876
534 499 575 499 575 528 534 528
254 713 296 713 296 742 254 742
475 905 490 905 490 935 475 935
129 1150 158 1150 158 1180 129 1180
128 400 159 400 159 430 128 430
816 479 847 479 847 509 816 509
677 999 708 999 708 1029 677 1029
814 901 847 901 847 931 814 931
328 883 363 883 363 913 328 913
538 579 574 579 574 609 538 609
466 972 503 972 503 1002 466 1002
535 1276 575 1276 575 1306 535 1306
123 544 165 544 165 574 123 574
257 1087 300 1087 300 1117 257 1117
885 657 917 657 917 687 885 687
884 347 918 347 918 377 884 377
195 815 229 815 229 845 195 845
192 466 227 466 227 496 192 496
676 572 711 572 711 602 676 602
341 496 359 496 359 526 341 526
749 708 773 708 773 738 749 738
198 612 228 612 228 642 198 642
886 376 921 376 921 406 886 406
603 927 641 927 641 957 603 957
886 627 912 627 912 658 886 658
813 703 844 703 844 734 813 734
747 1016 782 1016 782 1047 747 1047
465 1138 500 1138 500 1169 465 1169
671 681 708 681 708 712 671 712
607 992 646 992 646 1023 607 1023
459 676 488 676 488 707 459 707
608 958 644 958 644 989 608 989
612 1023 640 1023 640 1055 612 1055
330 695 365 695 365 727 330 727
606 788 642 788 642 820 606 820
746 537 783 537 783 569 746 569
459 999 509 999 509 1031 459 1031
342 913 358 913 358 945 342 945
891 1037 908 1037 908 1069 891 1069
821 364 840 364 840 396 821 396
470 1367 500 1367 500 1399 470 1399
818 1369 850 1369 850 1401 818 1401
676 482 709 482 709 514 676 514
128 574 162 574 162 606 128 606
611 675 646 675 646 707 611 707
194 973 229 973 229 1005 194 1005
745 1256 780 1256 780 1288 745 1288
669 435 713 435 713 467 669 467
890 739 912 739 912 771 890 771
263 1007 291 1007 291 1039 263 1039
610 333 643 333 643 365 610 365
672 1323 711 1323 711 1355 672 1355
394 339 435 339 435 371 394 371
265 1218 291 1218 291 1251 265 1251
539 1239 565 1239 565 1272 539 1272
400 526 432 526 432 559 400 559
263 875 297 875 297 908 263 908
332 564 366 564 366 597 332 597
884 941 921 941 921 974 884 974
684 539 700 539 700 572 684 572
130 641 152 641 152 674 130 674
467 1033 493 1033 493 1066 467 1066
886 1222 921 1222 921 1255 886 1255
883 598 919 598 919 631 883 631
885 563 924 563 924 596 885 596
188 1152 231 1152 231 1185 188 1185
537 645 572 645 572 678 537 678
260 563 298 563 298 596 260 596
545 755 562 755 562 789 545 789
125 1304 158 1304 158 1338 125 1338
332 1125 367 1125 367 1159 332 1159
342 824 357 824 357 858 342 858
749 430 774 430 774 464 749 464
543 816 568 816 568 850 543 850
743 1207 780 1207 780 1241 743 1241
131 507 155 507 155 542 131 542
335 1183 363 1183 363 1218 335 1218
744 801 776 801 776 836 744 836
674 943 711 943 711 978 674 978
124 606 161 606 161 641 124 641
190 934 234 934 234 969 190 969
343 726 359 726 359 761 343 761
750 572 770 572 770 607 750 607
673 1194 711 1194 711 1229 673 1229
811 1173 849 1173 849 1208 811 1208
337 1015 360 1015 360 1050 337 1050
539 698 569 698 569 733 539 733
610 424 642 424 642 459 610 459
817 959 849 959 849 994 817 994
748 978 781 978 781 1013 748 1013
124 982 157 982 157 1017 124 1017
749 1367 782 1367 782 1402 749 1402
125 758 160 758 160 793 125 793
126 915 161 915 161 950 126 950
550 1009 580 1009 580 1045 550 1045
815 783 846 783 846 819 815 819
194 643 225 643 225 679 194 679
742 674 775 674 775 710 742 710
194 378 228 378 228 414 194 414
125 854 159 854 159 890 125 890
883 1277 919 1277 919 1313 883 1313
262 476 299 476 299 512 262 512
535 1199 574 1199 574 1235 535 1235
333 359 361 359 361 395 333 395
675 828 705 828 705 864 675 864
262 345 295 345 295 381 262 381
539 419 573 419 573 455 539 455
537 349 574 349 574 385 537 385
128 337 167 337 167 373 128 373
268 602 288 602 288 639 268 639
196 1081 221 1081 221 1118 196 1118
267 383 295 383 295 420 267 420
128 1057 158 1057 158 1094 128 1094
258 908 295 908 295 945 258 945
190 496 228 496 228 533 190 533
823 841 837 841 837 878 823 878
132 794 159 794 159 831 132 831
469 387 502 387 502 424 469 424
604 847 644 847 644 884 604 884
125 1018 166 1018 166 1055 125 1055
610 386 643 386 643 423 610 423
482 1275 490 1275 490 1313 482 1313
344 526 353 526 353 564 344 564
333 1220 365 1220 365 1258 333 1258
671 908 705 908 705 946 671 946
812 997 854 997 854 1035 812 1035
617 1107 641 1107 641 1145 617 1145
130 717 163 717 163 755 130 755
463 935 498 935 498 973 463 973
464 1098 500 1098 500 1136 464 1136
810 566 853 566 853 604 810 604
201 339 220 339 220 378 201 378
616 636 636 636 636 675 616 675
260 945 295 945 295 984 260 984
885 1161 920 1161 920 1200 885 1200
259 743 299 743 299 782 259 782
186 1360 229 1360 229 1399 186 1399
263 1142 295 1142 295 1181 263 1181
197 528 230 528 230 567 197 567
745 364 779 364 779 403 745 403
607 458 644 458 644 497 607 497
675 1042 705 1042 705 1081 675 1081
464 451 501 451 501 490 464 490
810 605 854 605 854 644 810 644
197 771 227 771 227 811 197 811
331 1258 364 1258 364 1298 331 1298
676 1087 709 1087 709 1127 676 1127
195 872 234 872 234 912 195 912
881 302 922 302 922 342 881 342
331 455 364 455 364 495 331 495
191 1009 229 1009 229 1049 191 1049
537 300 577 300 577 340 537 340
548 382 558 382 558 423 548 423
128 676 156 676 156 717 128 717
189 1321 223 1321 223 1362 189 1362
675 394 711 394 711 435 675 435
331 761 371 761 371 802 331 802
259 298 299 298 299 339 259 339
189 1262 232 1262 232 1303 189 1303
195 570 231 570 231 612 195 612
461 1169 506 1169 506 1211 461 1211
631 1046 640 1046 640 1088 631 1088
340 1055 357 1055 357 1097 340 1097
755 1114 772 1114 772 1157 755 1157
537 1156 569 1156 569 1199 537 1199
739 915 778 915 778 958 739 958
673 715 714 715 714 758 673 758
131 1257 161 1257 161 1300 131 1300
609 592 641 592 641 635 609 635
607 732 641 732 641 775 607 775
675 1131 714 1131 714 1174 675 1174
544 528 566 528 566 572 544 572
188 1216 220 1216 220 1260 188 1260
190 1122 233 1122 233 1166 190 1166
821 1033 836 1033 836 1078 821 1078
743 468 781 468 781 513 743 513
744 756 783 756 783 801 744 801
671 758 714 758 714 803 671 803
815 1125 848 1125 848 1170 815 1170
820 1259 843 1259 843 1305 820 1305
884 1113 916 1113 916 1161 884 1161
466 1319 503 1319 503 1367 466 1367
464 855 503 855 503 903 464 903
323 596 369 596 369 644 323 644
211 698 222 698 222 747 211 747
331 946 362 946 362 997 331 997
748 1156 781 1156 781 1208 748 1208
746 856 776 856 776 909 746 909
535 1072 568 1072 568 1125 535 1125
814 509 845 509 845 565 814 565
882 509 915 509 915 565 882 565
397 375 434 375 434 431 397 431
121 1338 161 1338 161 1396 121 1396
262 503 294 503 294 566 262 566
745 604 780 604 780 668 745 668
