599 1114 612 1114 612 1123 599 1123
380 474 388 474 388 487 380 487
233 1199 259 1199 259 1213 233 1213
570 1331 602 1331 602 1345 570 1345
641 917 667 917 667 932 641 932
505 961 531 961 531 976 505 976
573 993 600 993 600 1008 573 1008
842 1244 871 1244 871 1260 842 1260
574 558 606 558 606 574 574 574
301 1327 320 1327 320 1344 301 1344
709 1206 737 1206 737 1223 709 1223
229 424 255 424 255 441 229 441
311 774 319 774 319 791 311 791
236 402 251 402 251 420 236 420
781 1015 798 1015 798 1033 781 1033
303 971 322 971 322 989 303 989
717 554 737 554 737 572 717 572
563 1351 614 1351 614 1369 563 1369
640 1062 665 1062 665 1080 640 1080
366 404 394 404 394 422 366 422
505 738 533 738 533 756 505 756
302 1283 315 1283 315 1302 302 1302
639 867 668 867 668 886 639 886
299 1030 329 1030 329 1049 299 1049
648 1357 667 1357 667 1376 648 1376
304 673 324 673 324 692 304 692
174 428 182 428 182 447 174 447
516 1018 525 1018 525 1037 516 1037
372 783 387 783 387 802 372 802
237 618 255 618 255 637 237 637
848 933 867 933 867 952 848 952
709 377 742 377 742 396 709 396
301 346 318 346 318 366 301 366
651 703 670 703 670 723 651 723
234 921 254 921 254 941 234 941
89 780 118 780 118 800 89 800
578 861 597 861 597 881 578 881
370 656 389 656 389 676 370 676
586 534 595 534 595 554 586 554
306 754 320 754 320 774 306 774
582 513 596 513 596 533 582 533
99 1155 118 1155 118 1175 99 1175
230 315 249 315 249 335 230 335
712 925 732 925 732 945 712 945
363 800 393 800 393 820 363 820
509 1085 525 1085 525 1106 509 1106
645 1243 662 1243 662 1264 645 1264
169 836 188 836 188 857 169 857
371 1013 392 1013 392 1034 371 1034
159 444 187 444 187 465 159 465
373 452 404 452 404 473 373 473
787 1128 802 1128 802 1149 787 1149
713 778 733 778 733 799 713 799
572 668 598 668 598 689 572 689
511 510 526 510 526 532 511 532
303 1148 320 1148 320 1170 303 1170
784 719 802 719 802 741 784 741
645 1104 666 1104 666 1126 645 1126
714 666 736 666 736 688 714 688
506 793 529 793 529 815 506 815
91 1332 118 1332 118 1354 91 1354
707 1125 737 1125 737 1147 707 1147
90 991 132 991 132 1013 90 1013
237 559 251 559 251 581 237 581
100 518 118 518 118 540 100 540
95 1311 116 1311 116 1333 95 1333
219 1033 256 1033 256 1055 219 1055
500 585 539 585 539 607 500 607
239 863 252 863 252 885 239 885
647 1009 662 1009 662 1031 647 1031
848 1188 863 1188 863 1210 848 1210
852 352 869 352 869 374 852 374
713 1011 732 1011 732 1033 713 1033
787 409 807 409 807 431 787 431
434 578 454 578 454 600 434 600
575 1305 595 1305 595 1327 575 1327
646 846 667 846 667 868 646 868
93 541 120 541 120 563 93 563
429 1076 466 1076 466 1098 429 1098
516 644 527 644 527 667 516 667
577 1359 596 1359 596 1382 577 1382
231 704 256 704 256 727 231 727
773 896 807 896 807 919 773 919
159 863 196 863 196 886 159 886
715 641 737 641 737 664 715 664
781 553 805 553 805 576 781 576
787 350 805 350 805 374 787 374
371 1144 390 1144 390 1168 371 1168
781 652 803 652 803 676 781 676
777 739 805 739 805 763 777 763
293 1302 322 1302 322 1326 293 1326
372 758 403 758 403 782 372 782
841 324 874 324 874 348 841 348
775 1100 808 1100 808 1124 775 1124
709 839 742 839 742 863 709 863
774 455 811 455 811 479 774 479
771 763 812 763 812 787 771 787
648 641 665 641 665 665 648 665
236 731 253 731 253 755 236 755
224 1009 254 1009 254 1033 224 1033
720 984 733 984 733 1009 720 1009
306 613 320 613 320 638 306 638
363 1283 393 1283 393 1308 363 1308
703 1147 741 1147 741 1172 703 1172
775 322 814 322 814 347 775 347
305 913 320 913 320 938 305 938
233 1095 250 1095 250 1120 233 1120
167 921 185 921 185 946 167 946
438 1044 460 1044 460 1069 438 1069
364 356 399 356 399 381 364 381
167 402 184 402 184 428 167 428
167 994 184 994 184 1020 167 1020
441 451 459 451 459 477 441 477
852 1022 870 1022 870 1048 852 1048
843 1048 874 1048 874 1074 843 1074
568 690 606 690 606 716 568 716
722 396 735 396 735 422 722 422
783 1074 796 1074 796 1100 783 1100
510 711 527 711 527 737 510 737
303 698 333 698 333 724 303 724
89 609 123 609 123 635 89 635
837 1074 880 1074 880 1100 837 1100
308 481 322 481 322 507 308 507
845 995 869 995 869 1021 845 1021
432 666 464 666 464 692 432 692
645 1185 677 1185 677 1211 645 1211
639 1162 673 1162 673 1188 639 1188
573 487 612 487 612 513 573 513
777 623 806 623 806 650 777 650
503 386 535 386 535 413 503 413
365 377 397 377 397 404 365 404
641 361 674 361 674 388 641 388
89 455 122 455 122 482 89 482
775 986 809 986 809 1013 775 1013
431 1139 465 1139 465 1166 431 1166
360 822 401 822 401 849 360 849
102 1094 119 1094 119 1121 102 1121
640 724 668 724 668 751 640 751
92 1252 125 1252 125 1279 92 1279
639 752 676 752 676 779 639 779
584 644 600 644 600 672 584 672
639 1267 663 1267 663 1295 639 1295
639 1032 666 1032 666 1060 639 1060
224 1326 265 1326 265 1354 224 1354
631 1080 674 1080 674 1108 631 1108
234 644 251 644 251 672 234 672
434 836 470 836 470 864 434 864
569 428 606 428 606 456 569 456
438 768 462 768 462 796 438 796
504 413 533 413 533 441 504 441
634 886 669 886 669 914 634 914
703 1278 740 1278 740 1306 703 1306
707 611 744 611 744 639 707 639
290 1348 331 1348 331 1376 290 1376
578 933 595 933 595 962 578 962
161 369 197 369 197 398 161 398
364 422 402 422 402 451 364 451
705 696 743 696 743 725 705 725
631 1330 670 1330 670 1359 631 1359
783 957 798 957 798 986 783 986
509 320 526 320 526 349 509 349
370 1345 394 1345 394 1374 370 1374
842 1213 868 1213 868 1242 842 1242
778 523 808 523 808 552 778 552
775 1150 806 1150 806 1179 775 1179
636 1213 670 1213 670 1242 636 1242
364 488 399 488 399 517 364 517
706 1034 742 1034 742 1063 706 1063
155 465 192 465 192 494 155 494
513 815 527 815 527 845 513 845
373 598 390 598 390 628 373 628
440 637 457 637 457 667 440 667
371 949 389 949 389 979 371 979
846 1300 866 1300 866 1330 846 1330
570 461 602 461 602 491 570 491
224 1120 257 1120 257 1150 224 1150
89 419 123 419 123 449 89 449
705 895 739 895 739 925 705 925
642 537 679 537 679 567 642 567
500 880 539 880 539 910 500 910
846 868 861 868 861 898 846 898
230 951 247 951 247 981 230 981
231 336 253 336 253 366 231 366
575 364 597 364 597 394 575 394
298 940 329 940 329 970 298 970
223 441 261 441 261 471 223 471
162 1020 192 1020 192 1050 162 1050
96 1279 126 1279 126 1309 96 1309
773 1043 807 1043 807 1073 773 1073
291 998 328 998 328 1028 291 1028
85 1182 128 1182 128 1212 85 1212
297 507 327 507 327 538 297 538
295 793 325 793 325 824 295 824
709 423 740 423 740 454 709 454
93 1121 124 1121 124 1152 93 1152
432 550 469 550 469 581 432 581
706 864 745 864 745 895 706 895
84 1354 125 1354 125 1385 84 1385
165 769 181 769 181 800 165 800
168 886 184 886 184 917 168 917
229 888 260 888 260 919 229 919
434 907 469 907 469 938 434 938
502 1290 537 1290 537 1321 502 1321
440 481 453 481 453 512 440 512
104 744 127 744 127 775 104 775
846 375 874 375 874 406 846 406
298 541 327 541 327 572 298 572
837 898 868 898 868 929 837 929
295 881 330 881 330 912 295 912
431 382 466 382 466 413 431 413
221 981 258 981 258 1012 221 1012
570 959 610 959 610 990 570 990
84 800 125 800 125 831 84 831
646 326 668 326 668 358 646 358
716 1093 742 1093 742 1125 716 1125
841 492 870 492 870 524 841 524
504 478 536 478 536 510 504 510
635 1293 668 1293 668 1325 635 1325
296 639 330 639 330 671 296 671
839 958 874 958 874 990 839 990
634 1130 670 1130 670 1162 634 1162
292 1170 328 1170 328 1202 292 1202
162 543 201 543 201 575 162 575
701 1346 740 1346 740 1378 701 1378
648 470 677 470 677 502 648 502
93 713 122 713 122 745 93 745
432 346 466 346 466 378 432 378
640 781 674 781 674 813 640 813
226 673 264 673 264 705 226 705
773 825 814 825 814 857 773 857
836 411 878 411 878 443 836 443
224 476 267 476 267 508 224 508
365 1168 397 1168 397 1201 365 1201
228 756 263 756 263 789 228 789
705 1173 742 1173 742 1206 705 1206
773 919 814 919 814 952 773 952
93 635 123 635 123 668 93 668
640 666 675 666 675 699 640 699
571 612 607 612 607 645 571 645
93 1060 133 1060 133 1093 93 1093
505 350 533 350 533 383 505 383
301 1080 331 1080 331 1113 301 1113
294 315 325 315 325 348 294 348
776 421 808 421 808 454 776 454
364 979 398 979 398 1012 364 1012
568 395 606 395 606 428 568 428
771 791 810 791 810 824 771 824
230 581 258 581 258 615 230 615
362 623 397 623 397 657 362 657
708 1064 743 1064 743 1098 708 1098
793 374 799 374 799 408 793 408
649 809 664 809 664 843 649 843
651 503 667 503 667 537 651 537
439 1009 459 1009 459 1043 439 1043
369 1074 395 1074 395 1108 369 1108
570 575 604 575 604 609 570 609
432 733 467 733 467 767 432 767
293 1114 329 1114 329 1148 293 1148
837 1264 876 1264 876 1298 837 1298
706 805 749 805 749 839 706 839
297 450 329 450 329 485 297 485
707 952 739 952 739 987 707 987
295 721 334 721 334 756 295 756
234 367 253 367 253 402 234 402
777 480 813 480 813 515 777 515
159 802 196 802 196 837 159 837
363 1309 406 1309 406 1344 363 1344
364 1044 408 1044 408 1079 364 1079
504 444 535 444 535 479 504 479
293 1205 330 1205 330 1240 293 1240
434 796 473 796 473 831 434 831
640 605 679 605 679 640 640 640
169 333 184 333 184 369 169 369
369 1107 390 1107 390 1143 369 1143
638 934 670 934 670 970 638 970
505 608 540 608 540 644 505 644
94 870 119 870 119 906 94 906
435 414 463 414 463 450 435 450
95 478 128 478 128 514 95 514
570 1073 607 1073 607 1109 570 1109
443 978 462 978 462 1015 443 1015
503 1202 530 1202 530 1239 503 1239
435 513 465 513 465 550 435 550
503 756 533 756 533 793 503 793
708 580 739 580 739 617 708 617
362 523 401 523 401 560 362 560
837 524 881 524 881 561 837 561
705 1309 736 1309 736 1346 705 1346
434 599 467 599 467 636 434 636
843 1151 876 1151 876 1188 843 1188
293 576 335 576 335 613 293 613
223 793 267 793 267 830 223 830
88 833 127 833 127 870 88 870
707 511 750 511 750 548 707 548
305 415 318 415 318 453 305 453
364 685 396 685 396 723 364 723
844 656 878 656 878 694 844 694
641 432 679 432 679 470 641 470
433 940 472 940 472 978 433 978
771 857 812 857 812 895 771 895
796 677 803 677 803 716 796 716
301 376 318 376 318 415 301 415
508 1157 531 1157 531 1196 508 1196
442 1166 462 1166 462 1205 442 1205
360 1205 402 1205 402 1244 360 1244
837 828 883 828 883 867 837 867
639 565 678 565 678 605 639 605
503 977 541 977 541 1017 503 1017
434 1098 469 1098 469 1139 434 1139
160 729 196 729 196 770 160 770
564 1260 602 1260 602 1301 564 1301
584 322 591 322 591 363 584 363
93 326 114 326 114 367 93 367
92 562 125 562 125 603 92 603
155 286 197 286 197 327 155 327
86 954 128 954 128 995 86 995
440 1243 458 1243 458 1284 440 1284
356 556 402 556 402 597 356 597
441 865 454 865 454 907 441 907
375 717 390 717 390 759 375 759
707 334 740 334 740 376 707 376
291 1238 328 1238 328 1280 291 1280
513 1042 522 1042 522 1084 513 1084
303 1048 319 1048 319 1090 303 1090
101 1213 121 1213 121 1255 101 1255
642 389 675 389 675 431 642 431
638 970 674 970 674 1012 638 1012
362 313 397 313 397 356 362 356
228 828 263 828 263 871 228 871
359 1245 396 1245 396 1288 359 1288
840 696 881 696 881 739 840 739
433 693 461 693 461 736 433 736
160 634 195 634 195 677 160 677
840 561 880 561 880 604 840 604
108 907 122 907 122 950 108 950
707 288 750 288 750 331 707 331
516 667 525 667 525 711 516 711
232 1055 247 1055 247 1099 232 1099
503 834 539 834 539 878 503 878
219 1218 261 1218 261 1262 219 1262
229 1152 262 1152 262 1196 229 1196
569 815 604 815 604 859 569 859
91 1016 134 1016 134 1060 91 1060
428 1201 474 1201 474 1245 428 1245
796 576 804 576 804 622 796 622
168 946 183 946 183 992 168 992
839 1104 881 1104 881 1150 839 1150
568 886 610 886 610 932 568 932
361 902 403 902 403 948 361 948
839 784 882 784 882 830 839 830
854 1330 861 1330 861 1377 854 1377
161 494 185 494 185 542 161 542
83 370 120 370 120 418 83 418
838 736 878 736 878 784 838 784
571 1024 606 1024 606 1072 571 1072
842 442 875 442 875 491 842 491
839 606 880 606 880 655 839 655
715 726 733 726 733 776 715 776
498 1239 535 1239 535 1290 498 1290
98 658 117 658 117 710 98 710
300 829 330 829 330 881 300 881
703 1226 738 1226 738 1278 703 1278
503 532 535 532 535 585 503 585
226 506 261 506 261 559 226 559
492 1107 538 1107 538 1160 492 1160
161 674 195 674 195 729 161 729
157 578 202 578 202 634 157 634
709 454 742 454 742 511 709 511
360 851 401 851 401 908 360 908
572 711 605 711 605 770 572 770
429 1279 475 1279 475 1349 429 1349
